#./double_munderdamped_3d --dev=1 --amp=250.0 --omega=1 --mass=0.1 --force=0 --Dg=0.01 --block=256 --paths=1024 --periods=1000 --trans=100 --samples=10000 --spp=10000 --algorithm=euler --pav=1 --mode=moments --domain=1d --domainx=s:-1:3:300:1 --domainy=s:-1:2:100:1 --domainz=a:-1:2.5:100:1 --q=2 --eps=0 --phi=1.57079632679 --lambda=5.0 --zeta=0.2 --comp=0 --mean=1.0 --second=0.1 --skew=0.99 --distribution=s>> 1D_double_s:-1:3:300:1_250.0_5.0_0.99_1.0_0.1.dat
#s <<v>> <<v^2>> qnu(q) mu_q Dx Gx Gv EBx EBv
1.000000e-01 3.965930e-08 4.277053e+00 -1.993645e-01 1.421907e-03 1.131518e-07 1.314950e+00 2.995501e+00 1.872736e-04 5.952747e+04
1.031177e-01 5.749494e-07 4.368147e+00 7.594574e-02 1.846319e-03 1.469254e-07 2.006979e+00 1.687802e+00 2.038314e-04 3.404610e+02
1.063327e-01 -1.993972e-07 4.463934e+00 -2.703167e-02 1.745490e-03 1.389017e-07 1.482077e+00 1.499376e+00 1.891505e-04 2.739227e+03
1.096478e-01 -6.214206e-07 4.562163e+00 2.035655e-01 2.184131e-03 1.738076e-07 2.509890e+00 9.683263e-01 2.062394e-04 3.339332e+02
1.130663e-01 -1.194863e-07 4.663761e+00 3.017955e-02 1.898706e-03 1.510942e-07 1.318388e+00 2.255073e+00 2.079856e-04 8.310137e+03
1.165914e-01 2.763096e-07 4.768697e+00 -6.098375e-02 1.776999e-03 1.414091e-07 1.608425e+00 1.866142e+00 2.041988e-04 1.378638e+03
1.202264e-01 -1.970005e-07 4.874857e+00 -3.914709e-02 1.890161e-03 1.504143e-07 1.752652e+00 1.419808e+00 1.992508e-04 3.113626e+03
1.239748e-01 2.864087e-07 4.987943e+00 3.448474e-02 2.056358e-03 1.636398e-07 1.148159e+00 1.004386e+00 2.137284e-04 1.561415e+03
1.278400e-01 -5.196851e-07 5.105708e+00 6.145071e-02 2.180276e-03 1.735008e-07 1.923085e+00 1.305445e+00 1.995431e-04 5.061806e+02
1.318257e-01 -4.246469e-07 5.227719e+00 -6.069851e-02 1.964782e-03 1.563523e-07 1.821463e+00 1.462102e+00 2.008231e-04 7.016706e+02
1.359356e-01 7.562210e-07 5.345596e+00 1.201573e-01 2.380232e-03 1.894129e-07 2.472212e+00 1.344364e+00 1.989216e-04 2.401565e+02
1.401737e-01 1.301258e-07 5.469371e+00 9.427741e-02 2.380257e-03 1.894149e-07 2.262622e+00 1.394384e+00 1.972049e-04 8.292356e+03
1.445440e-01 -5.486422e-07 5.598853e+00 -4.859811e-02 2.145424e-03 1.707274e-07 1.186308e+00 1.672190e+00 2.051270e-04 4.392042e+02
1.490505e-01 2.384678e-07 5.732675e+00 2.730670e-03 2.287674e-03 1.820473e-07 1.736335e+00 1.257243e+00 1.973587e-04 2.423992e+03
1.536975e-01 -5.052087e-07 5.875698e+00 -7.984141e-03 2.333576e-03 1.857001e-07 1.350255e+00 1.533989e+00 2.113896e-04 5.613654e+02
1.584893e-01 -7.251044e-08 6.015973e+00 -2.497718e-02 2.325771e-03 1.850790e-07 1.843002e+00 1.711968e+00 2.010512e-04 2.598124e+04
1.634306e-01 -6.183602e-07 6.156463e+00 -8.902432e-02 2.257989e-03 1.796850e-07 1.501258e+00 3.060738e+00 2.136173e-04 3.683996e+02
1.685259e-01 4.918230e-07 6.313353e+00 1.020603e-02 2.526595e-03 2.010601e-07 1.449433e+00 1.439140e+00 2.117710e-04 6.455968e+02
1.737801e-01 2.009326e-07 6.471185e+00 1.949270e-01 3.096737e-03 2.464305e-07 1.864276e+00 2.836132e+00 1.957446e-04 4.614665e+03
1.791981e-01 -1.034896e-07 6.627959e+00 -2.769997e-02 2.617647e-03 2.083057e-07 1.658497e+00 1.513504e+00 2.093892e-04 1.586925e+04
1.847850e-01 5.353790e-07 6.790204e+00 7.613983e-02 2.891379e-03 2.300887e-07 1.494942e+00 2.073565e+00 2.169477e-04 5.537129e+02
1.905461e-01 8.741966e-07 6.967576e+00 -2.881466e-02 2.715440e-03 2.160879e-07 1.528080e+00 1.170009e+00 1.975333e-04 2.256508e+02
1.964868e-01 -4.538640e-08 7.142165e+00 1.664464e-01 3.274254e-03 2.605568e-07 2.006117e+00 1.675682e+00 1.992445e-04 9.231226e+04
2.026127e-01 1.566771e-07 7.324025e+00 1.074331e-01 3.193617e-03 2.541400e-07 2.409649e+00 1.845221e+00 2.237152e-04 7.672888e+03
2.089296e-01 2.173273e-07 7.508706e+00 2.017948e-03 3.006923e-03 2.392833e-07 2.037666e+00 1.684885e+00 2.186323e-04 4.115648e+03
2.154435e-01 -5.167602e-07 7.699355e+00 -9.869709e-02 2.797699e-03 2.226338e-07 1.642394e+00 3.070778e+00 2.084391e-04 6.810480e+02
2.221604e-01 8.074612e-07 7.903374e+00 1.018475e-01 3.407693e-03 2.711756e-07 1.177342e+00 1.798111e+00 1.974232e-04 2.797898e+02
2.290868e-01 -1.510020e-07 8.108659e+00 1.515576e-01 3.757487e-03 2.990113e-07 1.452236e+00 2.087074e+00 2.237729e-04 1.010689e+04
2.362291e-01 -1.808582e-07 8.322615e+00 1.810586e-02 3.350177e-03 2.665986e-07 1.864293e+00 1.519388e+00 1.893596e-04 6.386655e+03
2.435940e-01 3.008142e-07 8.533668e+00 -4.788045e-02 3.242991e-03 2.580690e-07 2.185468e+00 1.656618e+00 2.111527e-04 2.230330e+03
2.511886e-01 -7.455533e-07 8.768383e+00 9.656007e-02 3.865712e-03 3.076236e-07 1.421237e+00 1.767032e+00 2.268777e-04 4.311036e+02
2.590200e-01 3.335530e-08 8.998845e+00 8.005686e-02 3.898303e-03 3.102171e-07 1.861107e+00 1.881293e+00 2.022207e-04 2.250201e+05
2.670956e-01 4.406797e-07 9.238489e+00 2.168863e-02 3.762563e-03 2.994153e-07 2.354157e+00 3.980442e+00 2.016606e-04 1.200862e+03
2.754229e-01 -1.973738e-07 9.484893e+00 2.735111e-02 3.863595e-03 3.074551e-07 2.108919e+00 2.213838e+00 1.980703e-04 5.615014e+03
2.840098e-01 7.351401e-07 9.741870e+00 3.487444e-02 3.990283e-03 3.175366e-07 2.853675e+00 1.928842e+00 2.009581e-04 4.120465e+02
2.928645e-01 5.855093e-07 1.000312e+01 1.208796e-01 4.483063e-03 3.567508e-07 1.510697e+00 1.340486e+00 1.942230e-04 8.101136e+02
3.019952e-01 5.462323e-07 1.026903e+01 5.523148e-02 4.396806e-03 3.498867e-07 1.941330e+00 1.871193e+00 2.030343e-04 9.709460e+02
3.114106e-01 3.145283e-07 1.054355e+01 1.650695e-01 4.948031e-03 3.937518e-07 1.517578e+00 1.334478e+00 1.985764e-04 3.166339e+03
3.211195e-01 -3.461485e-07 1.084173e+01 -2.197868e-02 4.270572e-03 3.398413e-07 1.120738e+00 1.653931e+00 1.973161e-04 2.386521e+03
3.311311e-01 -4.041951e-07 1.113191e+01 7.037873e-04 4.423614e-03 3.520200e-07 1.445383e+00 1.269065e+00 2.048414e-04 1.710164e+03
3.414549e-01 1.060327e-06 1.143915e+01 1.932151e-01 5.394841e-03 4.293078e-07 2.953758e+00 1.916290e+00 1.970070e-04 2.804186e+02
3.521005e-01 -4.887986e-07 1.175642e+01 -4.763648e-02 4.559611e-03 3.628423e-07 1.472511e+00 2.799344e+00 2.150078e-04 1.305918e+03
3.630781e-01 5.382191e-07 1.207582e+01 1.165260e-01 5.273195e-03 4.196275e-07 2.534644e+00 1.574665e+00 2.372803e-04 9.329935e+02
3.743978e-01 6.920911e-07 1.240946e+01 1.293172e-01 5.574539e-03 4.436077e-07 3.701492e+00 2.685946e+00 1.988208e-04 6.772166e+02
3.860705e-01 1.549439e-07 1.276330e+01 9.599938e-02 5.619709e-03 4.472022e-07 1.573579e+00 1.658425e+00 1.878977e-04 1.381397e+04
3.981072e-01 -4.322137e-07 1.311411e+01 -1.648298e-01 4.592013e-03 3.654208e-07 1.508097e+00 1.907124e+00 2.170518e-04 1.762094e+03
4.105191e-01 1.028258e-06 1.348116e+01 3.451508e-02 5.584927e-03 4.444344e-07 2.424292e+00 2.444784e+00 2.032446e-04 3.221724e+02
4.233179e-01 -1.749956e-07 1.385720e+01 -2.723156e-02 5.428322e-03 4.319722e-07 1.508353e+00 2.051113e+00 2.232367e-04 1.083305e+04
4.365158e-01 7.561160e-08 1.425299e+01 -8.676921e-02 5.299632e-03 4.217313e-07 2.359024e+00 3.220411e+00 2.291091e-04 5.753507e+04
4.501252e-01 -3.214242e-07 1.465312e+01 1.546950e-01 6.817841e-03 5.425466e-07 2.113946e+00 1.630143e+00 2.213347e-04 3.928262e+03
4.641589e-01 -9.481593e-07 1.507766e+01 -2.187351e-02 5.892331e-03 4.688968e-07 1.721101e+00 1.760695e+00 2.179054e-04 3.673122e+02
4.786301e-01 5.552106e-07 1.550696e+01 1.294196e-02 6.211425e-03 4.942894e-07 1.532088e+00 1.817443e+00 1.939594e-04 1.193733e+03
4.935525e-01 2.770092e-07 1.595461e+01 6.404364e-02 6.696907e-03 5.329229e-07 1.941893e+00 1.513874e+00 2.195864e-04 5.297680e+03
5.089401e-01 -1.849359e-07 1.639937e+01 -5.415275e-02 6.351118e-03 5.054059e-07 1.183762e+00 1.498019e+00 2.091399e-04 1.274811e+04
5.248075e-01 -6.516265e-08 1.686217e+01 5.127588e-02 7.165773e-03 5.702341e-07 1.737777e+00 1.334057e+00 2.089076e-04 1.072718e+05
5.411695e-01 6.034942e-07 1.736394e+01 -5.171412e-03 6.959400e-03 5.538115e-07 1.722774e+00 1.578091e+00 2.080258e-04 1.230111e+03
5.580417e-01 -1.616667e-07 1.784894e+01 -3.213816e-02 6.830802e-03 5.435779e-07 1.609852e+00 1.349239e+00 2.045318e-04 1.495519e+04
5.754399e-01 1.315706e-07 1.837145e+01 -2.870114e-02 7.170329e-03 5.705966e-07 1.159998e+00 1.775646e+00 1.989922e-04 2.432039e+04
5.933806e-01 8.033018e-08 1.888907e+01 9.589986e-02 8.361096e-03 6.653549e-07 2.502300e+00 2.139157e+00 2.179430e-04 7.524570e+04
6.118806e-01 -3.553751e-07 1.945220e+01 2.754075e-02 7.954381e-03 6.329895e-07 1.426392e+00 1.283643e+00 2.223698e-04 3.919769e+03
6.309573e-01 4.165555e-07 2.001838e+01 -9.829510e-02 7.359784e-03 5.856730e-07 1.833916e+00 2.838975e+00 2.033349e-04 2.777451e+03
6.506289e-01 3.759124e-07 2.057515e+01 1.610461e-01 9.544067e-03 7.594927e-07 1.716151e+00 2.475339e+00 1.912458e-04 3.833560e+03
6.709137e-01 1.132154e-06 2.119428e+01 -6.940652e-02 7.894197e-03 6.282002e-07 1.522773e+00 1.402348e+00 2.183376e-04 3.586003e+02
6.918310e-01 -6.036750e-07 2.180421e+01 -1.224798e-02 8.670137e-03 6.899476e-07 1.323161e+00 2.869726e+00 2.144605e-04 1.500253e+03
7.134004e-01 -2.382726e-07 2.243702e+01 4.994059e-02 9.601894e-03 7.640945e-07 2.734455e+00 1.428462e+00 2.022280e-04 1.080452e+04
7.356423e-01 2.043746e-07 2.310163e+01 8.564720e-02 1.014948e-02 8.076698e-07 2.250036e+00 1.604251e+00 1.844112e-04 1.555727e+04
7.585776e-01 3.033308e-07 2.377830e+01 7.613902e-02 1.031206e-02 8.206075e-07 3.289188e+00 1.690554e+00 2.172283e-04 6.679879e+03
7.822280e-01 -4.860610e-07 2.448868e+01 -6.082511e-02 9.347067e-03 7.438159e-07 1.628494e+00 1.519239e+00 1.993698e-04 2.427634e+03
8.066157e-01 -1.154050e-06 2.521664e+01 7.423755e-02 1.085849e-02 8.640912e-07 2.155367e+00 1.258587e+00 2.008767e-04 4.819393e+02
8.317638e-01 -7.085445e-09 2.597010e+01 -1.362659e-01 9.160196e-03 7.289452e-07 2.006673e+00 2.688270e+00 2.177972e-04 1.276656e+07
8.576959e-01 -2.158700e-07 2.672479e+01 -7.669267e-02 9.983600e-03 7.944696e-07 1.596015e+00 1.153928e+00 1.939254e-04 1.425565e+04
8.844365e-01 7.685634e-07 2.751460e+01 1.881384e-02 1.108734e-02 8.823028e-07 2.357312e+00 1.859159e+00 1.994843e-04 1.106138e+03
9.120108e-01 -8.288121e-07 2.830528e+01 -7.749154e-02 1.083992e-02 8.626130e-07 2.371908e+00 1.888317e+00 2.096199e-04 1.093566e+03
9.404449e-01 -1.603285e-06 2.915949e+01 -3.996432e-02 1.155051e-02 9.191602e-07 1.802600e+00 1.423551e+00 2.146949e-04 2.978400e+02
9.697654e-01 -8.869964e-07 3.005941e+01 -1.154183e-01 1.097242e-02 8.731577e-07 1.225752e+00 1.424162e+00 1.878418e-04 9.303612e+02
1.000000e+00 -7.080719e-07 3.092343e+01 1.893658e-01 1.496161e-02 1.190607e-06 2.327131e+00 1.591990e+00 1.998414e-04 1.798778e+03
1.031177e+00 5.599709e-07 3.183631e+01 2.203680e-01 1.566605e-02 1.246664e-06 1.142889e+00 2.246760e+00 2.090702e-04 2.975474e+03
1.063327e+00 -3.688036e-07 3.278811e+01 7.607593e-03 1.315952e-02 1.047202e-06 1.208448e+00 2.279144e+00 2.062675e-04 5.851071e+03
1.096478e+00 3.548047e-08 3.380612e+01 -1.825556e-01 1.164661e-02 9.268078e-07 1.587446e+00 1.526120e+00 2.076577e-04 6.664342e+05
1.130663e+00 -6.193235e-07 3.479284e+01 1.488520e-02 1.427518e-02 1.135982e-06 1.134418e+00 1.779126e+00 2.105758e-04 2.477323e+03
1.165914e+00 -1.049436e-06 3.578977e+01 -5.285728e-02 1.393650e-02 1.109031e-06 1.050142e+00 2.209425e+00 1.922055e-04 7.896605e+02
1.202264e+00 1.060525e-07 3.689937e+01 5.024537e-02 1.576048e-02 1.254179e-06 2.230665e+00 1.265446e+00 1.950708e-04 8.726910e+04
1.239748e+00 -1.609845e-06 3.798645e+01 -1.203229e-01 1.390522e-02 1.106542e-06 1.772945e+00 1.629075e+00 2.093103e-04 3.605476e+02
1.278400e+00 -4.327392e-07 3.916734e+01 6.553855e-03 1.614286e-02 1.284608e-06 1.904343e+00 1.750299e+00 1.978688e-04 5.936423e+03
1.318257e+00 -5.713273e-07 4.032770e+01 1.917877e-02 1.655487e-02 1.317394e-06 1.991574e+00 1.881996e+00 2.040631e-04 3.279000e+03
1.359356e+00 -1.086586e-07 4.148162e+01 2.278524e-02 1.709370e-02 1.360273e-06 4.511298e+00 2.435217e+00 2.077153e-04 8.578834e+04
1.401737e+00 -6.608295e-08 4.277177e+01 -8.118087e-03 1.755610e-02 1.397070e-06 1.022636e+00 9.817792e-01 1.970640e-04 2.626154e+05
1.445440e+00 3.774891e-07 4.402065e+01 -8.651018e-02 1.630239e-02 1.297303e-06 1.639664e+00 1.536691e+00 1.942638e-04 6.959333e+03
1.490505e+00 -8.430591e-07 4.539679e+01 -9.022498e-03 5.694227e-02 4.531321e-06 1.774249e+02 1.476931e+00 1.945308e-04 1.542524e+03
1.536975e+00 1.432400e-05 4.673267e+01 6.565429e-01 6.168647e-01 4.908853e-05 1.855694e+01 1.163903e+00 1.996645e-04 8.524535e+01
1.584893e+00 8.700651e-06 4.815284e+01 1.413090e+00 3.634833e-01 2.892508e-05 3.270926e+01 1.488113e+00 2.088680e-04 1.539486e+02
1.634306e+00 1.652013e-05 4.959432e+01 8.543773e-01 8.136595e-01 6.474896e-05 1.383809e+01 1.420794e+00 2.016393e-04 7.882484e+01
1.685259e+00 1.420356e-05 5.110540e+01 1.174291e+00 5.492122e-01 4.370492e-05 2.113886e+01 1.996573e+00 2.083834e-04 8.315501e+01
1.737801e+00 8.447343e-06 5.263203e+01 8.977633e-01 4.427366e-01 3.523186e-05 2.696619e+01 1.307990e+00 2.066489e-04 1.835760e+02
1.791981e+00 8.139724e-06 5.423534e+01 6.559933e-01 4.432639e-01 3.527382e-05 2.663340e+01 3.856884e+00 2.170516e-04 1.815898e+02
1.847850e+00 2.147190e-05 5.586619e+01 1.536075e+00 8.208217e-01 6.531891e-05 1.375867e+01 1.958872e+00 1.912920e-04 5.772127e+01
1.905461e+00 3.239198e-05 5.763574e+01 1.175441e+00 1.242796e+00 9.889853e-05 8.355415e+00 3.071567e+00 2.229651e-04 3.563548e+01
1.964868e+00 3.583458e-05 5.930503e+01 8.678448e-01 1.420849e+00 1.130676e-04 7.084296e+00 1.418783e+00 1.999713e-04 3.122244e+01
2.026127e+00 5.558093e-05 6.112494e+01 1.094166e+00 1.943464e+00 1.546559e-04 4.779628e+00 1.288801e+00 2.047829e-04 1.916838e+01
2.089296e+00 7.550086e-05 6.294919e+01 9.760116e-01 2.669440e+00 2.124273e-04 2.913059e+00 1.277054e+00 2.133874e-04 1.386165e+01
2.154435e+00 7.340850e-05 6.488610e+01 1.195476e+00 2.642990e+00 2.103225e-04 2.900647e+00 9.099080e-01 1.907206e-04 1.465092e+01
2.221604e+00 1.058526e-04 6.688514e+01 1.032843e+00 4.218985e+00 3.357362e-04 3.001582e+00 1.637784e+00 2.060062e-04 1.084987e+01
2.290868e+00 1.207915e-04 6.887334e+01 9.055304e-01 5.163214e+00 4.108755e-04 2.996143e+00 1.893362e+00 2.110670e-04 1.013614e+01
2.362291e+00 1.436721e-04 7.096231e+01 9.537070e-01 6.582681e+00 5.238331e-04 2.285547e+00 2.500638e+00 1.804209e-04 8.467725e+00
2.435940e+00 1.864141e-04 7.318214e+01 9.518865e-01 7.378581e+00 5.871688e-04 1.455512e+00 1.040178e+00 2.049222e-04 6.000832e+00
2.511886e+00 1.871456e-04 7.531798e+01 9.485216e-01 7.925635e+00 6.307020e-04 1.657537e+00 2.138259e+00 1.898501e-04 6.346023e+00
2.590200e+00 2.634467e-04 7.759801e+01 8.908616e-01 1.020512e+01 8.120973e-04 6.784026e-01 1.722006e+00 1.986423e-04 3.940496e+00
2.670956e+00 3.395686e-04 7.995229e+01 9.883513e-01 1.364749e+01 1.086033e-03 8.023180e-01 1.253363e+00 1.977689e-04 3.435978e+00
2.754229e+00 4.405567e-04 8.242666e+01 1.015948e+00 1.791286e+01 1.425460e-03 5.620692e-01 1.725163e+00 1.995098e-04 2.641631e+00
2.840098e+00 4.917850e-04 8.489616e+01 1.051143e+00 1.932804e+01 1.538076e-03 4.748962e-01 2.403929e+00 1.891290e-04 2.265181e+00
2.928645e+00 6.477675e-04 8.747565e+01 9.852270e-01 2.991597e+01 2.380637e-03 6.055883e-01 1.649850e+00 1.920658e-04 2.029138e+00
3.019952e+00 7.260150e-04 9.009153e+01 9.990823e-01 3.167673e+01 2.520754e-03 3.104189e-01 1.709131e+00 2.078909e-04 1.689477e+00
3.114106e+00 8.752732e-04 9.290034e+01 9.542406e-01 3.445556e+01 2.741886e-03 3.334115e-01 2.281998e+00 2.107271e-04 1.314122e+00
3.211195e+00 1.047511e-03 9.575469e+01 9.469627e-01 3.993203e+01 3.177690e-03 7.818374e-02 2.188716e+00 1.880507e-04 1.025462e+00
3.311311e+00 1.278694e-03 9.866252e+01 9.258720e-01 4.462593e+01 3.551218e-03 1.945609e-02 1.577914e+00 2.081340e-04 8.179606e-01
3.414549e+00 1.486540e-03 1.016152e+02 8.864665e-01 5.467470e+01 4.350874e-03 1.512037e-02 2.219120e+00 1.875795e-04 7.113057e-01
3.521005e+00 1.776190e-03 1.048028e+02 9.560749e-01 7.107135e+01 5.655678e-03 -4.143563e-03 1.356961e+00 1.987878e-04 6.446686e-01
3.630781e+00 2.202758e-03 1.079502e+02 9.445270e-01 9.886589e+01 7.867498e-03 8.286922e-02 4.239571e+00 1.967823e-04 5.790765e-01
3.743978e+00 2.590182e-03 1.111942e+02 9.836914e-01 1.056135e+02 8.404456e-03 5.003197e-02 1.739271e+00 2.033497e-04 4.544245e-01
3.860705e+00 3.183235e-03 1.146313e+02 9.371202e-01 1.186217e+02 9.439616e-03 1.927428e-02 3.911655e+00 1.984171e-04 3.428681e-01
3.981072e+00 3.819817e-03 1.180697e+02 9.254820e-01 1.324928e+02 1.054344e-02 1.252979e-01 1.518637e+00 1.976304e-04 2.624299e-01
4.105191e+00 4.394643e-03 1.217622e+02 8.959407e-01 1.600327e+02 1.273499e-02 -9.220021e-02 1.815546e+00 1.781700e-04 2.321417e-01
4.233179e+00 5.002841e-03 1.253545e+02 9.201861e-01 1.894016e+02 1.507210e-02 -1.532951e-01 1.931945e+00 1.867967e-04 2.148247e-01
4.365158e+00 5.928547e-03 1.291988e+02 8.545559e-01 2.104063e+02 1.674360e-02 -1.628207e-02 1.173209e+00 1.901958e-04 1.694522e-01
4.501252e+00 6.908320e-03 1.331656e+02 9.044934e-01 2.693440e+02 2.143372e-02 7.165558e-02 2.108083e+00 1.827071e-04 1.658878e-01
4.641589e+00 8.157889e-03 1.372194e+02 8.960740e-01 3.173439e+02 2.525343e-02 1.821549e-02 1.717306e+00 1.870630e-04 1.342762e-01
4.786301e+00 9.305053e-03 1.413730e+02 9.072023e-01 3.453462e+02 2.748178e-02 -4.445158e-02 1.916490e+00 1.812448e-04 1.143883e-01
4.935525e+00 1.063972e-02 1.457250e+02 9.383154e-01 4.341157e+02 3.454583e-02 2.436204e-02 1.296947e+00 1.883570e-04 1.074157e-01
5.089401e+00 1.263152e-02 1.501510e+02 8.895596e-01 5.051892e+02 4.020168e-02 1.020683e-03 1.484876e+00 1.976864e-04 8.634485e-02
5.248075e+00 1.441798e-02 1.546925e+02 8.282005e-01 4.814163e+02 3.830989e-02 8.689582e-02 1.573119e+00 1.783742e-04 6.620265e-02
5.411695e+00 1.667527e-02 1.593999e+02 8.818299e-01 6.047722e+02 4.812624e-02 6.114409e-03 8.404352e-01 1.904796e-04 6.019525e-02
5.580417e+00 1.901465e-02 1.642939e+02 9.009286e-01 6.919864e+02 5.506653e-02 2.974988e-02 1.275822e+00 1.874047e-04 5.367061e-02
5.754399e+00 2.150809e-02 1.691699e+02 8.905220e-01 7.603760e+02 6.050880e-02 3.419249e-02 1.484802e+00 1.803374e-04 4.642342e-02
5.933806e+00 2.436629e-02 1.742495e+02 8.254225e-01 8.673842e+02 6.902424e-02 4.758118e-02 9.873775e-01 1.977135e-04 4.079235e-02
6.118806e+00 2.800694e-02 1.795785e+02 8.447581e-01 9.491836e+02 7.553363e-02 4.343678e-02 1.627132e+00 1.911631e-04 3.410132e-02
6.309573e+00 3.156213e-02 1.850414e+02 8.241974e-01 1.051266e+03 8.365713e-02 1.912760e-01 2.022573e+00 1.947319e-04 3.027535e-02
6.506289e+00 3.583628e-02 1.906939e+02 8.863613e-01 1.280328e+03 1.018853e-01 -1.555724e-02 1.534083e+00 1.874994e-04 2.845981e-02
6.709137e+00 4.051953e-02 1.965080e+02 9.034750e-01 1.554594e+03 1.237106e-01 -6.208172e-02 1.460830e+00 1.925711e-04 2.628596e-02
6.918310e+00 4.489361e-02 2.025140e+02 9.170458e-01 1.880640e+03 1.496566e-01 8.278338e-02 1.476244e+00 1.818026e-04 2.558028e-02
7.134004e+00 5.160382e-02 2.084325e+02 1.007627e+00 2.219620e+03 1.766318e-01 -4.386238e-02 1.563404e+00 1.730022e-04 2.392444e-02
7.356423e+00 5.755904e-02 2.148555e+02 9.810528e-01 2.556124e+03 2.034099e-01 -1.643621e-02 2.396972e+00 1.977265e-04 2.175124e-02
7.585776e+00 6.435005e-02 2.213486e+02 1.041439e+00 3.224058e+03 2.565624e-01 -3.175811e-02 9.804913e-01 1.971281e-04 2.142188e-02
7.822280e+00 7.153347e-02 2.280545e+02 1.008350e+00 3.584711e+03 2.852623e-01 1.000743e-01 1.381439e+00 1.958079e-04 2.012133e-02
8.066157e+00 7.961524e-02 2.350243e+02 9.620568e-01 4.085878e+03 3.251439e-01 6.011410e-02 1.245298e+00 1.867513e-04 1.741733e-02
8.317638e+00 8.841872e-02 2.420858e+02 9.994355e-01 4.552516e+03 3.622777e-01 -1.861914e-02 1.133870e+00 1.789835e-04 1.587801e-02
8.576959e+00 9.924359e-02 2.496501e+02 9.880068e-01 5.123438e+03 4.077102e-01 3.075770e-02 1.637599e+00 1.836306e-04 1.426722e-02
8.844365e+00 1.097512e-01 2.571106e+02 1.051061e+00 6.132453e+03 4.880051e-01 -1.965703e-02 8.700571e-01 1.979027e-04 1.404707e-02
9.120108e+00 1.209590e-01 2.647810e+02 9.459682e-01 5.991812e+03 4.768132e-01 -9.204611e-02 2.068423e+00 1.918262e-04 1.147985e-02
9.404449e+00 1.334908e-01 2.726961e+02 9.343127e-01 6.293818e+03 5.008461e-01 1.437417e-01 1.968950e+00 1.906347e-04 1.014485e-02
9.697654e+00 1.467509e-01 2.809552e+02 1.021724e+00 8.041049e+03 6.398863e-01 8.727800e-02 1.729514e+00 1.949534e-04 1.056690e-02
1.000000e+01 1.623258e-01 2.895719e+02 1.007476e+00 8.789028e+03 6.994086e-01 6.795372e-03 1.348392e+00 1.982728e-04 9.364839e-03
1.031177e+01 1.764722e-01 2.980846e+02 9.570570e-01 9.399482e+03 7.479870e-01 4.834203e-02 1.523087e+00 1.876887e-04 8.571413e-03
1.063327e+01 1.939015e-01 3.071476e+02 9.651294e-01 1.036080e+04 8.244860e-01 -1.218701e-02 2.015272e+00 1.911280e-04 7.640880e-03
1.096478e+01 2.116099e-01 3.164503e+02 9.790555e-01 1.165632e+04 9.275808e-01 -1.366002e-02 1.335583e+00 1.771597e-04 7.223046e-03
1.130663e+01 2.305705e-01 3.256166e+02 9.605417e-01 1.191558e+04 9.482118e-01 8.610472e-03 1.199309e+00 1.780962e-04 6.295319e-03
1.165914e+01 2.511556e-01 3.355355e+02 1.034358e+00 1.411316e+04 1.123090e+00 1.711684e-01 1.381996e+00 1.926279e-04 6.118774e-03
1.202264e+01 2.745038e-01 3.458467e+02 1.002749e+00 1.455758e+04 1.158455e+00 5.247425e-02 2.050687e+00 1.916979e-04 5.478342e-03
1.239748e+01 2.970356e-01 3.563188e+02 9.760797e-01 1.637203e+04 1.302844e+00 2.859169e-02 1.572438e+00 1.807244e-04 5.139729e-03
1.278400e+01 3.226169e-01 3.669027e+02 1.034878e+00 1.887312e+04 1.501875e+00 1.328373e-01 9.763113e-01 1.845295e-04 5.099435e-03
1.318257e+01 3.499389e-01 3.779970e+02 1.002210e+00 1.871450e+04 1.489253e+00 5.198076e-02 3.826616e+00 1.900505e-04 4.302268e-03
1.359356e+01 3.769527e-01 3.891775e+02 9.283329e-01 1.982470e+04 1.577599e+00 5.574753e-02 2.944781e+00 1.733300e-04 3.906515e-03
1.401737e+01 4.077869e-01 4.009716e+02 9.405786e-01 2.184119e+04 1.738066e+00 8.498775e-02 1.836429e+00 1.820440e-04 3.680206e-03
1.445440e+01 4.380248e-01 4.129869e+02 9.710626e-01 2.801611e+04 2.229451e+00 9.136476e-02 2.196442e+00 1.928819e-04 4.117192e-03
1.490505e+01 4.717074e-01 4.252686e+02 1.026281e+00 2.980710e+04 2.371973e+00 2.969378e-02 1.491971e+00 1.937788e-04 3.758261e-03
1.536975e+01 5.067883e-01 4.382850e+02 9.693067e-01 3.084340e+04 2.454440e+00 1.426979e-01 1.628762e+00 1.747251e-04 3.439640e-03
1.584893e+01 5.416833e-01 4.512746e+02 9.046204e-01 3.141749e+04 2.500124e+00 1.170777e-01 1.338131e+00 1.771765e-04 2.994483e-03
1.634306e+01 5.790424e-01 4.647255e+02 9.666696e-01 3.396890e+04 2.703159e+00 1.994445e-02 1.498498e+00 1.623773e-04 2.914340e-03
1.685259e+01 6.221458e-01 4.790618e+02 1.002554e+00 4.107433e+04 3.268592e+00 8.253485e-02 1.228309e+00 1.772511e-04 2.877241e-03
1.737801e+01 6.635925e-01 4.935373e+02 9.659823e-01 4.191756e+04 3.335694e+00 -6.476195e-03 1.369949e+00 1.712742e-04 2.697300e-03
1.791981e+01 7.052395e-01 5.081808e+02 9.598434e-01 4.659399e+04 3.707832e+00 -2.001862e-02 2.118720e+00 1.772738e-04 2.652100e-03
1.847850e+01 7.493215e-01 5.229793e+02 9.436736e-01 4.715439e+04 3.752427e+00 -4.005680e-02 1.047844e+00 1.684476e-04 2.317885e-03
1.905461e+01 7.987796e-01 5.389144e+02 9.897902e-01 5.639273e+04 4.487590e+00 2.267071e-03 1.176125e+00 1.893921e-04 2.533802e-03
1.964868e+01 8.464251e-01 5.548848e+02 1.018509e+00 6.531662e+04 5.197731e+00 5.782097e-03 1.429186e+00 1.974098e-04 2.572076e-03
2.026127e+01 8.980011e-01 5.717934e+02 9.800830e-01 6.942098e+04 5.524346e+00 -4.787953e-02 2.345640e+00 1.806282e-04 2.389402e-03
2.089296e+01 9.530988e-01 5.883577e+02 9.931164e-01 7.126158e+04 5.670816e+00 4.439404e-02 1.780215e+00 1.807644e-04 2.194005e-03
2.154435e+01 1.001851e+00 6.056746e+02 9.923383e-01 6.978976e+04 5.553692e+00 1.716209e-02 2.207548e+00 1.817519e-04 1.965674e-03
2.221604e+01 1.065030e+00 6.247598e+02 1.075814e+00 8.523745e+04 6.782981e+00 1.084561e-01 1.263207e+00 1.915122e-04 2.119864e-03
2.290868e+01 1.119645e+00 6.430147e+02 1.029435e+00 8.247671e+04 6.563288e+00 -1.427998e-02 3.411903e+00 2.038277e-04 1.952879e-03
2.362291e+01 1.180141e+00 6.620971e+02 1.023522e+00 9.650436e+04 7.679573e+00 6.648755e-02 2.233592e+00 1.820971e-04 1.904138e-03
2.435940e+01 1.236289e+00 6.809522e+02 9.839628e-01 9.349609e+04 7.440182e+00 1.294463e-01 1.327297e+00 1.835021e-04 1.727488e-03
2.511886e+01 1.309186e+00 7.024069e+02 9.872110e-01 1.006125e+05 8.006485e+00 1.901602e-02 3.011314e+00 1.777127e-04 1.702265e-03
2.590200e+01 1.374565e+00 7.234918e+02 1.038782e+00 1.179971e+05 9.389909e+00 5.206403e-02 6.923192e-01 1.938781e-04 1.753423e-03
2.670956e+01 1.441369e+00 7.441561e+02 1.036200e+00 1.263273e+05 1.005281e+01 1.104806e-01 1.341020e+00 2.009472e-04 1.737914e-03
2.754229e+01 1.508588e+00 7.668233e+02 9.956622e-01 1.269397e+05 1.010154e+01 1.122277e-01 1.317374e+00 1.874400e-04 1.566316e-03
2.840098e+01 1.580447e+00 7.894542e+02 8.980360e-01 1.166834e+05 9.285370e+00 8.155870e-02 2.746099e+00 1.730341e-04 1.333165e-03
2.928645e+01 1.653218e+00 8.128197e+02 9.648938e-01 1.511508e+05 1.202820e+01 1.917801e-02 1.334177e+00 1.952906e-04 1.503423e-03
3.019952e+01 1.727688e+00 8.373032e+02 9.923093e-01 1.559688e+05 1.241160e+01 -4.050295e-02 1.508929e+00 1.896900e-04 1.524806e-03
3.114106e+01 1.800637e+00 8.616763e+02 9.773915e-01 1.596789e+05 1.270684e+01 2.084494e-02 1.451648e+00 1.958015e-04 1.423706e-03
3.211195e+01 1.875692e+00 8.867997e+02 9.817340e-01 1.647929e+05 1.311380e+01 3.955490e-02 1.659574e+00 1.763370e-04 1.318915e-03
3.311311e+01 1.961472e+00 9.144786e+02 9.559928e-01 1.807697e+05 1.438519e+01 7.045972e-02 1.582249e+00 1.764397e-04 1.311556e-03
3.414549e+01 2.043602e+00 9.425477e+02 9.997171e-01 1.971787e+05 1.569099e+01 5.845552e-02 9.737941e-01 1.864803e-04 1.408046e-03
3.521005e+01 2.120746e+00 9.697509e+02 9.808345e-01 2.031314e+05 1.616468e+01 4.588126e-02 8.573469e-01 1.856415e-04 1.259223e-03
3.630781e+01 2.203673e+00 9.981916e+02 1.016556e+00 2.115545e+05 1.683498e+01 3.752241e-02 1.641951e+00 1.791741e-04 1.250560e-03
3.743978e+01 2.284505e+00 1.028216e+03 9.929045e-01 2.287343e+05 1.820210e+01 3.520767e-02 1.369148e+00 1.873929e-04 1.255114e-03
3.860705e+01 2.371905e+00 1.059434e+03 1.010773e+00 2.520335e+05 2.005619e+01 -1.913723e-02 1.785533e+00 1.858216e-04 1.305119e-03
3.981072e+01 2.455953e+00 1.091095e+03 9.628237e-01 2.599062e+05 2.068268e+01 1.487448e-02 1.134453e+00 1.742678e-04 1.209541e-03
4.105191e+01 2.545758e+00 1.123330e+03 9.836750e-01 2.777898e+05 2.210581e+01 -4.409480e-04 1.543165e+00 1.898725e-04 1.224009e-03
4.233179e+01 2.632127e+00 1.156454e+03 9.978316e-01 3.152835e+05 2.508946e+01 -3.446599e-02 1.676064e+00 1.991105e-04 1.268520e-03
4.365158e+01 2.714310e+00 1.190953e+03 9.792529e-01 3.071811e+05 2.444470e+01 -3.287855e-02 3.705475e+00 1.844455e-04 1.160362e-03
4.501252e+01 2.807918e+00 1.226453e+03 9.850684e-01 3.411316e+05 2.714639e+01 -4.311164e-02 1.590046e+00 1.911396e-04 1.186426e-03
4.641589e+01 2.894133e+00 1.263071e+03 9.611561e-01 3.252010e+05 2.587868e+01 -4.439690e-02 1.247023e+00 1.935073e-04 1.125230e-03
4.786301e+01 2.975531e+00 1.300176e+03 9.910259e-01 3.770087e+05 3.000140e+01 -2.662704e-02 1.191943e+00 1.977902e-04 1.172926e-03
4.935525e+01 3.062682e+00 1.338570e+03 9.520623e-01 3.562099e+05 2.834628e+01 -1.025812e-02 1.441431e+00 1.886770e-04 1.072483e-03
5.089401e+01 3.154377e+00 1.379361e+03 9.898308e-01 4.163360e+05 3.313097e+01 -2.192230e-02 1.141078e+00 2.020744e-04 1.197251e-03
5.248075e+01 3.235892e+00 1.419581e+03 9.468928e-01 4.113252e+05 3.273222e+01 -1.817264e-03 4.697696e+00 1.970548e-04 1.135920e-03
5.411695e+01 3.323738e+00 1.461860e+03 9.417461e-01 4.159352e+05 3.309907e+01 6.810296e-02 2.669223e+00 1.869778e-04 1.099623e-03
5.580417e+01 3.416332e+00 1.505827e+03 9.523688e-01 4.356298e+05 3.466632e+01 1.855181e-02 1.260686e+00 1.939817e-04 1.058903e-03
5.754399e+01 3.497369e+00 1.550510e+03 9.523518e-01 5.218342e+05 4.152624e+01 -1.486288e-02 3.061277e+00 1.965685e-04 1.179431e-03
5.933806e+01 3.584296e+00 1.599347e+03 9.300967e-01 4.758387e+05 3.786604e+01 -2.795524e-02 1.113087e+00 1.913940e-04 1.087323e-03
6.118806e+01 3.664262e+00 1.645228e+03 9.527211e-01 5.362612e+05 4.267431e+01 2.841843e-02 1.766717e+00 1.876104e-04 1.161233e-03
6.309573e+01 3.735497e+00 1.692512e+03 9.454924e-01 6.083925e+05 4.841433e+01 -1.173932e-02 1.341987e+00 2.057636e-04 1.224001e-03
6.506289e+01 3.816607e+00 1.744170e+03 9.140116e-01 6.055044e+05 4.818451e+01 8.548025e-02 2.531960e+00 2.108669e-04 1.184149e-03
6.709137e+01 3.895829e+00 1.796744e+03 1.026360e+00 6.754609e+05 5.375147e+01 -1.401849e-02 2.872008e+00 1.881187e-04 1.229053e-03
6.918310e+01 3.975583e+00 1.851315e+03 9.901060e-01 7.400058e+05 5.888779e+01 -3.958672e-02 2.608043e+00 1.839394e-04 1.302725e-03
7.134004e+01 4.049331e+00 1.905376e+03 9.860677e-01 7.365195e+05 5.861036e+01 2.786931e-02 1.390075e+00 2.052076e-04 1.288055e-03
7.356423e+01 4.111698e+00 1.962552e+03 9.721176e-01 8.026894e+05 6.387599e+01 8.740790e-02 2.701539e+00 2.070758e-04 1.345685e-03
7.585776e+01 4.173156e+00 2.021053e+03 9.678596e-01 8.553011e+05 6.806270e+01 5.924876e-02 2.991474e+00 1.967113e-04 1.392685e-03
7.822280e+01 4.222448e+00 2.080561e+03 9.299200e-01 7.377660e+05 5.870955e+01 -9.040728e-02 1.346677e+00 1.930689e-04 1.226077e-03
8.066157e+01 4.283510e+00 2.143727e+03 9.401405e-01 8.587784e+05 6.833941e+01 -3.579382e-02 2.200104e+00 1.816504e-04 1.324816e-03
8.317638e+01 4.335284e+00 2.206874e+03 9.626529e-01 8.987040e+05 7.151659e+01 7.464377e-02 1.837765e+00 1.906508e-04 1.348188e-03
8.576959e+01 4.371990e+00 2.272520e+03 1.026214e+00 1.102692e+06 8.774942e+01 2.906575e-02 1.427672e+00 2.026967e-04 1.649491e-03
8.844365e+01 4.403782e+00 2.339130e+03 9.903718e-01 1.140655e+06 9.077044e+01 2.147727e-02 1.960311e+00 1.839828e-04 1.673538e-03
9.120108e+01 4.438161e+00 2.410855e+03 8.827824e-01 1.024334e+06 8.151390e+01 -4.968564e-02 2.028933e+00 1.716577e-04 1.472677e-03
9.404449e+01 4.487969e+00 2.483181e+03 9.625529e-01 1.155907e+06 9.198418e+01 1.612511e-01 3.074583e+00 1.976271e-04 1.634513e-03
9.697654e+01 4.497189e+00 2.557542e+03 9.452840e-01 1.161120e+06 9.239901e+01 1.157158e-01 1.768760e+00 1.855328e-04 1.644918e-03
1.000000e+02 4.534046e+00 2.635648e+03 9.541928e-01 1.236238e+06 9.837668e+01 -2.295213e-02 4.437164e+00 1.929859e-04 1.701372e-03
1.031177e+02 4.546288e+00 2.713250e+03 9.381469e-01 1.312341e+06 1.044328e+02 2.382770e-02 1.705579e+00 1.884349e-04 1.785710e-03
1.063327e+02 4.547937e+00 2.793672e+03 9.753351e-01 1.381592e+06 1.099436e+02 -2.162376e-02 1.763202e+00 1.935939e-04 1.943741e-03
1.096478e+02 4.577074e+00 2.876082e+03 9.238998e-01 1.388398e+06 1.104852e+02 7.439464e-02 1.180394e+00 2.091966e-04 1.917016e-03
1.130663e+02 4.597139e+00 2.965830e+03 8.977907e-01 1.392788e+06 1.108346e+02 2.769893e-02 2.836356e+00 1.935959e-04 1.912520e-03
1.165914e+02 4.606362e+00 3.053081e+03 9.444255e-01 1.610525e+06 1.281615e+02 6.413799e-02 4.613894e+00 1.936710e-04 2.156354e-03
1.202264e+02 4.640586e+00 3.149947e+03 8.742448e-01 1.547443e+06 1.231416e+02 8.382966e-02 1.642870e+00 1.940976e-04 2.028779e-03
1.239748e+02 4.645076e+00 3.243556e+03 9.631411e-01 1.703767e+06 1.355815e+02 4.943106e-02 2.551387e+00 1.966588e-04 2.252584e-03
1.278400e+02 4.665179e+00 3.340385e+03 8.488992e-01 1.704160e+06 1.356127e+02 8.280121e-02 2.623274e+00 1.835962e-04 2.214269e-03
1.318257e+02 4.669369e+00 3.439733e+03 9.372789e-01 1.888681e+06 1.502964e+02 2.420703e-02 1.506261e+00 1.777535e-04 2.469946e-03
1.359356e+02 4.701181e+00 3.545524e+03 9.504518e-01 1.945580e+06 1.548243e+02 -1.430968e-02 2.460027e+00 1.951904e-04 2.530128e-03
1.401737e+02 4.700924e+00 3.650012e+03 9.395389e-01 2.070940e+06 1.648002e+02 5.994924e-04 2.351582e+00 1.881342e-04 2.690286e-03
1.445440e+02 4.719640e+00 3.761627e+03 8.827283e-01 2.083978e+06 1.658377e+02 7.434249e-02 2.395184e+00 1.916534e-04 2.719258e-03
1.490505e+02 4.738281e+00 3.874116e+03 9.533447e-01 2.388390e+06 1.900621e+02 8.703965e-02 1.541983e+00 1.989123e-04 2.987738e-03
1.536975e+02 4.746586e+00 3.990041e+03 9.152701e-01 2.280708e+06 1.814930e+02 -4.669240e-02 2.521056e+00 1.910406e-04 2.779294e-03
1.584893e+02 4.753907e+00 4.112232e+03 9.774377e-01 2.641161e+06 2.101769e+02 -2.057002e-02 1.558136e+00 1.957184e-04 3.358636e-03
1.634306e+02 4.755716e+00 4.235339e+03 9.943398e-01 2.730580e+06 2.172927e+02 1.335358e-02 1.193448e+00 2.018160e-04 3.439962e-03
1.685259e+02 4.762011e+00 4.366127e+03 9.633719e-01 2.691245e+06 2.141624e+02 5.301084e-02 2.542094e+00 1.884849e-04 3.457384e-03
1.737801e+02 4.770115e+00 4.496534e+03 9.846883e-01 3.039218e+06 2.418533e+02 6.662125e-02 2.855726e+00 1.883208e-04 3.832490e-03
1.791981e+02 4.778989e+00 4.636660e+03 8.835140e-01 2.737102e+06 2.178116e+02 1.484120e-01 1.960221e+00 1.859546e-04 3.470272e-03
1.847850e+02 4.760286e+00 4.774628e+03 1.002408e+00 3.221312e+06 2.563438e+02 2.605355e-02 1.898314e+00 1.904578e-04 4.162692e-03
1.905461e+02 4.782215e+00 4.922506e+03 9.047282e-01 3.357132e+06 2.671520e+02 1.667473e-01 2.205611e+00 1.974985e-04 4.216927e-03
1.964868e+02 4.735694e+00 5.065884e+03 9.561631e-01 3.363103e+06 2.676272e+02 2.264454e-01 1.608707e+00 1.956680e-04 4.378316e-03
2.026127e+02 4.728425e+00 5.221343e+03 9.880646e-01 3.442177e+06 2.739197e+02 3.062113e-02 2.074519e+00 1.881329e-04 4.347297e-03
2.089296e+02 4.732089e+00 5.385564e+03 9.604012e-01 3.906547e+06 3.108731e+02 1.565706e-01 1.558923e+00 1.794975e-04 4.860414e-03
2.154435e+02 4.706738e+00 5.546147e+03 1.028602e+00 3.987142e+06 3.172866e+02 6.011086e-02 4.216330e+00 1.892955e-04 5.276844e-03
2.221604e+02 4.712278e+00 5.718793e+03 9.415933e-01 4.013321e+06 3.193699e+02 -1.473602e-02 1.290087e+00 1.844681e-04 5.316683e-03
2.290868e+02 4.691866e+00 5.893269e+03 9.804152e-01 4.353576e+06 3.464465e+02 6.651007e-02 1.545618e+00 1.819092e-04 5.664287e-03
2.362291e+02 4.678022e+00 6.069900e+03 9.127870e-01 4.293235e+06 3.416448e+02 4.763011e-02 2.748448e+00 1.954523e-04 5.621074e-03
2.435940e+02 4.659784e+00 6.258579e+03 9.109032e-01 4.568956e+06 3.635860e+02 -3.246829e-03 1.485815e+00 1.870303e-04 5.911194e-03
2.511886e+02 4.654261e+00 6.445602e+03 9.936500e-01 4.762005e+06 3.789483e+02 9.945144e-03 1.978057e+00 1.799708e-04 6.094819e-03
2.590200e+02 4.646390e+00 6.641156e+03 9.374432e-01 5.025591e+06 3.999238e+02 -1.037346e-01 2.154098e+00 1.771377e-04 6.442667e-03
2.670956e+02 4.633067e+00 6.848676e+03 9.156597e-01 5.223230e+06 4.156514e+02 1.551182e-02 1.778323e+00 1.921859e-04 6.936095e-03
2.754229e+02 4.646771e+00 7.057704e+03 1.030609e+00 5.772749e+06 4.593807e+02 -2.669294e-03 3.863869e+00 1.927489e-04 7.936814e-03
2.840098e+02 4.602887e+00 7.268805e+03 9.724192e-01 5.594650e+06 4.452081e+02 7.408447e-02 1.586615e+00 1.851176e-04 7.333697e-03
2.928645e+02 4.600767e+00 7.493805e+03 9.526573e-01 6.076376e+06 4.835426e+02 1.393593e-01 2.226368e+00 1.956289e-04 8.220672e-03
3.019952e+02 4.579103e+00 7.724345e+03 9.154623e-01 5.847620e+06 4.653388e+02 -8.697226e-02 1.869607e+00 1.723654e-04 7.829193e-03
3.114106e+02 4.558475e+00 7.954597e+03 9.402308e-01 6.279797e+06 4.997304e+02 5.109042e-02 2.644748e+00 1.925836e-04 8.581759e-03
3.211195e+02 4.554181e+00 8.201133e+03 9.673883e-01 6.779350e+06 5.394835e+02 1.111379e-01 1.523639e+00 1.871212e-04 9.167967e-03
3.311311e+02 4.516464e+00 8.450422e+03 9.385928e-01 7.278641e+06 5.792158e+02 -5.653458e-02 1.562031e+00 1.832728e-04 1.005181e-02
3.414549e+02 4.525399e+00 8.720241e+03 9.167618e-01 6.903065e+06 5.493284e+02 5.302251e-02 2.938857e+00 1.920267e-04 9.598080e-03
3.521005e+02 4.484543e+00 8.975493e+03 9.018115e-01 7.260821e+06 5.777978e+02 8.857447e-02 1.769398e+00 1.786982e-04 1.055975e-02
3.630781e+02 4.452499e+00 9.259654e+03 1.005465e+00 7.951898e+06 6.327919e+02 1.170219e-02 1.342932e+00 1.930948e-04 1.182839e-02
3.743978e+02 4.444750e+00 9.543275e+03 9.312903e-01 8.209456e+06 6.532877e+02 6.684627e-02 3.418422e+00 1.862745e-04 1.169509e-02
3.860705e+02 4.412301e+00 9.831273e+03 9.310268e-01 8.088392e+06 6.436538e+02 5.915550e-02 1.826234e+00 1.826641e-04 1.193447e-02
3.981072e+02 4.386460e+00 1.012813e+04 9.058744e-01 8.289383e+06 6.596481e+02 9.100950e-02 2.345349e+00 1.834363e-04 1.233206e-02
4.105191e+02 4.376540e+00 1.044212e+04 9.540450e-01 8.890044e+06 7.074472e+02 2.622289e-02 1.722230e+00 1.866361e-04 1.339986e-02
4.233179e+02 4.371509e+00 1.077081e+04 9.320769e-01 9.266119e+06 7.373743e+02 9.738013e-02 1.352303e+00 1.786324e-04 1.346457e-02
4.365158e+02 4.310507e+00 1.109299e+04 9.357750e-01 1.012208e+07 8.054895e+02 1.091590e-01 1.573468e+00 1.873177e-04 1.483406e-02
4.501252e+02 4.354046e+00 1.144585e+04 9.646704e-01 1.013944e+07 8.068713e+02 -1.845219e-03 1.519236e+00 1.903505e-04 1.532943e-02
4.641589e+02 4.283801e+00 1.179677e+04 9.720953e-01 1.086947e+07 8.649648e+02 -5.340407e-02 2.155802e+00 1.772363e-04 1.718923e-02
4.786301e+02 4.333639e+00 1.217235e+04 9.711057e-01 1.139711e+07 9.069532e+02 9.044507e-02 2.891385e+00 1.915609e-04 1.787683e-02
4.935525e+02 4.260479e+00 1.253841e+04 9.804746e-01 1.244320e+07 9.901984e+02 -8.518635e-02 2.231989e+00 1.870903e-04 1.874081e-02
5.089401e+02 4.262080e+00 1.291881e+04 9.407685e-01 1.168738e+07 9.300519e+02 1.988112e-02 2.092777e+00 2.002902e-04 1.841336e-02
5.248075e+02 4.221648e+00 1.331651e+04 9.871797e-01 1.358263e+07 1.080871e+03 1.084638e-01 2.014117e+00 1.842792e-04 2.152808e-02
5.411695e+02 4.241892e+00 1.373210e+04 9.840805e-01 1.406704e+07 1.119419e+03 -8.920741e-02 2.127854e+00 1.778071e-04 2.210081e-02
5.580417e+02 4.179984e+00 1.414875e+04 9.668028e-01 1.303825e+07 1.037551e+03 2.098935e-01 1.378302e+00 1.977266e-04 2.187876e-02
5.754399e+02 4.181961e+00 1.458425e+04 9.552905e-01 1.380788e+07 1.098796e+03 -3.499362e-02 4.169708e+00 1.880765e-04 2.284153e-02
5.933806e+02 4.186028e+00 1.503953e+04 1.028450e+00 1.565067e+07 1.245441e+03 1.217387e-01 1.573405e+00 1.871203e-04 2.610659e-02
6.118806e+02 4.133620e+00 1.551094e+04 9.851720e-01 1.557675e+07 1.239559e+03 -6.720442e-02 2.071586e+00 1.989265e-04 2.582593e-02
6.309573e+02 4.081038e+00 1.596374e+04 9.430057e-01 1.459099e+07 1.161114e+03 -3.746581e-02 1.896681e+00 1.726875e-04 2.584433e-02
6.506289e+02 4.089151e+00 1.646365e+04 9.501946e-01 1.564542e+07 1.245023e+03 4.236188e-02 1.836247e+00 1.956323e-04 2.696910e-02
6.709137e+02 4.079168e+00 1.698698e+04 9.905618e-01 1.743432e+07 1.387379e+03 2.582261e-02 1.185873e+00 1.840398e-04 2.965525e-02
6.918310e+02 4.001552e+00 1.749629e+04 9.835590e-01 1.712120e+07 1.362461e+03 1.787667e-01 5.293943e+00 1.897666e-04 3.061885e-02
7.134004e+02 3.970232e+00 1.803492e+04 9.399563e-01 1.719365e+07 1.368227e+03 6.116068e-02 2.665762e+00 1.834827e-04 3.200499e-02
7.356423e+02 4.001480e+00 1.859259e+04 9.670848e-01 1.820979e+07 1.449089e+03 -8.298599e-04 4.123263e+00 1.902380e-04 3.244553e-02
7.585776e+02 3.969033e+00 1.917328e+04 9.616710e-01 1.929726e+07 1.535627e+03 2.374976e-01 1.904240e+00 1.860554e-04 3.511419e-02
7.822280e+02 3.946820e+00 1.976418e+04 9.587642e-01 1.939174e+07 1.543146e+03 2.422526e-02 3.310059e+00 1.934759e-04 3.579865e-02
8.066157e+02 3.919732e+00 2.038112e+04 9.759200e-01 2.032884e+07 1.617718e+03 1.184943e-01 1.710415e+00 1.781649e-04 3.777416e-02
8.317638e+02 3.881257e+00 2.101087e+04 9.567708e-01 2.007962e+07 1.597885e+03 4.413589e-02 1.902602e+00 1.923650e-04 3.929390e-02
8.576959e+02 3.847809e+00 2.165826e+04 9.492374e-01 2.177694e+07 1.732954e+03 7.200892e-02 2.756118e+00 1.946266e-04 4.190326e-02
8.844365e+02 3.858483e+00 2.232287e+04 9.645406e-01 2.168657e+07 1.725762e+03 1.205139e-01 1.900402e+00 1.888190e-04 4.250522e-02
9.120108e+02 3.845296e+00 2.301545e+04 9.808191e-01 2.447007e+07 1.947266e+03 8.841365e-02 1.856601e+00 1.910795e-04 4.738714e-02
9.404449e+02 3.826278e+00 2.374240e+04 9.214689e-01 2.373482e+07 1.888757e+03 2.419727e-02 1.653406e+00 1.834812e-04 4.685538e-02
9.697654e+02 3.813824e+00 2.447761e+04 9.006623e-01 2.476160e+07 1.970465e+03 9.445378e-03 2.163174e+00 1.718353e-04 4.715372e-02
