#./overdamped_3d --dev=1 --amp=250.0 --omega=1 --force=0 --Dg=0.01 --block=256 --paths=1024 --periods=1000 --trans=100 --samples=10000 --spp=10000 --algorithm=euler --pav=1 --mode=moments --domain=1d --domainx=s:-1:3:300:1 --domainy=s:-1:2:100:1 --domainz=a:-1:2.5:100:1 --q=2 --eps=0 --phi=1.57079632679 --lambda=5.0 --zeta=0.2 --comp=0 --mean=1.0 --second=0.1 --skew=0.99 --distribution=s>> 1D_double_s:-1:3:300:1_250.0_5.0_0.99_1.0_0.0.dat
#s <<v>> qnu(q) mu_q Dx Gx EBx
1.000000e-01 3.985963e-07 2.416859e-04 7.188023e+00 5.720042e-04 -1.686169e-01 2.717607e-01
1.031177e-01 6.744812e-06 1.511072e-02 7.717188e+00 6.141153e-04 -1.405617e-01 1.007063e+00
1.063327e-01 8.498526e-07 1.332636e-03 7.564001e+00 6.019236e-04 -2.623158e-01 4.509642e-01
1.096478e-01 8.028676e-06 3.027304e-02 7.667733e+00 6.101779e-04 1.092259e-01 1.277515e+00
1.130663e-01 2.241483e-06 1.145967e-02 7.772987e+00 6.185570e-04 -2.342135e-01 6.660464e-01
1.165914e-01 3.475597e-06 2.582348e-03 7.751507e+00 6.168472e-04 -3.030615e-01 6.809752e-01
1.202264e-01 5.697685e-06 1.040955e-02 7.409155e+00 5.896024e-04 -2.216606e-01 7.714204e-01
1.239747e-01 1.976370e-06 2.956249e-03 7.687546e+00 6.117557e-04 -2.870270e-01 4.905845e-01
1.278399e-01 3.154915e-06 1.784422e-02 7.478317e+00 5.951052e-04 -7.590890e-02 5.940238e-01
1.318256e-01 8.405728e-06 3.062124e-02 8.164950e+00 6.497463e-04 -2.543398e-01 1.043676e+00
1.359356e-01 9.720414e-06 3.046715e-02 8.019772e+00 6.381939e-04 -1.515349e-01 1.011631e+00
1.401737e-01 1.819668e-05 4.949377e-02 8.148061e+00 6.484035e-04 2.323830e-02 1.408073e+00
1.445439e-01 1.130253e-05 2.650315e-02 8.026360e+00 6.387178e-04 -1.525027e-01 9.938809e-01
1.490504e-01 2.617379e-05 6.765413e-02 8.623625e+00 6.862450e-04 2.707481e-03 1.623412e+00
1.536974e-01 2.656227e-05 6.673202e-02 8.313221e+00 6.615445e-04 -9.724236e-02 1.651249e+00
1.584892e-01 2.763322e-05 6.796162e-02 7.944573e+00 6.322088e-04 -1.271161e-01 1.549294e+00
1.634305e-01 3.361077e-05 7.582471e-02 9.313906e+00 7.411797e-04 -5.124265e-02 1.655961e+00
1.685258e-01 3.751325e-05 9.705164e-02 8.876940e+00 7.064034e-04 -1.837450e-02 1.627260e+00
1.737800e-01 5.554959e-05 1.276244e-01 9.797968e+00 7.796966e-04 3.100991e-03 1.921890e+00
1.791980e-01 5.994284e-05 1.225409e-01 9.662881e+00 7.689483e-04 3.612280e-03 1.845536e+00
1.847849e-01 6.959946e-05 1.633332e-01 9.847675e+00 7.836523e-04 2.369295e-01 1.720232e+00
1.905460e-01 7.475886e-05 1.747224e-01 1.043843e+01 8.306657e-04 2.061796e-02 1.739381e+00
1.964867e-01 1.116798e-04 2.234440e-01 1.135493e+01 9.035964e-04 8.084929e-02 1.664485e+00
2.026126e-01 1.255074e-04 2.037356e-01 1.182399e+01 9.409224e-04 4.860651e-02 1.642775e+00
2.089295e-01 1.354160e-04 2.369374e-01 1.217039e+01 9.684917e-04 7.792318e-02 1.665143e+00
2.154433e-01 1.900487e-04 3.108103e-01 1.420731e+01 1.130583e-03 1.898165e-01 1.585217e+00
2.221602e-01 2.790913e-04 3.831615e-01 1.727235e+01 1.374489e-03 1.988614e-01 1.475783e+00
2.290866e-01 2.652791e-04 3.453265e-01 1.674553e+01 1.332564e-03 1.684701e-01 1.457560e+00
2.362289e-01 3.853592e-04 5.135106e-01 2.227904e+01 1.772909e-03 1.712935e-01 1.392503e+00
2.435938e-01 4.835245e-04 5.550072e-01 2.426439e+01 1.930901e-03 9.324801e-02 1.164631e+00
2.511884e-01 6.324003e-04 5.832592e-01 3.157302e+01 2.512495e-03 1.043547e-01 1.026706e+00
2.590198e-01 7.553957e-04 6.219693e-01 3.510779e+01 2.793791e-03 1.357745e-01 9.000530e-01
2.670953e-01 9.395314e-04 6.859823e-01 4.481814e+01 3.566521e-03 1.570822e-01 8.503653e-01
2.754226e-01 1.217937e-03 7.714608e-01 5.361491e+01 4.266553e-03 7.647038e-03 6.653082e-01
2.840095e-01 1.487808e-03 7.039070e-01 6.089326e+01 4.845729e-03 7.875788e-02 5.644556e-01
2.928641e-01 1.866777e-03 8.190559e-01 8.080241e+01 6.430057e-03 1.120993e-01 5.184820e-01
3.019949e-01 2.236794e-03 7.339298e-01 8.881345e+01 7.067581e-03 5.777347e-02 4.046018e-01
3.114102e-01 2.700310e-03 7.688540e-01 1.073889e+02 8.545686e-03 -2.725106e-02 3.364567e-01
3.211191e-01 3.212351e-03 8.451797e-01 1.311404e+02 1.043577e-02 2.448785e-02 3.041015e-01
3.311307e-01 3.854094e-03 8.488994e-01 1.590092e+02 1.265363e-02 -1.098623e-01 2.539856e-01
3.414545e-01 4.963878e-03 8.577415e-01 1.882261e+02 1.497855e-02 5.861819e-02 1.862192e-01
3.521001e-01 5.818344e-03 9.242018e-01 2.273735e+02 1.809391e-02 2.778375e-02 1.701540e-01
3.630776e-01 6.747415e-03 9.903800e-01 2.713049e+02 2.158961e-02 -5.743462e-02 1.536897e-01
3.743974e-01 8.223623e-03 8.855230e-01 3.079095e+02 2.450300e-02 -6.595880e-02 1.233838e-01
3.860700e-01 9.598150e-03 8.890044e-01 3.692242e+02 2.938146e-02 -1.672697e-02 1.074082e-01
3.981066e-01 1.118967e-02 9.157306e-01 4.241289e+02 3.375095e-02 1.207280e-02 9.388471e-02
4.105185e-01 1.306462e-02 8.389423e-01 4.377244e+02 3.483263e-02 -8.341300e-02 7.310021e-02
4.233173e-01 1.512110e-02 9.791373e-01 5.607773e+02 4.462610e-02 -1.304414e-01 7.104635e-02
4.365152e-01 1.744057e-02 8.611296e-01 5.999818e+02 4.774579e-02 -7.280827e-02 5.606449e-02
4.501246e-01 2.051895e-02 9.965063e-01 7.899388e+02 6.286170e-02 -6.423002e-02 5.526781e-02
4.641582e-01 2.344443e-02 9.299589e-01 8.696518e+02 6.920707e-02 -3.763723e-02 4.940987e-02
4.786294e-01 2.672273e-02 9.107270e-01 8.788616e+02 6.993446e-02 5.673921e-02 3.767836e-02
4.935517e-01 3.076291e-02 9.715158e-01 1.128814e+03 8.982525e-02 1.244581e-02 3.508377e-02
5.089393e-01 3.530435e-02 9.178762e-01 1.136950e+03 9.047244e-02 -2.530187e-02 3.026044e-02
5.248066e-01 4.070136e-02 8.797646e-01 1.305701e+03 1.039021e-01 -4.109037e-02 2.618074e-02
5.411686e-01 4.538793e-02 8.831397e-01 1.555477e+03 1.237765e-01 1.931885e-01 2.512968e-02
5.580408e-01 5.150164e-02 8.347270e-01 1.710632e+03 1.361483e-01 5.030954e-02 2.201951e-02
5.754390e-01 5.812930e-02 9.165181e-01 2.223735e+03 1.769529e-01 -1.061797e-03 2.234995e-02
5.933796e-01 6.582315e-02 8.788334e-01 2.340064e+03 1.862362e-01 1.484568e-01 1.984334e-02
6.118796e-01 7.395888e-02 9.001527e-01 2.897557e+03 2.305733e-01 1.453886e-01 1.889491e-02
6.309564e-01 8.210785e-02 8.821136e-01 3.174468e+03 2.526237e-01 2.180804e-01 1.772511e-02
6.506279e-01 9.210417e-02 9.493958e-01 3.671691e+03 2.922383e-01 1.548768e-01 1.707232e-02
6.709126e-01 1.017875e-01 8.995622e-01 3.675969e+03 2.925343e-01 -6.207049e-03 1.397479e-02
6.918299e-01 1.126414e-01 8.553651e-01 4.151404e+03 3.303336e-01 8.052051e-02 1.314056e-02
7.133992e-01 1.246985e-01 9.380352e-01 4.549063e+03 3.620526e-01 -1.071761e-01 1.153326e-02
7.356411e-01 1.379256e-01 8.610781e-01 4.776286e+03 3.799775e-01 -5.967659e-02 1.036906e-02
7.585764e-01 1.518153e-01 9.205924e-01 5.441817e+03 4.329910e-01 -1.157624e-02 1.034188e-02
7.822267e-01 1.676650e-01 9.273368e-01 6.265584e+03 4.985230e-01 -9.616715e-02 9.815454e-03
8.066144e-01 1.832983e-01 9.750096e-01 7.030523e+03 5.592904e-01 -3.651136e-02 9.061098e-03
8.317624e-01 2.010383e-01 9.749231e-01 7.819800e+03 6.221964e-01 5.412459e-03 8.118272e-03
8.576946e-01 2.188878e-01 9.027838e-01 8.251649e+03 6.566932e-01 -2.618462e-02 7.933140e-03
8.844351e-01 2.383837e-01 9.917783e-01 9.006515e+03 7.169533e-01 -1.036032e-01 7.319331e-03
9.120094e-01 2.581750e-01 1.002970e+00 1.027441e+04 8.178575e-01 -6.801748e-02 7.187128e-03
9.404434e-01 2.800908e-01 1.003795e+00 1.158048e+04 9.216663e-01 -9.378010e-02 7.585287e-03
9.697639e-01 3.034495e-01 1.005245e+00 1.257347e+04 9.999307e-01 -6.990546e-02 6.910682e-03
9.999985e-01 3.289948e-01 9.550062e-01 1.293296e+04 1.029295e+00 -6.346178e-02 6.466508e-03
1.031176e+00 3.544935e-01 9.697570e-01 1.400323e+04 1.113925e+00 -8.910948e-02 6.162167e-03
1.063325e+00 3.808486e-01 1.036291e+00 1.703936e+04 1.355722e+00 -3.864813e-02 6.363869e-03
1.096476e+00 4.103085e-01 1.048860e+00 1.900252e+04 1.512052e+00 4.624844e-02 6.176472e-03
1.130662e+00 4.417891e-01 1.031229e+00 1.923229e+04 1.530553e+00 -2.875078e-02 5.372047e-03
1.165913e+00 4.722226e-01 9.686568e-01 2.100995e+04 1.671604e+00 -1.928246e-02 5.586267e-03
1.202263e+00 5.061930e-01 9.804871e-01 2.172448e+04 1.729616e+00 -3.015393e-02 4.843354e-03
1.239746e+00 5.395336e-01 9.920387e-01 2.245575e+04 1.789140e+00 9.934306e-03 4.715085e-03
1.278398e+00 5.743490e-01 9.878013e-01 2.463253e+04 1.961505e+00 3.413439e-03 4.389286e-03
1.318255e+00 6.121972e-01 9.659175e-01 2.597904e+04 2.067343e+00 -5.124563e-02 4.203439e-03
1.359354e+00 6.516492e-01 9.704191e-01 2.646004e+04 2.107848e+00 1.347589e-02 4.054308e-03
1.401735e+00 6.922805e-01 9.427384e-01 2.669441e+04 2.124719e+00 -4.590046e-02 3.674507e-03
1.445438e+00 7.326923e-01 9.952509e-01 3.071185e+04 2.442869e+00 -7.853031e-03 3.772259e-03
1.490502e+00 7.777396e-01 9.638384e-01 2.996829e+04 2.382072e+00 4.827261e-02 3.381371e-03
1.536972e+00 8.216879e-01 9.666612e-01 3.244997e+04 2.584676e+00 -1.882219e-02 3.627300e-03
1.584891e+00 8.689327e-01 9.037616e-01 3.214951e+04 2.556983e+00 -2.031153e-02 3.003001e-03
1.634303e+00 9.159854e-01 9.813238e-01 3.535711e+04 2.810995e+00 -7.040304e-02 3.094316e-03
1.685256e+00 9.643290e-01 8.505092e-01 3.690608e+04 2.937682e+00 -4.963136e-02 2.840638e-03
1.737798e+00 1.015765e+00 9.475349e-01 3.945958e+04 3.141400e+00 -2.449745e-02 2.687454e-03
1.791978e+00 1.066855e+00 9.063261e-01 3.608648e+04 2.870519e+00 3.157508e-02 2.468348e-03
1.847847e+00 1.122900e+00 8.328733e-01 3.859770e+04 3.075510e+00 -5.810624e-02 2.216220e-03
1.905458e+00 1.176844e+00 9.064487e-01 4.370584e+04 3.474989e+00 -2.095270e-02 2.358556e-03
1.964865e+00 1.233924e+00 8.823599e-01 4.486796e+04 3.575893e+00 5.881059e-02 2.254844e-03
2.026124e+00 1.289809e+00 9.628546e-01 4.878374e+04 3.888792e+00 -2.176648e-02 2.287269e-03
2.089293e+00 1.351272e+00 9.179592e-01 4.965956e+04 3.948953e+00 4.591763e-02 1.996279e-03
2.154431e+00 1.410857e+00 8.865330e-01 5.008315e+04 3.982057e+00 7.727611e-02 1.935363e-03
2.221600e+00 1.475092e+00 9.443961e-01 5.755997e+04 4.584299e+00 3.544962e-02 2.057552e-03
2.290864e+00 1.534876e+00 9.463582e-01 5.746390e+04 4.576023e+00 -2.585042e-02 2.002120e-03
2.362287e+00 1.600424e+00 9.777068e-01 5.840214e+04 4.658147e+00 1.025760e-02 1.867533e-03
2.435936e+00 1.668357e+00 8.919115e-01 6.002134e+04 4.788654e+00 3.615129e-02 1.846790e-03
2.511882e+00 1.733799e+00 9.543804e-01 6.474056e+04 5.162987e+00 5.749929e-02 1.790524e-03
2.590195e+00 1.801650e+00 1.058286e+00 7.827043e+04 6.219139e+00 8.449054e-02 1.896739e-03
2.670950e+00 1.867477e+00 9.793530e-01 7.185705e+04 5.713026e+00 1.460682e-01 1.781821e-03
2.754223e+00 1.936571e+00 9.828060e-01 8.051246e+04 6.385296e+00 1.887418e-01 1.801848e-03
2.840092e+00 2.007658e+00 9.480091e-01 7.844905e+04 6.231235e+00 1.678325e-01 1.558661e-03
2.928639e+00 2.077769e+00 9.307430e-01 7.956280e+04 6.358559e+00 6.938839e-02 1.569748e-03
3.019946e+00 2.151820e+00 9.191485e-01 8.475680e+04 6.740530e+00 1.220520e-01 1.587629e-03
3.114099e+00 2.221720e+00 9.918041e-01 9.069468e+04 7.215449e+00 6.505227e-02 1.626730e-03
3.211188e+00 2.296729e+00 8.866801e-01 8.364526e+04 6.650130e+00 1.911974e-02 1.480103e-03
3.311304e+00 2.373009e+00 1.018873e+00 9.839046e+04 7.840610e+00 6.000113e-02 1.570463e-03
3.414541e+00 2.450002e+00 1.010700e+00 9.681227e+04 7.704373e+00 5.559242e-02 1.500130e-03
3.520998e+00 2.521184e+00 9.931153e-01 1.062466e+05 8.456858e+00 4.331255e-02 1.556516e-03
3.630773e+00 2.600899e+00 9.721549e-01 1.136326e+05 8.995438e+00 -2.219325e-02 1.479626e-03
3.743970e+00 2.671200e+00 8.998543e-01 9.479628e+04 7.519753e+00 9.203529e-02 1.262426e-03
3.860697e+00 2.751358e+00 9.670942e-01 1.076679e+05 8.573996e+00 2.439715e-01 1.349688e-03
3.981063e+00 2.832200e+00 9.858811e-01 1.129696e+05 8.983978e+00 1.222395e-01 1.305461e-03
4.105181e+00 2.908096e+00 9.853573e-01 1.178018e+05 9.360858e+00 2.880871e-02 1.263380e-03
4.233170e+00 2.986427e+00 9.990028e-01 1.243882e+05 9.890525e+00 1.009336e-01 1.329541e-03
4.365148e+00 3.070380e+00 1.004030e+00 1.327947e+05 1.058571e+01 3.278279e-02 1.299500e-03
4.501241e+00 3.149221e+00 9.476408e-01 1.257001e+05 9.994931e+00 1.685256e-01 1.184106e-03
4.641578e+00 3.226412e+00 9.327653e-01 1.341993e+05 1.072577e+01 -5.846465e-02 1.304984e-03
4.786289e+00 3.307744e+00 1.000511e+00 1.430055e+05 1.136239e+01 1.222122e-02 1.301646e-03
4.935513e+00 3.387250e+00 9.743587e-01 1.512999e+05 1.201429e+01 -3.333247e-02 1.273394e-03
5.089388e+00 3.467387e+00 1.007938e+00 1.512960e+05 1.194299e+01 8.280456e-02 1.202583e-03
5.248061e+00 3.542704e+00 9.619244e-01 1.657102e+05 1.319840e+01 -6.156319e-02 1.275182e-03
5.411681e+00 3.619899e+00 9.474122e-01 1.670230e+05 1.330535e+01 -1.735765e-02 1.197815e-03
5.580403e+00 3.689476e+00 9.436432e-01 1.739927e+05 1.382229e+01 4.053569e-02 1.103044e-03
5.754384e+00 3.740704e+00 9.804910e-01 1.641810e+05 1.308381e+01 -4.775268e-02 1.116753e-03
5.933790e+00 3.780465e+00 9.925169e-01 1.854376e+05 1.476958e+01 9.495533e-02 1.217127e-03
6.118789e+00 3.783282e+00 9.968670e-01 1.944300e+05 1.548769e+01 -8.061492e-02 1.221299e-03
6.309556e+00 3.757764e+00 1.007091e+00 2.035761e+05 1.622617e+01 1.254964e-01 1.206160e-03
6.506271e+00 3.702028e+00 9.754109e-01 1.959625e+05 1.556917e+01 1.905537e-02 1.246452e-03
6.709118e+00 3.614337e+00 1.010277e+00 2.227536e+05 1.776678e+01 7.088172e-02 1.440883e-03
6.918290e+00 3.494303e+00 1.024388e+00 2.417755e+05 1.918008e+01 -3.196895e-02 1.554012e-03
7.133984e+00 3.354841e+00 9.445859e-01 2.276718e+05 1.820733e+01 -1.323412e-01 1.523018e-03
7.356401e+00 3.208148e+00 9.836359e-01 2.521919e+05 2.001533e+01 -3.480846e-02 1.692891e-03
7.585754e+00 3.056686e+00 1.012207e+00 2.734492e+05 2.176476e+01 4.742110e-02 1.775503e-03
7.822257e+00 2.899697e+00 1.005004e+00 2.948778e+05 2.343779e+01 3.606212e-02 1.924157e-03
8.066133e+00 2.747541e+00 9.817358e-01 3.230910e+05 2.566342e+01 1.195540e-01 2.014756e-03
8.317613e+00 2.592602e+00 9.635346e-01 3.363372e+05 2.673931e+01 -1.958406e-02 2.131581e-03
8.576933e+00 2.440611e+00 1.046376e+00 3.685492e+05 2.934817e+01 3.119338e-02 2.314329e-03
8.844338e+00 2.303518e+00 1.043966e+00 3.921187e+05 3.123384e+01 7.299662e-03 2.406359e-03
9.120080e+00 2.170578e+00 9.957770e-01 3.900656e+05 3.101739e+01 -7.611781e-02 2.568841e-03
9.404419e+00 2.033165e+00 9.931175e-01 4.179231e+05 3.324683e+01 -2.336264e-03 2.505422e-03
9.697623e+00 1.902745e+00 1.005885e+00 4.325676e+05 3.443986e+01 -2.868128e-02 2.404690e-03
9.999969e+00 1.782601e+00 9.825538e-01 4.596733e+05 3.657954e+01 2.656829e-02 2.421379e-03
1.031174e+01 1.659180e+00 9.900362e-01 4.361648e+05 3.471552e+01 4.063332e-02 2.314448e-03
1.063323e+01 1.552100e+00 1.022337e+00 4.878393e+05 3.883635e+01 9.290600e-02 2.607465e-03
1.096475e+01 1.434081e+00 1.020576e+00 4.872917e+05 3.877651e+01 1.431696e-01 2.558947e-03
1.130660e+01 1.324205e+00 1.014240e+00 5.033699e+05 4.006376e+01 5.713749e-02 2.410293e-03
1.165911e+01 1.234201e+00 9.708634e-01 5.234717e+05 4.166072e+01 3.462493e-02 2.503872e-03
1.202261e+01 1.140584e+00 9.590550e-01 5.175758e+05 4.118866e+01 2.360880e-02 2.337575e-03
1.239744e+01 1.053810e+00 9.294204e-01 4.874578e+05 3.878447e+01 -3.777099e-02 2.337456e-03
1.278396e+01 9.597458e-01 9.886115e-01 5.780459e+05 4.600374e+01 -5.459130e-03 2.474427e-03
1.318252e+01 8.868920e-01 1.021921e+00 6.102948e+05 4.856581e+01 -6.284177e-03 2.697825e-03
1.359352e+01 8.062010e-01 1.009363e+00 5.872692e+05 4.673171e+01 -7.855654e-03 2.470136e-03
1.401733e+01 7.254601e-01 9.995416e-01 5.542112e+05 4.410311e+01 -5.259383e-02 2.321601e-03
1.445435e+01 6.635951e-01 1.004892e+00 6.363026e+05 5.063706e+01 3.048897e-02 2.423882e-03
1.490500e+01 6.069425e-01 9.720068e-01 6.013769e+05 4.785622e+01 1.013649e-01 2.510786e-03
1.536969e+01 5.465391e-01 9.583996e-01 6.354772e+05 5.056989e+01 5.889058e-03 2.414703e-03
1.584888e+01 5.002660e-01 8.480436e-01 6.053265e+05 4.817079e+01 1.154966e-01 2.276659e-03
1.634300e+01 4.493479e-01 9.285084e-01 5.891560e+05 4.688231e+01 1.004465e-01 2.407551e-03
1.685253e+01 4.026222e-01 1.005548e+00 7.287448e+05 5.799173e+01 -5.923069e-02 2.251625e-03
1.737795e+01 3.695409e-01 1.018184e+00 7.973895e+05 6.345432e+01 -1.127522e-01 2.169967e-03
1.791974e+01 3.222170e-01 9.668697e-01 6.985256e+05 5.558691e+01 -1.887721e-02 2.262235e-03
1.847843e+01 2.985284e-01 9.621137e-01 7.234114e+05 5.756740e+01 -3.011292e-02 2.232194e-03
1.905454e+01 2.711177e-01 9.258813e-01 7.125968e+05 5.670645e+01 -1.377743e-02 2.438545e-03
1.964861e+01 2.520322e-01 9.923536e-01 8.395814e+05 6.681196e+01 -4.803663e-02 2.332330e-03
2.026120e+01 2.407153e-01 9.259450e-01 7.347329e+05 5.846832e+01 -2.426678e-02 2.450347e-03
2.089288e+01 2.328200e-01 9.055595e-01 7.668526e+05 6.102409e+01 -1.378125e-02 2.398014e-03
2.154427e+01 2.273894e-01 9.399757e-01 8.654851e+05 6.887308e+01 -3.072083e-03 2.257466e-03
2.221596e+01 2.315108e-01 9.598017e-01 8.521811e+05 6.781447e+01 4.496229e-02 2.558827e-03
2.290859e+01 2.261383e-01 9.072623e-01 8.433646e+05 6.711281e+01 2.209425e-02 2.408147e-03
2.362282e+01 2.306060e-01 1.003802e+00 9.145755e+05 7.277965e+01 -6.923079e-04 2.436876e-03
2.435931e+01 2.337051e-01 9.585179e-01 8.935732e+05 7.110838e+01 9.150136e-02 2.432704e-03
2.511877e+01 2.588724e-01 9.580645e-01 9.143289e+05 7.275967e+01 1.955414e-02 2.528787e-03
2.590190e+01 2.833813e-01 9.430347e-01 9.655610e+05 7.683651e+01 3.642190e-02 2.804995e-03
2.670945e+01 3.069060e-01 9.462672e-01 9.830822e+05 7.823130e+01 8.846760e-03 2.702117e-03
2.754218e+01 3.519011e-01 1.091160e+00 1.075777e+06 8.560789e+01 1.539350e-01 2.568841e-03
2.840087e+01 3.760581e-01 9.352617e-01 1.043021e+06 8.300038e+01 1.241430e-01 2.533078e-03
2.928633e+01 4.052336e-01 9.649004e-01 1.031221e+06 8.206156e+01 1.139888e-01 2.500534e-03
3.019939e+01 4.615263e-01 9.454057e-01 1.071804e+06 8.529297e+01 2.164559e-01 2.758741e-03
3.114093e+01 5.047200e-01 1.001756e+00 1.195336e+06 9.512206e+01 1.264979e-01 2.442241e-03
3.211182e+01 5.508074e-01 9.757788e-01 1.120743e+06 8.918566e+01 2.121711e-02 2.581954e-03
3.311298e+01 6.103789e-01 9.462208e-01 1.130702e+06 8.998087e+01 8.263445e-02 2.736330e-03
3.414534e+01 6.790676e-01 9.244525e-01 1.203110e+06 9.573902e+01 1.973760e-01 2.562165e-03
3.520990e+01 7.447399e-01 9.980596e-01 1.339870e+06 1.066206e+02 1.622880e-01 2.604127e-03
3.630765e+01 8.082927e-01 9.573937e-01 1.232412e+06 9.806969e+01 8.055091e-03 2.562284e-03
3.743962e+01 8.918153e-01 9.955505e-01 1.323255e+06 1.053028e+02 1.870649e-01 2.594352e-03
3.860689e+01 9.869072e-01 9.443170e-01 1.205728e+06 9.595070e+01 1.698132e-01 2.681732e-03
3.981054e+01 1.065357e+00 1.072538e+00 1.389798e+06 1.105917e+02 1.547896e-01 2.302289e-03
4.105173e+01 1.154748e+00 9.458693e-01 1.349548e+06 1.073974e+02 5.304718e-02 2.620816e-03
4.233161e+01 1.239762e+00 9.715936e-01 1.401113e+06 1.114976e+02 1.834069e-01 2.468348e-03
4.365139e+01 1.342895e+00 9.792464e-01 1.435788e+06 1.142535e+02 1.887164e-01 2.389550e-03
4.501232e+01 1.437882e+00 9.832750e-01 1.564532e+06 1.245025e+02 1.665423e-01 2.538204e-03
4.641568e+01 1.534122e+00 9.277775e-01 1.390183e+06 1.106509e+02 1.512132e-01 2.478004e-03
4.786279e+01 1.609409e+00 9.876691e-01 1.593346e+06 1.268051e+02 1.382741e-01 2.513885e-03
4.935502e+01 1.666967e+00 9.307772e-01 1.610734e+06 1.281815e+02 -2.217889e-03 2.351522e-03
5.089378e+01 1.717345e+00 9.082341e-01 1.522122e+06 1.211207e+02 6.432307e-02 2.526879e-03
5.248050e+01 1.728839e+00 9.735048e-01 1.609157e+06 1.280605e+02 6.077969e-02 2.512455e-03
5.411670e+01 1.704944e+00 9.989223e-01 1.799812e+06 1.432388e+02 8.610964e-03 2.413988e-03
5.580391e+01 1.663771e+00 9.801206e-01 1.801039e+06 1.433158e+02 5.528510e-02 2.504110e-03
5.754372e+01 1.590925e+00 8.757398e-01 1.618294e+06 1.288003e+02 1.026692e-01 2.528191e-03
5.933778e+01 1.506546e+00 9.779117e-01 1.926446e+06 1.532980e+02 8.550632e-02 2.567172e-03
6.118777e+01 1.394430e+00 8.506176e-01 1.751524e+06 1.393930e+02 5.366802e-03 2.509475e-03
6.309543e+01 1.293965e+00 1.023884e+00 2.175031e+06 1.730829e+02 3.282070e-02 2.537012e-03
6.506258e+01 1.202257e+00 9.210021e-01 1.951352e+06 1.552738e+02 2.616978e-02 2.525687e-03
6.709105e+01 1.104282e+00 9.547040e-01 2.044958e+06 1.627283e+02 4.214013e-02 2.492189e-03
6.918276e+01 1.030580e+00 1.001823e+00 2.305699e+06 1.834802e+02 -7.051104e-02 2.551556e-03
7.133969e+01 9.500723e-01 9.714807e-01 2.286036e+06 1.819192e+02 5.215907e-02 2.497077e-03
7.356387e+01 8.640711e-01 9.847501e-01 2.296469e+06 1.827473e+02 -1.273865e-02 2.498269e-03
7.585738e+01 8.055840e-01 9.343438e-01 2.361686e+06 1.879405e+02 -3.942251e-04 2.466083e-03
7.822240e+01 7.577806e-01 9.517835e-01 2.579312e+06 2.052580e+02 -2.347594e-02 2.459645e-03
8.066116e+01 7.173716e-01 9.122823e-01 2.433608e+06 1.936618e+02 4.188418e-03 2.683997e-03
8.317596e+01 7.041667e-01 9.488147e-01 2.596669e+06 2.066379e+02 -5.364776e-03 2.686620e-03
8.576916e+01 6.669772e-01 9.887502e-01 2.843620e+06 2.262918e+02 -4.053825e-02 2.521157e-03
8.844320e+01 6.456766e-01 9.362987e-01 2.914757e+06 2.319480e+02 7.264030e-02 2.295494e-03
9.120061e+01 6.438313e-01 8.803814e-01 2.795168e+06 2.224329e+02 -9.396911e-03 2.426624e-03
9.404400e+01 6.559342e-01 9.921691e-01 3.180342e+06 2.530823e+02 -5.258894e-02 2.532840e-03
9.697604e+01 6.505888e-01 9.732555e-01 3.137402e+06 2.496655e+02 6.160057e-02 2.508879e-03
9.999948e+01 6.795385e-01 9.169917e-01 2.999027e+06 2.386575e+02 3.815210e-02 2.532125e-03
1.031172e+02 7.194924e-01 9.159712e-01 3.280003e+06 2.610156e+02 1.764779e-01 2.545118e-03
1.063321e+02 7.633718e-01 9.583220e-01 3.275512e+06 2.606555e+02 5.460978e-04 2.536893e-03
1.096473e+02 8.049684e-01 9.802972e-01 3.343445e+06 2.660652e+02 9.757829e-02 2.605438e-03
1.130658e+02 8.678219e-01 9.618192e-01 3.501652e+06 2.786507e+02 8.928370e-02 2.514839e-03
1.165908e+02 9.404261e-01 9.358993e-01 3.455812e+06 2.750013e+02 1.085457e-01 2.524495e-03
1.202258e+02 1.012582e+00 9.615796e-01 4.058434e+06 3.229677e+02 -1.259387e-03 2.667189e-03
1.239741e+02 1.085566e+00 1.040405e+00 4.123465e+06 3.281412e+02 -1.732087e-02 2.471209e-03
1.278393e+02 1.167384e+00 9.739118e-01 4.150868e+06 3.303134e+02 3.491271e-02 2.535939e-03
1.318250e+02 1.238653e+00 9.175606e-01 3.905832e+06 3.108153e+02 2.500832e-02 2.351642e-03
1.359349e+02 1.296124e+00 9.314870e-01 4.073642e+06 3.241773e+02 -3.568107e-02 2.528310e-03
1.401730e+02 1.322762e+00 9.218732e-01 4.326486e+06 3.442986e+02 -1.146877e-02 2.395988e-03
1.445432e+02 1.310766e+00 9.910468e-01 4.853898e+06 3.862672e+02 -9.993434e-03 2.587199e-03
1.490497e+02 1.313983e+00 9.498335e-01 4.716207e+06 3.753090e+02 -8.539498e-03 2.693892e-03
1.536966e+02 1.262166e+00 9.910737e-01 4.997822e+06 3.977075e+02 5.378640e-02 2.700686e-03
1.584885e+02 1.215234e+00 9.410565e-01 5.062637e+06 4.028708e+02 4.457879e-02 2.629161e-03
1.634297e+02 1.148233e+00 9.227158e-01 5.143798e+06 4.093319e+02 -2.317339e-02 2.600074e-03
1.685250e+02 1.056068e+00 9.011670e-01 4.992052e+06 3.972590e+02 -2.904963e-02 2.617240e-03
1.737791e+02 1.012746e+00 9.384569e-01 5.557348e+06 4.422429e+02 6.918275e-02 2.487421e-03
1.791971e+02 9.267083e-01 9.170582e-01 5.435354e+06 4.325325e+02 1.127592e-01 2.427101e-03
1.847840e+02 8.835581e-01 9.488119e-01 6.034752e+06 4.802314e+02 -9.654737e-02 2.721429e-03
1.905450e+02 8.452860e-01 1.039050e+00 6.731898e+06 5.357092e+02 1.793468e-02 2.527952e-03
1.964857e+02 8.060291e-01 8.867943e-01 5.691694e+06 4.529329e+02 5.763161e-02 2.406359e-03
2.026116e+02 8.061874e-01 9.651517e-01 6.559334e+06 5.219796e+02 7.262468e-02 2.755642e-03
2.089284e+02 7.969398e-01 9.727082e-01 7.073839e+06 5.629150e+02 1.593386e-01 2.529263e-03
2.154422e+02 8.399366e-01 9.481494e-01 6.471266e+06 5.149714e+02 3.569531e-02 2.449512e-03
2.221591e+02 8.679788e-01 9.876691e-01 7.209780e+06 5.737326e+02 8.076668e-02 2.507806e-03
2.290854e+02 8.967706e-01 9.116995e-01 6.954653e+06 5.534352e+02 6.317580e-02 2.569437e-03
2.362277e+02 9.290216e-01 9.440046e-01 7.529298e+06 5.991646e+02 -1.935953e-02 2.512693e-03
2.435926e+02 9.719133e-01 9.614371e-01 8.108584e+06 6.452603e+02 1.128464e-01 2.447605e-03
2.511872e+02 1.054664e+00 9.748013e-01 8.962874e+06 7.132360e+02 2.049595e-01 2.676845e-03
2.590185e+02 1.117047e+00 9.674103e-01 8.022271e+06 6.383947e+02 1.949859e-02 2.702594e-03
2.670940e+02 1.176144e+00 9.605552e-01 8.853789e+06 7.045697e+02 1.654625e-01 2.691627e-03
2.754212e+02 1.160048e+00 9.256507e-01 8.274106e+06 6.584323e+02 1.440883e-01 2.607346e-03
2.840081e+02 1.179569e+00 9.821055e-01 8.948072e+06 7.120685e+02 1.082790e-01 2.636433e-03
2.928627e+02 1.162286e+00 1.056604e+00 1.019685e+07 8.114438e+02 4.661512e-02 2.711177e-03
3.019933e+02 1.118599e+00 1.022030e+00 1.024936e+07 8.156230e+02 3.819036e-02 2.570271e-03
3.114087e+02 1.085729e+00 9.672593e-01 1.019320e+07 8.111488e+02 1.144079e-01 2.662539e-03
3.211176e+02 1.001194e+00 9.376108e-01 1.015532e+07 8.081357e+02 6.126523e-02 2.363563e-03
3.311291e+02 9.706508e-01 9.547416e-01 1.017779e+07 8.099192e+02 9.651184e-02 2.503276e-03
3.414528e+02 9.341887e-01 9.846810e-01 1.109870e+07 8.832078e+02 7.816589e-02 2.331853e-03
3.520984e+02 9.262599e-01 9.342530e-01 1.114396e+07 8.868094e+02 3.771281e-02 2.331257e-03
3.630758e+02 8.644820e-01 9.450058e-01 1.136543e+07 9.044297e+02 7.162213e-02 2.427936e-03
3.743955e+02 8.966280e-01 9.248823e-01 1.136409e+07 9.043242e+02 6.592953e-02 2.594113e-03
3.860681e+02 9.319714e-01 1.012539e+00 1.335980e+07 1.063143e+03 1.738056e-01 2.469540e-03
3.981047e+02 9.707434e-01 9.584059e-01 1.219133e+07 9.701529e+02 3.767562e-02 2.453566e-03
4.105165e+02 9.903802e-01 9.624417e-01 1.341066e+07 1.067190e+03 7.840693e-02 2.548575e-03
4.233152e+02 1.013772e+00 9.661479e-01 1.277036e+07 1.016231e+03 1.521337e-02 2.547622e-03
4.365131e+02 1.037209e+00 9.668974e-01 1.378453e+07 1.096943e+03 5.073667e-02 2.630591e-03
4.501223e+02 1.075211e+00 9.990861e-01 1.484871e+07 1.181631e+03 7.165229e-02 2.497077e-03
4.641559e+02 1.083618e+00 9.621906e-01 1.416573e+07 1.127282e+03 -1.898956e-02 2.302647e-03
4.786270e+02 1.109912e+00 9.722382e-01 1.588234e+07 1.263879e+03 -3.314871e-02 2.598524e-03
4.935493e+02 1.104211e+00 9.224396e-01 1.556607e+07 1.238719e+03 -2.630955e-02 2.655387e-03
5.089368e+02 1.024060e+00 9.292027e-01 1.535986e+07 1.222295e+03 3.830969e-02 2.413988e-03
5.248040e+02 9.479800e-01 1.022672e+00 1.717521e+07 1.366760e+03 2.803278e-02 2.606034e-03
5.411660e+02 9.715037e-01 9.438472e-01 1.650072e+07 1.313087e+03 -8.458495e-04 2.802849e-03
5.580380e+02 9.359961e-01 1.021999e+00 1.908316e+07 1.518590e+03 3.572762e-02 2.699971e-03
5.754362e+02 9.728892e-01 9.820653e-01 1.854928e+07 1.476106e+03 3.501618e-02 2.521634e-03
5.933766e+02 9.669831e-01 9.443961e-01 1.961934e+07 1.561260e+03 1.594516e-01 2.505541e-03
6.118765e+02 9.837586e-01 9.547664e-01 1.943651e+07 1.546702e+03 2.018440e-02 2.676725e-03
6.309531e+02 9.940867e-01 9.445633e-01 1.909294e+07 1.519368e+03 -1.056480e-02 2.476811e-03
6.506245e+02 1.078181e+00 9.408737e-01 1.966583e+07 1.564960e+03 1.126734e-01 2.471209e-03
6.709092e+02 1.043743e+00 1.016049e+00 2.168293e+07 1.725483e+03 5.475283e-02 2.588153e-03
6.918263e+02 1.029490e+00 1.013554e+00 2.193676e+07 1.745669e+03 1.883519e-02 2.470613e-03
7.133955e+02 1.021868e+00 9.893987e-01 2.261939e+07 1.799995e+03 5.124140e-02 2.483845e-03
7.356372e+02 1.027867e+00 9.977786e-01 2.333172e+07 1.856682e+03 6.644320e-02 2.397180e-03
7.585724e+02 1.041311e+00 9.848346e-01 2.534673e+07 2.017026e+03 -1.490289e-02 2.531886e-03
7.822225e+02 9.566684e-01 1.013528e+00 2.462186e+07 1.959349e+03 1.411949e-01 2.586246e-03
8.066101e+02 1.009255e+00 9.537877e-01 2.419669e+07 1.925513e+03 5.749631e-02 2.398849e-03
8.317580e+02 1.013456e+00 9.745222e-01 2.778251e+07 2.210856e+03 5.321205e-02 2.546430e-03
8.576899e+02 9.952338e-01 9.911207e-01 2.637310e+07 2.098704e+03 -1.726925e-03 2.617836e-03
8.844303e+02 9.840937e-01 1.020437e+00 3.116483e+07 2.480020e+03 -2.798057e-02 2.582550e-03
9.120044e+02 1.006571e+00 9.454132e-01 2.854555e+07 2.271588e+03 1.825873e-01 2.319098e-03
9.404382e+02 1.023551e+00 1.019956e+00 3.177474e+07 2.528550e+03 7.693768e-03 2.453327e-03
9.697585e+02 1.055860e+00 9.725758e-01 3.245565e+07 2.582739e+03 9.296513e-02 2.641320e-03
