#./double_munderdamped_3d --dev=1 --amp=250.0 --omega=1 --mass=0.01 --force=0 --Dg=0.01 --block=256 --paths=1024 --periods=1000 --trans=100 --samples=10000 --spp=10000 --algorithm=euler --pav=1 --mode=moments --domain=1d --domainx=s:-1:3:300:1 --domainy=s:-1:2:100:1 --domainz=a:-1:2.5:100:1 --q=2 --eps=0 --phi=1.57079632679 --lambda=5.0 --zeta=0.2 --comp=0 --mean=1.0 --second=0.1 --skew=0.99 --distribution=s>> 1D_double_s:-1:3:300:1_250.0_5.0_0.99_1.0_0.01.dat
#s <<v>> <<v^2>> qnu(q) mu_q Dx Gx Gv EBx EBv
1.000000e-01 1.036649e-06 4.379488e+01 4.280158e-01 2.470638e-03 1.966071e-07 2.063796e+01 1.193440e+01 1.678691e-04 1.052765e+02
1.031177e-01 2.613252e-07 4.477708e+01 -4.855336e-02 1.658971e-03 1.320167e-07 1.536388e+01 1.065112e+01 1.724367e-04 1.472106e+03
1.063327e-01 5.232278e-07 4.574631e+01 2.762786e-01 2.225014e-03 1.770609e-07 1.019221e+01 1.385087e+01 1.601109e-04 4.414565e+02
1.096478e-01 -5.648142e-07 4.674305e+01 3.329462e-01 2.442198e-03 1.943439e-07 3.443744e+01 1.395904e+01 1.553780e-04 4.042327e+02
1.130663e-01 2.897436e-07 4.777385e+01 -3.252491e-01 1.385137e-03 1.102257e-07 1.278915e+01 1.479955e+01 1.679667e-04 1.186174e+03
1.165914e-01 -1.542805e-07 4.883393e+01 3.236409e-01 2.516277e-03 2.002389e-07 3.007525e+01 8.271239e+00 1.727413e-04 5.518632e+03
1.202264e-01 -3.684755e-07 4.996010e+01 -9.317226e-02 1.818833e-03 1.447381e-07 1.644664e+01 2.087026e+01 1.810950e-04 8.733847e+02
1.239748e-01 -3.834730e-07 5.114188e+01 -3.898279e-01 1.408351e-03 1.120730e-07 1.402980e+01 1.817633e+01 1.731597e-04 7.789122e+02
1.278400e-01 -2.267487e-07 5.228014e+01 -4.525009e-02 1.992262e-03 1.585392e-07 1.345167e+01 3.196271e+01 1.644977e-04 2.693682e+03
1.318257e-01 -1.406972e-07 5.346392e+01 1.626406e-01 2.415422e-03 1.922131e-07 1.302642e+01 3.663752e+01 1.785624e-04 8.401865e+03
1.359356e-01 2.477593e-07 5.471215e+01 4.031620e-01 2.978232e-03 2.370001e-07 2.469504e+01 1.879214e+01 1.858646e-04 2.416099e+03
1.401737e-01 3.715134e-08 5.596290e+01 -8.088044e-02 2.030982e-03 1.616204e-07 1.495431e+01 1.035320e+01 1.867407e-04 1.027866e+05
1.445440e-01 -7.939020e-08 5.728942e+01 1.052802e-01 2.425015e-03 1.929765e-07 2.647225e+01 1.557110e+01 1.761919e-04 2.053765e+04
1.490505e-01 -4.126579e-07 5.873040e+01 -2.759120e-01 1.769391e-03 1.408037e-07 1.228045e+01 1.371747e+01 1.746805e-04 7.268727e+02
1.536975e-01 -4.039697e-07 6.008084e+01 -1.547111e-02 2.302002e-03 1.831875e-07 1.781339e+01 2.274248e+01 1.794355e-04 9.223242e+02
1.584893e-01 4.637574e-07 6.151949e+01 -1.050793e-01 2.081434e-03 1.656353e-07 1.309867e+01 2.909050e+01 1.904093e-04 5.026555e+02
1.634306e-01 5.463086e-07 6.297927e+01 -5.664029e-02 2.290053e-03 1.822366e-07 9.138693e+00 2.706972e+01 1.759362e-04 4.624711e+02
1.685259e-01 -8.311590e-08 6.458902e+01 -1.631145e-02 2.489191e-03 1.980835e-07 9.293733e+00 1.228502e+01 1.660045e-04 2.223643e+04
1.737801e-01 -5.195891e-09 6.618309e+01 -5.280296e-02 2.448848e-03 1.948731e-07 1.229136e+01 3.003691e+01 1.756276e-04 6.087202e+06
1.791981e-01 -3.802632e-07 6.780286e+01 -3.985048e-02 2.588855e-03 2.060145e-07 2.150346e+01 8.650278e+00 1.633375e-04 1.249872e+03
1.847850e-01 1.087261e-06 6.954045e+01 4.014540e-01 3.698554e-03 2.943216e-07 1.366919e+01 1.172355e+01 1.949228e-04 1.418217e+02
1.905461e-01 1.106604e-06 7.123452e+01 6.092398e-01 4.808135e-03 3.826192e-07 1.738136e+01 1.108981e+01 1.826973e-04 2.048772e+02
1.964868e-01 4.868795e-07 7.304452e+01 -1.799254e-02 2.794435e-03 2.223741e-07 1.067034e+01 2.152168e+01 1.888039e-04 7.286906e+02
2.026127e-01 6.124910e-07 7.489612e+01 1.641609e-01 3.315735e-03 2.638578e-07 2.124690e+01 6.388981e+00 1.745466e-04 4.531297e+02
2.089296e-01 -3.809192e-07 7.679624e+01 -3.367792e-01 2.243994e-03 1.785713e-07 1.109534e+01 3.125478e+01 1.860585e-04 1.279726e+03
2.154435e-01 6.444961e-08 7.872408e+01 -2.215531e-01 2.635243e-03 2.097060e-07 1.213058e+01 2.079714e+01 1.726124e-04 5.103944e+04
2.221604e-01 -4.467373e-07 8.084287e+01 -4.952315e-01 2.057223e-03 1.637086e-07 1.249789e+01 1.542701e+01 1.780391e-04 8.978333e+02
2.290868e-01 6.344418e-08 8.292516e+01 1.534087e-02 3.180068e-03 2.530618e-07 1.241433e+01 2.949147e+01 1.799231e-04 4.454301e+04
2.362291e-01 -2.157718e-07 8.502388e+01 2.860880e-01 4.435119e-03 3.529356e-07 1.337915e+01 1.946262e+01 1.979836e-04 6.061784e+03
2.435940e-01 8.800666e-07 8.729811e+01 3.356084e-01 4.484944e-03 3.569005e-07 1.146589e+01 1.640553e+01 1.769371e-04 2.825387e+02
2.511886e-01 3.952204e-06 8.950067e+01 7.947883e-01 1.945204e-01 1.547944e-05 6.470806e+01 7.990315e+00 1.688606e-04 3.201786e+02
2.590200e-01 1.789250e-06 9.193722e+01 6.095285e-01 7.990944e-02 6.358991e-06 1.512292e+02 1.937578e+01 1.817551e-04 8.102590e+02
2.670956e-01 3.500661e-06 9.429416e+01 1.148457e+00 1.560745e-01 1.242001e-05 8.079408e+01 1.461178e+01 1.849397e-04 4.097508e+02
2.754229e-01 7.021999e-06 9.680211e+01 1.512738e+00 2.679364e-01 2.132170e-05 4.590522e+01 1.726112e+01 1.717503e-04 1.730334e+02
2.840098e-01 2.852727e-06 9.949027e+01 3.527727e-01 1.567126e-01 1.247079e-05 7.996495e+01 1.874678e+01 1.714000e-04 4.766901e+02
2.928645e-01 9.033895e-06 1.022172e+02 1.667085e+00 3.106564e-01 2.472125e-05 3.960294e+01 1.229940e+01 1.900270e-04 1.214686e+02
3.019952e-01 3.767406e-06 1.048917e+02 6.798793e-01 1.571385e-01 1.250468e-05 8.000885e+01 2.084710e+01 1.706316e-04 2.663416e+02
3.114106e-01 3.437093e-06 1.076721e+02 1.554460e+00 1.217536e-01 9.688842e-06 1.009546e+02 1.468671e+01 1.793759e-04 3.369489e+02
3.211195e-01 7.040203e-06 1.106629e+02 9.757123e-01 2.718683e-01 2.163459e-05 4.552030e+01 1.941930e+01 1.835900e-04 1.486581e+02
3.311311e-01 1.341742e-05 1.136995e+02 1.799041e+00 4.747782e-01 3.778165e-05 2.666289e+01 1.348654e+01 1.675622e-04 8.291658e+01
3.414549e-01 9.769764e-06 1.167124e+02 2.193293e+00 3.461514e-01 2.754585e-05 3.541106e+01 2.893805e+01 1.837574e-04 1.147447e+02
3.521005e-01 1.245704e-05 1.198837e+02 7.590071e-01 5.343692e-01 4.252375e-05 2.242148e+01 1.542667e+01 1.798036e-04 9.457766e+01
3.630781e-01 1.955643e-05 1.232955e+02 1.012085e+00 7.210560e-01 5.737981e-05 1.608107e+01 2.006376e+01 1.798129e-04 5.641159e+01
3.743978e-01 6.490602e-06 1.266708e+02 1.499804e+00 2.352728e-01 1.872241e-05 5.358353e+01 6.660499e+01 1.806899e-04 1.770604e+02
3.860705e-01 1.143068e-05 1.301072e+02 1.428464e+00 3.840083e-01 3.055841e-05 3.134793e+01 9.883075e+00 1.822838e-04 9.397231e+01
3.981072e-01 2.078396e-05 1.337561e+02 8.244925e-01 9.411390e-01 7.489346e-05 1.187859e+01 1.037011e+01 1.751940e-04 5.314380e+01
4.105191e-01 4.560524e-05 1.374576e+02 1.010267e+00 1.730625e+00 1.377188e-04 5.560637e+00 2.340527e+01 1.744189e-04 2.359945e+01
4.233179e-01 4.162413e-05 1.412571e+02 8.515608e-01 1.661780e+00 1.322403e-04 5.901045e+00 8.983302e+00 1.793607e-04 2.556772e+01
4.365158e-01 3.431989e-05 1.452341e+02 1.053261e+00 1.267870e+00 1.008939e-04 8.311774e+00 3.629626e+01 1.798112e-04 3.206920e+01
4.501252e-01 5.700248e-05 1.493901e+02 9.237793e-01 2.113523e+00 1.681888e-04 4.198019e+00 2.072953e+01 1.646841e-04 1.840114e+01
4.641589e-01 6.413836e-05 1.535842e+02 8.323895e-01 2.515696e+00 2.001927e-04 3.213679e+00 1.301636e+01 1.823459e-04 1.629356e+01
4.786301e-01 7.432832e-05 1.578830e+02 8.978910e-01 2.854196e+00 2.271297e-04 2.617196e+00 1.627282e+01 1.883450e-04 1.411441e+01
4.935525e-01 9.105311e-05 1.622520e+02 1.203325e+00 3.219960e+00 2.562362e-04 2.632282e+00 3.369695e+01 1.896199e-04 1.157939e+01
5.089401e-01 1.075824e-04 1.669008e+02 1.026922e+00 3.978244e+00 3.165786e-04 1.978160e+00 1.705425e+01 1.605764e-04 9.584115e+00
5.248075e-01 1.048855e-04 1.718545e+02 9.295301e-01 4.077679e+00 3.244914e-04 2.543154e+00 2.283930e+01 1.611451e-04 1.006950e+01
5.411695e-01 1.381713e-04 1.766169e+02 1.005047e+00 6.177554e+00 4.915941e-04 3.497536e+00 1.164762e+01 1.822030e-04 8.570346e+00
5.580417e-01 1.896966e-04 1.816728e+02 1.050892e+00 7.433138e+00 5.915103e-04 1.399817e+00 1.377696e+01 1.711188e-04 5.822886e+00
5.754399e-01 2.196348e-04 1.866582e+02 1.069739e+00 9.156596e+00 7.286588e-04 1.442215e+00 2.015797e+01 1.751667e-04 5.212821e+00
5.933806e-01 2.949970e-04 1.922176e+02 9.338191e-01 1.077546e+01 8.574835e-04 5.316502e-01 1.357072e+01 1.763688e-04 3.473748e+00
6.118806e-01 3.038326e-04 1.976038e+02 1.021666e+00 1.122350e+01 8.931376e-04 4.814281e-01 7.795599e+00 1.812812e-04 3.475269e+00
6.309573e-01 3.464681e-04 2.032066e+02 1.018481e+00 1.326872e+01 1.055891e-03 8.722754e-01 1.267806e+01 1.819873e-04 3.228823e+00
6.506289e-01 4.535373e-04 2.091468e+02 9.545458e-01 1.758679e+01 1.399512e-03 6.375371e-01 1.061621e+01 1.782721e-04 2.461399e+00
6.709137e-01 5.799206e-04 2.153245e+02 1.023437e+00 2.285326e+01 1.818605e-03 5.268957e-01 9.610817e+00 1.734644e-04 1.975446e+00
6.918310e-01 6.668129e-04 2.214536e+02 9.966772e-01 2.515925e+01 2.002110e-03 3.322822e-01 5.020191e+01 1.724256e-04 1.616772e+00
7.134004e-01 8.354611e-04 2.277574e+02 9.489181e-01 3.303495e+01 2.628838e-03 1.639672e-02 1.909068e+01 1.739738e-04 1.335890e+00
7.356423e-01 1.035762e-03 2.344253e+02 1.006225e+00 4.252429e+01 3.383975e-03 6.474884e-02 1.063601e+01 1.737351e-04 1.126464e+00
7.585776e-01 1.244537e-03 2.411754e+02 9.508864e-01 4.699316e+01 3.739597e-03 8.700749e-03 1.897009e+01 1.718752e-04 9.034544e-01
7.822280e-01 1.559266e-03 2.484032e+02 9.116364e-01 5.894541e+01 4.690727e-03 9.516100e-02 1.939030e+01 1.846607e-04 6.906650e-01
8.066157e-01 1.965367e-03 2.554516e+02 9.301663e-01 7.277418e+01 5.791185e-03 -1.456779e-01 7.519409e+00 1.622117e-04 5.359826e-01
8.317638e-01 2.404273e-03 2.629186e+02 9.079637e-01 8.370117e+01 6.660727e-03 -1.648924e-01 4.322685e+01 1.688697e-04 4.259077e-01
8.576959e-01 2.690238e-03 2.705777e+02 9.615034e-01 9.468033e+01 7.534421e-03 2.266021e-02 2.095959e+01 1.716156e-04 3.862086e-01
8.844365e-01 3.213495e-03 2.783229e+02 8.941420e-01 1.135168e+02 9.033383e-03 -6.743581e-02 1.555517e+01 1.740943e-04 3.219757e-01
9.120108e-01 3.684191e-03 2.865892e+02 9.440134e-01 1.518893e+02 1.208696e-02 -1.466437e-02 1.453839e+01 1.626981e-04 3.184949e-01
9.404449e-01 4.424583e-03 2.949241e+02 9.570330e-01 1.610449e+02 1.281555e-02 -1.418659e-02 1.046574e+01 1.717538e-04 2.368062e-01
9.697654e-01 5.341124e-03 3.035698e+02 8.812649e-01 1.940530e+02 1.544224e-02 -3.518331e-02 1.577200e+01 1.679977e-04 1.895283e-01
1.000000e+00 6.352580e-03 3.125581e+02 9.126390e-01 2.124296e+02 1.690461e-02 -8.494726e-02 9.536219e+00 1.758269e-04 1.536773e-01
1.031177e+00 7.326431e-03 3.218850e+02 1.031738e+00 2.783824e+02 2.215297e-02 -7.641902e-02 2.598222e+01 1.686690e-04 1.499229e-01
1.063327e+00 8.591765e-03 3.311040e+02 9.650857e-01 2.996450e+02 2.384499e-02 -8.421544e-02 1.735150e+01 1.613174e-04 1.194871e-01
1.096478e+00 9.999541e-03 3.412650e+02 9.608717e-01 3.643972e+02 2.899781e-02 -2.291774e-02 2.723041e+01 1.690437e-04 1.061183e-01
1.130663e+00 1.176228e-02 3.509776e+02 9.388380e-01 4.570258e+02 3.636896e-02 2.641526e-02 1.549842e+01 1.654361e-04 8.672414e-02
1.165914e+00 1.351382e-02 3.609815e+02 1.011103e+00 5.108472e+02 4.065193e-02 -6.439119e-02 1.093925e+01 1.612636e-04 7.930004e-02
1.202264e+00 1.550157e-02 3.718451e+02 9.795816e-01 5.164093e+02 4.109454e-02 -3.187358e-02 1.037461e+01 1.634832e-04 6.348501e-02
1.239748e+00 1.809787e-02 3.825932e+02 9.395317e-01 6.137314e+02 4.883919e-02 -9.840281e-02 1.358096e+01 1.571939e-04 5.205288e-02
1.278400e+00 2.050453e-02 3.940218e+02 9.747418e-01 7.582824e+02 6.034219e-02 3.897669e-02 9.099739e+00 1.654500e-04 5.056123e-02
1.318257e+00 2.427916e-02 4.059377e+02 1.003200e+00 8.560675e+02 6.812369e-02 6.820069e-02 1.102011e+01 1.695651e-04 3.947813e-02
1.359356e+00 2.710846e-02 4.174015e+02 9.866646e-01 1.052732e+03 8.377375e-02 6.405459e-02 1.913369e+01 1.688320e-04 4.121009e-02
1.401737e+00 3.091099e-02 4.302112e+02 9.334307e-01 1.085822e+03 8.640693e-02 7.502106e-02 9.911192e+00 1.728783e-04 3.190269e-02
1.445440e+00 3.548461e-02 4.426332e+02 1.078583e+00 1.520184e+03 1.209724e-01 1.523907e-01 1.163555e+01 1.701594e-04 3.511117e-02
1.490505e+00 3.995158e-02 4.553375e+02 1.015932e+00 1.485795e+03 1.182358e-01 1.690412e-01 1.580365e+01 1.581225e-04 2.661471e-02
1.536975e+00 4.559990e-02 4.694484e+02 9.180863e-01 1.574832e+03 1.253212e-01 5.938706e-02 1.643037e+01 1.578383e-04 2.098210e-02
1.584893e+00 5.076267e-02 4.832704e+02 9.153193e-01 1.859315e+03 1.479596e-01 9.948454e-02 8.972634e+00 1.722634e-04 2.033669e-02
1.634306e+00 5.704461e-02 4.973056e+02 9.474272e-01 2.073031e+03 1.649666e-01 3.409702e-01 1.120312e+01 1.617005e-04 1.781768e-02
1.685259e+00 6.431731e-02 5.121591e+02 9.121675e-01 2.293050e+03 1.824751e-01 1.626748e-01 1.160228e+01 1.739178e-04 1.597737e-02
1.737801e+00 7.140291e-02 5.271463e+02 9.281904e-01 2.634014e+03 2.096082e-01 1.102087e-01 3.813720e+01 1.540172e-04 1.440462e-02
1.791981e+00 8.017692e-02 5.425702e+02 9.314715e-01 2.960363e+03 2.355782e-01 7.101004e-02 2.648359e+01 1.657813e-04 1.328324e-02
1.847850e+00 8.908057e-02 5.589238e+02 1.034109e+00 3.795965e+03 3.020733e-01 1.986727e-01 1.395328e+01 1.656248e-04 1.340125e-02
1.905461e+00 9.874039e-02 5.755069e+02 9.903534e-01 3.917748e+03 3.117644e-01 5.535158e-02 1.116091e+01 1.692562e-04 1.143278e-02
1.964868e+00 1.097487e-01 5.926035e+02 9.174186e-01 4.204100e+03 3.345516e-01 -3.034900e-02 1.075757e+01 1.700891e-04 1.015310e-02
2.026127e+00 1.206289e-01 6.097634e+02 9.587253e-01 4.526061e+03 3.601725e-01 -1.003021e-01 1.844989e+01 1.604697e-04 9.036378e-03
2.089296e+00 1.335266e-01 6.284398e+02 9.824153e-01 5.289666e+03 4.209382e-01 -8.620156e-02 4.054045e+01 1.626779e-04 8.353719e-03
2.154435e+00 1.469426e-01 6.465580e+02 9.495826e-01 5.591087e+03 4.449245e-01 -1.900447e-02 2.503372e+01 1.499602e-04 7.371226e-03
2.221604e+00 1.618935e-01 6.659203e+02 9.613533e-01 6.192132e+03 4.927542e-01 -1.007765e-01 1.938662e+01 1.693240e-04 6.619708e-03
2.290868e+00 1.770644e-01 6.858980e+02 9.237086e-01 6.764270e+03 5.382835e-01 2.869025e-02 1.754375e+01 1.631930e-04 6.132540e-03
2.362291e+00 1.927036e-01 7.057579e+02 9.597529e-01 7.796240e+03 6.204050e-01 -4.385188e-02 1.027151e+01 1.700827e-04 6.082876e-03
2.435940e+00 2.104509e-01 7.274731e+02 9.167672e-01 8.165058e+03 6.497547e-01 -2.484132e-02 1.626974e+01 1.569094e-04 5.296355e-03
2.511886e+00 2.291226e-01 7.482065e+02 8.822954e-01 7.578586e+03 6.030847e-01 -5.443805e-02 7.997268e+00 1.471601e-04 4.214003e-03
2.590200e+00 2.491657e-01 7.709112e+02 9.462852e-01 9.298882e+03 7.399815e-01 -9.218251e-02 8.042931e+00 1.613830e-04 4.182604e-03
2.670956e+00 2.696562e-01 7.937777e+02 1.027917e+00 1.092473e+04 8.693620e-01 -1.784265e-01 3.250376e+01 1.549951e-04 4.347452e-03
2.754229e+00 2.917760e-01 8.172110e+02 9.875448e-01 1.197868e+04 9.532334e-01 -1.458372e-01 1.727263e+01 1.393888e-04 3.992497e-03
2.840098e+00 3.168211e-01 8.419974e+02 9.773764e-01 1.275569e+04 1.015065e+00 -3.943213e-02 1.529081e+01 1.461577e-04 3.546078e-03
2.928645e+00 3.410387e-01 8.663821e+02 1.004017e+00 1.524242e+04 1.212953e+00 -1.086120e-01 1.025350e+01 1.754091e-04 3.698235e-03
3.019952e+00 3.664904e-01 8.919094e+02 9.869033e-01 1.544628e+04 1.229176e+00 -1.187070e-02 2.443536e+01 1.618340e-04 3.196633e-03
3.114106e+00 3.947466e-01 9.184552e+02 9.767989e-01 1.695032e+04 1.348864e+00 -1.169076e-01 7.551193e+00 1.478237e-04 2.980149e-03
3.211195e+00 4.231555e-01 9.456590e+02 9.736538e-01 1.794086e+04 1.427688e+00 -1.362836e-01 3.882440e+01 1.389754e-04 2.903941e-03
3.311311e+00 4.540479e-01 9.738261e+02 1.065698e+00 2.135248e+04 1.699176e+00 5.250591e-03 1.402163e+01 1.541289e-04 2.829152e-03
3.414549e+00 4.862519e-01 1.003295e+03 9.696107e-01 2.071839e+04 1.648717e+00 1.712324e-02 8.701458e+01 1.504595e-04 2.394679e-03
3.521005e+00 5.194913e-01 1.032850e+03 1.009114e+00 2.246789e+04 1.787938e+00 6.968329e-02 4.127606e+01 1.506141e-04 2.309978e-03
3.630781e+00 5.516352e-01 1.063017e+03 9.904398e-01 2.167045e+04 1.724480e+00 1.775192e-03 1.573740e+01 1.554900e-04 2.062751e-03
3.743978e+00 5.894639e-01 1.095200e+03 9.969906e-01 2.559865e+04 2.037076e+00 -3.589093e-02 6.681866e+01 1.570770e-04 2.138389e-03
3.860705e+00 6.271217e-01 1.127093e+03 9.683537e-01 2.742340e+04 2.182285e+00 2.434712e-02 1.226968e+01 1.650263e-04 2.000753e-03
3.981072e+00 6.671057e-01 1.161754e+03 9.325137e-01 2.833059e+04 2.254476e+00 7.777263e-03 4.191826e+01 1.474563e-04 1.751163e-03
4.105191e+00 7.075813e-01 1.195700e+03 9.563275e-01 2.809498e+04 2.235728e+00 7.540836e-02 7.050194e+00 1.470233e-04 1.570854e-03
4.233179e+00 7.499976e-01 1.231126e+03 9.499854e-01 3.057839e+04 2.433351e+00 -2.692995e-03 1.237985e+01 1.663143e-04 1.564031e-03
4.365158e+00 7.940378e-01 1.267791e+03 1.000759e+00 3.302306e+04 2.627892e+00 8.082436e-03 7.997982e+00 1.518168e-04 1.453332e-03
4.501252e+00 8.382030e-01 1.306105e+03 9.092813e-01 3.015356e+04 2.399544e+00 1.489536e-01 1.300859e+01 1.417385e-04 1.201960e-03
4.641589e+00 8.860261e-01 1.344202e+03 9.118456e-01 3.253805e+04 2.589295e+00 9.719069e-03 1.324945e+01 1.559076e-04 1.176029e-03
4.786301e+00 9.360500e-01 1.385015e+03 8.900213e-01 3.338572e+04 2.656751e+00 2.907115e-02 8.487423e+00 1.494307e-04 1.070122e-03
4.935525e+00 9.811587e-01 1.424315e+03 9.790235e-01 4.018523e+04 3.197839e+00 1.549353e-02 1.595470e+01 1.527781e-04 1.157941e-03
5.089401e+00 1.034531e+00 1.468543e+03 9.290610e-01 3.915489e+04 3.115847e+00 -5.969388e-02 8.841773e+00 1.478496e-04 1.055091e-03
5.248075e+00 1.087574e+00 1.511690e+03 9.485989e-01 4.237314e+04 3.371947e+00 9.724099e-02 1.639609e+01 1.679589e-04 1.041667e-03
5.411695e+00 1.141342e+00 1.556185e+03 9.834243e-01 4.872914e+04 3.877742e+00 2.163879e-02 6.036183e+00 1.709593e-04 1.074853e-03
5.580417e+00 1.196770e+00 1.603478e+03 9.293611e-01 4.600587e+04 3.661031e+00 2.732500e-02 2.433789e+01 1.519611e-04 8.984106e-04
5.754399e+00 1.255420e+00 1.651318e+03 8.223677e-01 4.207507e+04 3.348227e+00 5.271441e-02 6.856972e+00 1.369862e-04 7.753294e-04
5.933806e+00 1.311423e+00 1.699578e+03 9.546340e-01 5.180076e+04 4.122173e+00 9.793546e-03 1.409251e+01 1.539835e-04 8.707044e-04
6.118806e+00 1.371004e+00 1.750307e+03 9.177360e-01 5.074263e+04 4.037970e+00 -4.233272e-02 1.044717e+01 1.436604e-04 7.804824e-04
6.309573e+00 1.432763e+00 1.803150e+03 1.005744e+00 5.922238e+04 4.712767e+00 -7.316930e-02 1.754237e+01 1.619205e-04 8.002656e-04
6.506289e+00 1.495088e+00 1.857344e+03 9.488091e-01 5.627164e+04 4.477954e+00 -2.239819e-02 1.596855e+01 1.472726e-04 7.063219e-04
6.709137e+00 1.558315e+00 1.911430e+03 9.486438e-01 6.178782e+04 4.916919e+00 -1.744932e-02 1.047557e+01 1.595346e-04 7.241038e-04
6.918310e+00 1.622070e+00 1.968488e+03 1.026372e+00 6.974607e+04 5.550216e+00 3.393595e-02 6.106397e+00 1.532914e-04 7.513214e-04
7.134004e+00 1.693846e+00 2.030046e+03 1.001319e+00 7.034245e+04 5.597674e+00 1.138488e-01 1.662629e+01 1.554294e-04 7.053273e-04
7.356423e+00 1.756299e+00 2.088208e+03 9.763977e-01 7.388989e+04 5.879970e+00 1.221057e-01 1.221762e+01 1.489951e-04 6.899561e-04
7.585776e+00 1.824754e+00 2.150587e+03 9.109899e-01 6.878691e+04 5.473888e+00 -4.846702e-03 1.069094e+01 1.387973e-04 6.048106e-04
7.822280e+00 1.891038e+00 2.213773e+03 9.066978e-01 7.613801e+04 6.058870e+00 1.359545e-01 1.184214e+01 1.540737e-04 6.066522e-04
8.066157e+00 1.962309e+00 2.279749e+03 9.769736e-01 8.821726e+04 7.020106e+00 1.563312e-02 7.854218e+00 1.650515e-04 6.748267e-04
8.317638e+00 2.038412e+00 2.350758e+03 8.809344e-01 8.231534e+04 6.550447e+00 2.619731e-01 1.071664e+01 1.418171e-04 5.522409e-04
8.576959e+00 2.112051e+00 2.418347e+03 1.012415e+00 9.736134e+04 7.747769e+00 1.379797e-01 6.726896e+01 1.533315e-04 6.377392e-04
8.844365e+00 2.187818e+00 2.491477e+03 8.919081e-01 9.901045e+04 7.879001e+00 1.551380e-02 2.179659e+01 1.460211e-04 5.751987e-04
9.120108e+00 2.264564e+00 2.565540e+03 9.534136e-01 1.053977e+05 8.387278e+00 8.285704e-02 2.605312e+01 1.466009e-04 5.835783e-04
9.404449e+00 2.340219e+00 2.640953e+03 9.658629e-01 1.156251e+05 9.201153e+00 4.372365e-02 9.862768e+00 1.534703e-04 6.225812e-04
9.697654e+00 2.420229e+00 2.719961e+03 1.039247e+00 1.277050e+05 1.016244e+01 9.712858e-02 5.542458e+01 1.592771e-04 6.405967e-04
1.000000e+01 2.498252e+00 2.801930e+03 9.645971e-01 1.197754e+05 9.531422e+00 6.505170e-02 1.341111e+01 1.480024e-04 5.565083e-04
1.031177e+01 2.584640e+00 2.887610e+03 9.652046e-01 1.226759e+05 9.762235e+00 6.271410e-03 1.600240e+01 1.445238e-04 5.257668e-04
1.063327e+01 2.662668e+00 2.971657e+03 9.645419e-01 1.269620e+05 1.010332e+01 1.307986e-01 1.190341e+01 1.479388e-04 5.211501e-04
1.096478e+01 2.749587e+00 3.063518e+03 9.527234e-01 1.407221e+05 1.119831e+01 9.395200e-02 1.190973e+01 1.663817e-04 5.305329e-04
1.130663e+01 2.825562e+00 3.150425e+03 1.020883e+00 1.451664e+05 1.155198e+01 2.539525e-01 3.978144e+01 1.448079e-04 4.926968e-04
1.165914e+01 2.912153e+00 3.247041e+03 9.854967e-01 1.468905e+05 1.168917e+01 2.385496e-01 6.240947e+00 1.482148e-04 4.802587e-04
1.202264e+01 2.995148e+00 3.342445e+03 9.837578e-01 1.561449e+05 1.242562e+01 2.076054e-01 2.023669e+01 1.479843e-04 5.102142e-04
1.239748e+01 3.083308e+00 3.443103e+03 9.995976e-01 1.686273e+05 1.341894e+01 2.145961e-01 7.830651e+00 1.568043e-04 4.921257e-04
1.278400e+01 3.165082e+00 3.543523e+03 9.393453e-01 1.699511e+05 1.352428e+01 2.721813e-01 1.518606e+01 1.508562e-04 4.673638e-04
1.318257e+01 3.255572e+00 3.652436e+03 1.016018e+00 1.796592e+05 1.429682e+01 6.431145e-02 1.412846e+01 1.549857e-04 4.918801e-04
1.359356e+01 3.338567e+00 3.758367e+03 9.407032e-01 1.693228e+05 1.347428e+01 9.964297e-02 1.344687e+01 1.510396e-04 4.551410e-04
1.401737e+01 3.427334e+00 3.874144e+03 9.918450e-01 1.882094e+05 1.497723e+01 9.058755e-02 2.053684e+01 1.458351e-04 4.497911e-04
1.445440e+01 3.503625e+00 3.988724e+03 1.048490e+00 2.069609e+05 1.646942e+01 2.125743e-01 2.555969e+01 1.505515e-04 4.732729e-04
1.490505e+01 3.576753e+00 4.106822e+03 9.870964e-01 2.138617e+05 1.701857e+01 1.652842e-01 3.016856e+01 1.604969e-04 4.843955e-04
1.536975e+01 3.644245e+00 4.232252e+03 1.050147e+00 2.417330e+05 1.923650e+01 2.325446e-01 1.629459e+01 1.589155e-04 5.008107e-04
1.584893e+01 3.684410e+00 4.356163e+03 9.793096e-01 2.517533e+05 2.003389e+01 2.925550e-01 1.145917e+01 1.597944e-04 5.226794e-04
1.634306e+01 3.715086e+00 4.486458e+03 9.541116e-01 2.345702e+05 1.866650e+01 1.224728e-01 6.915492e+00 1.421573e-04 4.721749e-04
1.685259e+01 3.711451e+00 4.619974e+03 9.745350e-01 2.814105e+05 2.239394e+01 1.986517e-01 1.017163e+01 1.546472e-04 5.724612e-04
1.737801e+01 3.683728e+00 4.758857e+03 1.023417e+00 2.832706e+05 2.254196e+01 1.350262e-01 1.646078e+01 1.557895e-04 5.901157e-04
1.791981e+01 3.631315e+00 4.902000e+03 9.591490e-01 2.740733e+05 2.181006e+01 1.026366e-01 1.593872e+01 1.482606e-04 6.034647e-04
1.847850e+01 3.549204e+00 5.044576e+03 8.910267e-01 2.708095e+05 2.155033e+01 -8.834123e-02 7.720403e+00 1.367641e-04 5.972015e-04
1.905461e+01 3.459979e+00 5.195802e+03 9.606022e-01 3.171661e+05 2.523927e+01 -2.275509e-02 1.316032e+01 1.481266e-04 7.581789e-04
1.964868e+01 3.364116e+00 5.349315e+03 9.624952e-01 3.305589e+05 2.630504e+01 3.882508e-02 1.822240e+01 1.513673e-04 8.542610e-04
2.026127e+01 3.255794e+00 5.507274e+03 9.717607e-01 3.838601e+05 3.054661e+01 8.484780e-04 3.227093e+01 1.558171e-04 1.063343e-03
2.089296e+01 3.156462e+00 5.676859e+03 9.287388e-01 3.676391e+05 2.925579e+01 -1.260004e-02 3.429639e+01 1.465855e-04 1.081005e-03
2.154435e+01 3.054561e+00 5.846524e+03 9.669198e-01 3.955915e+05 3.148017e+01 -5.453668e-02 1.927811e+01 1.437965e-04 1.220500e-03
2.221604e+01 2.949665e+00 6.017725e+03 9.019555e-01 4.032636e+05 3.209070e+01 2.051398e-02 1.372781e+01 1.518408e-04 1.360172e-03
2.290868e+01 2.862712e+00 6.206301e+03 9.665992e-01 4.457010e+05 3.546776e+01 -1.927047e-02 3.064939e+01 1.444469e-04 1.572472e-03
2.362291e+01 2.762490e+00 6.384728e+03 9.734105e-01 4.739509e+05 3.771581e+01 -7.882584e-02 1.396556e+01 1.606600e-04 1.765443e-03
2.435940e+01 2.673410e+00 6.583784e+03 1.031934e+00 4.992202e+05 3.972668e+01 -1.845793e-02 1.449628e+01 1.583376e-04 1.990163e-03
2.511886e+01 2.593683e+00 6.776588e+03 9.539385e-01 5.249206e+05 4.177185e+01 -7.774965e-02 1.167139e+01 1.500293e-04 2.125608e-03
2.590200e+01 2.510957e+00 6.981319e+03 9.755328e-01 5.365646e+05 4.269845e+01 -2.643610e-02 1.139042e+01 1.553368e-04 2.455048e-03
2.670956e+01 2.431158e+00 7.183903e+03 9.378361e-01 5.223539e+05 4.156760e+01 -9.634512e-02 1.412198e+01 1.401860e-04 2.572198e-03
2.754229e+01 2.369183e+00 7.407812e+03 1.013012e+00 5.995997e+05 4.771463e+01 -1.239975e-02 1.940830e+01 1.440081e-04 3.007315e-03
2.840098e+01 2.301573e+00 7.627006e+03 9.155685e-01 5.555216e+05 4.420700e+01 6.740531e-02 2.440517e+01 1.545233e-04 2.986738e-03
2.928645e+01 2.251341e+00 7.857495e+03 9.428376e-01 6.055892e+05 4.819126e+01 1.086874e-01 2.300828e+01 1.543574e-04 3.467391e-03
3.019952e+01 2.195622e+00 8.098740e+03 9.204824e-01 6.429802e+05 5.116673e+01 -4.451077e-02 8.110239e+00 1.511806e-04 3.747266e-03
3.114106e+01 2.145138e+00 8.335467e+03 9.242596e-01 6.288494e+05 5.004224e+01 4.397603e-02 2.288810e+01 1.637835e-04 4.025727e-03
3.211195e+01 2.098659e+00 8.583637e+03 9.594668e-01 6.765994e+05 5.384207e+01 3.640718e-03 4.427302e+01 1.575552e-04 4.317423e-03
3.311311e+01 2.067031e+00 8.850833e+03 9.379619e-01 7.116741e+05 5.663322e+01 6.200730e-02 2.656387e+01 1.519523e-04 4.836493e-03
3.414549e+01 2.042075e+00 9.118002e+03 8.881337e-01 7.165788e+05 5.702353e+01 2.048595e-03 1.835223e+01 1.452361e-04 4.783329e-03
3.521005e+01 2.020680e+00 9.394985e+03 9.735112e-01 7.733110e+05 6.153813e+01 3.530559e-02 2.869639e+01 1.574573e-04 5.294661e-03
3.630781e+01 1.998597e+00 9.681949e+03 9.149047e-01 7.278875e+05 5.792345e+01 4.571907e-02 2.852144e+01 1.466180e-04 5.271465e-03
3.743978e+01 1.980405e+00 9.974384e+03 9.672466e-01 8.436160e+05 6.713282e+01 6.852661e-02 1.412126e+01 1.546482e-04 6.236172e-03
3.860705e+01 1.975376e+00 1.027779e+04 9.401150e-01 8.210867e+05 6.534000e+01 7.222684e-02 2.010645e+01 1.428472e-04 6.388747e-03
3.981072e+01 1.976426e+00 1.059245e+04 9.870829e-01 9.423759e+05 7.499189e+01 1.563767e-01 4.686335e+01 1.503971e-04 6.634228e-03
4.105191e+01 1.968375e+00 1.090289e+04 1.008176e+00 9.298233e+05 7.399298e+01 5.619295e-02 3.321644e+01 1.550081e-04 6.736115e-03
4.233179e+01 1.979227e+00 1.123960e+04 9.322877e-01 8.871031e+05 7.059342e+01 -5.466877e-02 1.495867e+01 1.581475e-04 6.542031e-03
4.365158e+01 2.002833e+00 1.158803e+04 9.660958e-01 9.800432e+05 7.798936e+01 1.119233e-01 1.589425e+01 1.597818e-04 6.898060e-03
4.501252e+01 2.024233e+00 1.193504e+04 1.043686e+00 1.113784e+06 8.863209e+01 1.183693e-01 2.883257e+01 1.627659e-04 7.748481e-03
4.641589e+01 2.055340e+00 1.230165e+04 9.207018e-01 1.064704e+06 8.472641e+01 7.330382e-02 7.656398e+01 1.449673e-04 7.284315e-03
4.786301e+01 2.090869e+00 1.268000e+04 9.667362e-01 1.124213e+06 8.946199e+01 2.805150e-02 1.221187e+01 1.526363e-04 7.210891e-03
4.935525e+01 2.127429e+00 1.306448e+04 9.827335e-01 1.182428e+06 9.409467e+01 1.054719e-01 1.548772e+01 1.601667e-04 7.398605e-03
5.089401e+01 2.163617e+00 1.346298e+04 1.005875e+00 1.226613e+06 9.761076e+01 1.996699e-02 7.356506e+00 1.535932e-04 7.435561e-03
5.248075e+01 2.203322e+00 1.387048e+04 1.008305e+00 1.222902e+06 9.731546e+01 4.022156e-02 2.579152e+01 1.595509e-04 7.180521e-03
5.411695e+01 2.263831e+00 1.430770e+04 9.482537e-01 1.251356e+06 9.957971e+01 2.557431e-02 2.944726e+01 1.591839e-04 6.771841e-03
5.580417e+01 2.319716e+00 1.474087e+04 9.185877e-01 1.218483e+06 9.696377e+01 4.656133e-02 6.636513e+00 1.626922e-04 6.431504e-03
5.754399e+01 2.372528e+00 1.518754e+04 1.015738e+00 1.362441e+06 1.084196e+02 3.538543e-02 1.417013e+01 1.625408e-04 6.918068e-03
5.933806e+01 2.450130e+00 1.566693e+04 9.084715e-01 1.224683e+06 9.745718e+01 2.707653e-02 2.515426e+01 1.534896e-04 5.971669e-03
6.118806e+01 2.504144e+00 1.612556e+04 9.271794e-01 1.394781e+06 1.109932e+02 -1.772316e-02 1.444575e+01 1.401657e-04 6.361950e-03
6.309573e+01 2.581439e+00 1.663211e+04 9.211042e-01 1.522182e+06 1.211314e+02 1.761984e-01 4.220165e+01 1.534390e-04 6.369192e-03
6.506289e+01 2.653729e+00 1.714590e+04 9.107038e-01 1.537467e+06 1.223477e+02 1.954060e-01 1.220599e+01 1.609614e-04 6.058118e-03
6.709137e+01 2.705090e+00 1.766661e+04 9.605243e-01 1.528102e+06 1.216025e+02 1.105800e-01 9.644920e+00 1.599209e-04 5.911541e-03
6.918310e+01 2.770230e+00 1.820821e+04 9.379251e-01 1.577514e+06 1.255346e+02 7.285658e-02 2.427831e+01 1.567776e-04 5.929670e-03
7.134004e+01 2.809181e+00 1.877538e+04 9.697083e-01 1.612916e+06 1.283518e+02 3.502725e-01 2.080720e+01 1.615384e-04 5.981376e-03
7.356423e+01 2.807258e+00 1.933561e+04 9.741520e-01 1.744558e+06 1.388275e+02 4.992916e-02 1.258190e+01 1.547292e-04 6.323890e-03
7.585776e+01 2.811073e+00 1.993270e+04 9.616790e-01 1.791212e+06 1.425402e+02 2.008047e-01 2.529973e+01 1.658864e-04 6.443578e-03
7.822280e+01 2.783903e+00 2.054545e+04 9.540400e-01 1.827905e+06 1.454601e+02 -9.126910e-03 1.716173e+01 1.458638e-04 6.661779e-03
8.066157e+01 2.718827e+00 2.117626e+04 9.270758e-01 1.816378e+06 1.445428e+02 -3.415916e-02 2.076868e+01 1.618518e-04 7.005048e-03
8.317638e+01 2.673462e+00 2.182894e+04 9.447250e-01 1.985463e+06 1.579981e+02 2.517845e-01 1.060054e+01 1.609143e-04 7.849095e-03
8.576959e+01 2.606425e+00 2.250588e+04 9.734751e-01 2.186951e+06 1.740321e+02 1.361053e-01 9.753793e+00 1.576331e-04 9.012921e-03
8.844365e+01 2.527785e+00 2.318492e+04 9.684636e-01 2.101127e+06 1.672024e+02 -5.922477e-02 1.273444e+01 1.513153e-04 9.445639e-03
9.120108e+01 2.447426e+00 2.390054e+04 9.961901e-01 2.393168e+06 1.904423e+02 4.847340e-02 3.065103e+01 1.553633e-04 1.109869e-02
9.404449e+01 2.383124e+00 2.464334e+04 1.010841e+00 2.581020e+06 2.053910e+02 1.470378e-01 1.203727e+01 1.630713e-04 1.290458e-02
9.697654e+01 2.312511e+00 2.542046e+04 9.564164e-01 2.522301e+06 2.007183e+02 3.466397e-02 2.267935e+01 1.456267e-04 1.285192e-02
1.000000e+02 2.263293e+00 2.616906e+04 1.059671e+00 2.724307e+06 2.167934e+02 1.391172e-01 1.160547e+01 1.615619e-04 1.541738e-02
1.031177e+02 2.207146e+00 2.697663e+04 1.005072e+00 2.601062e+06 2.069860e+02 -4.563278e-02 2.854613e+01 1.610373e-04 1.493986e-02
1.063327e+02 2.175322e+00 2.782072e+04 9.507626e-01 2.633454e+06 2.095636e+02 8.701021e-02 1.658681e+01 1.646287e-04 1.572239e-02
1.096478e+02 2.131208e+00 2.866969e+04 9.419056e-01 2.724406e+06 2.168013e+02 -1.229637e-02 3.326493e+01 1.615694e-04 1.710775e-02
1.130663e+02 2.121605e+00 2.955612e+04 1.043053e+00 3.096116e+06 2.463811e+02 2.628745e-02 1.233126e+01 1.552202e-04 1.942975e-02
1.165914e+02 2.093127e+00 3.046985e+04 9.678746e-01 2.982316e+06 2.373251e+02 4.453700e-02 3.129416e+01 1.536989e-04 2.018477e-02
1.202264e+02 2.114116e+00 3.141326e+04 9.607694e-01 2.900013e+06 2.307757e+02 4.669327e-02 2.367133e+01 1.643507e-04 1.790819e-02
1.239748e+02 2.093476e+00 3.235588e+04 1.022440e+00 3.548501e+06 2.823807e+02 5.185139e-02 1.773659e+01 1.580318e-04 2.290054e-02
1.278400e+02 2.117805e+00 3.339676e+04 1.055762e+00 3.517336e+06 2.799007e+02 -1.548403e-03 3.967894e+01 1.748320e-04 2.243055e-02
1.318257e+02 2.130246e+00 3.440747e+04 9.303470e-01 3.325034e+06 2.645978e+02 6.434913e-02 9.859544e+00 1.510707e-04 2.094242e-02
1.359356e+02 2.148992e+00 3.546854e+04 9.502245e-01 3.463988e+06 2.756554e+02 -8.032064e-02 2.113410e+01 1.614238e-04 2.099987e-02
1.401737e+02 2.183455e+00 3.656468e+04 9.469396e-01 3.629349e+06 2.888144e+02 2.709617e-02 2.142428e+01 1.659010e-04 2.180484e-02
1.445440e+02 2.240774e+00 3.770562e+04 9.338801e-01 3.608388e+06 2.871464e+02 -1.524552e-02 1.014950e+01 1.504192e-04 2.002720e-02
1.490505e+02 2.294648e+00 3.889165e+04 9.181276e-01 3.514000e+06 2.796353e+02 1.387865e-01 1.213004e+01 1.571269e-04 1.941091e-02
1.536975e+02 2.307855e+00 4.005799e+04 8.584472e-01 3.443520e+06 2.740266e+02 4.127931e-03 1.217887e+01 1.509408e-04 1.867387e-02
1.584893e+02 2.390328e+00 4.130896e+04 9.561875e-01 3.890819e+06 3.096215e+02 8.697559e-02 1.558649e+01 1.539226e-04 1.937919e-02
1.634306e+02 2.424485e+00 4.257294e+04 9.801840e-01 4.397477e+06 3.499401e+02 1.593231e-01 1.431817e+01 1.516073e-04 2.119079e-02
1.685259e+02 2.454718e+00 4.388616e+04 1.027445e+00 4.414292e+06 3.512781e+02 8.571780e-02 2.508301e+01 1.608350e-04 2.137022e-02
1.737801e+02 2.484875e+00 4.526321e+04 9.380442e-01 4.363931e+06 3.472706e+02 2.667405e-02 1.240912e+01 1.645670e-04 2.018799e-02
1.791981e+02 2.479651e+00 4.665318e+04 9.253299e-01 4.397054e+06 3.499064e+02 1.516451e-01 9.905257e+00 1.676469e-04 2.046699e-02
1.847850e+02 2.469655e+00 4.811144e+04 9.555268e-01 4.728934e+06 3.763166e+02 1.452367e-01 1.526999e+01 1.571981e-04 2.166281e-02
1.905461e+02 2.426972e+00 4.958783e+04 9.274592e-01 4.917533e+06 3.913248e+02 1.421804e-01 1.066087e+01 1.617127e-04 2.357823e-02
1.964868e+02 2.413356e+00 5.116408e+04 9.106093e-01 5.257740e+06 4.183977e+02 1.337556e-01 7.679454e+01 1.632985e-04 2.559325e-02
2.026127e+02 2.327158e+00 5.268279e+04 8.921822e-01 4.821200e+06 3.836589e+02 5.988191e-02 3.891031e+01 1.523894e-04 2.681485e-02
2.089296e+02 2.279688e+00 5.434105e+04 9.574565e-01 5.348452e+06 4.256163e+02 1.364195e-01 1.322768e+01 1.531623e-04 2.984388e-02
2.154435e+02 2.211751e+00 5.600592e+04 9.242637e-01 5.275214e+06 4.197882e+02 -2.170616e-02 2.802746e+01 1.540407e-04 3.119790e-02
2.221604e+02 2.186889e+00 5.778318e+04 9.411242e-01 5.736929e+06 4.565303e+02 -3.930174e-02 9.119281e+00 1.557714e-04 3.529535e-02
2.290868e+02 2.158503e+00 5.954039e+04 9.495196e-01 6.262013e+06 4.983152e+02 6.298538e-03 2.055118e+01 1.481618e-04 3.668512e-02
2.362291e+02 2.137278e+00 6.141396e+04 9.077067e-01 5.663308e+06 4.506717e+02 8.940750e-02 1.236956e+01 1.509296e-04 3.579017e-02
2.435940e+02 2.124352e+00 6.330458e+04 8.706395e-01 6.177062e+06 4.915549e+02 -1.889038e-02 1.983538e+01 1.561610e-04 3.918160e-02
2.511886e+02 2.123004e+00 6.525112e+04 9.169645e-01 7.208560e+06 5.736389e+02 2.635028e-02 3.123278e+01 1.485771e-04 4.418521e-02
2.590200e+02 2.128800e+00 6.730504e+04 9.688562e-01 7.180769e+06 5.714274e+02 -3.636787e-03 1.349674e+01 1.631529e-04 4.442759e-02
2.670956e+02 2.129678e+00 6.935611e+04 9.576705e-01 7.316332e+06 5.822152e+02 1.794923e-01 2.367925e+01 1.585971e-04 4.635793e-02
2.754229e+02 2.188440e+00 7.153323e+04 9.162163e-01 7.196251e+06 5.726595e+02 5.549988e-02 1.276300e+01 1.669846e-04 4.327088e-02
2.840098e+02 2.211257e+00 7.371449e+04 9.188517e-01 7.280270e+06 5.793455e+02 5.907295e-02 2.463890e+01 1.586105e-04 4.314607e-02
2.928645e+02 2.259196e+00 7.600779e+04 9.261768e-01 7.650872e+06 6.088370e+02 -9.742444e-03 1.227146e+01 1.534695e-04 4.453092e-02
3.019952e+02 2.301254e+00 7.836225e+04 9.373821e-01 8.221013e+06 6.542074e+02 1.100731e-01 1.924444e+01 1.719593e-04 4.470613e-02
3.114106e+02 2.324371e+00 8.085518e+04 1.007361e+00 8.179977e+06 6.509419e+02 6.826918e-02 1.362685e+01 1.736729e-04 4.413330e-02
3.211195e+02 2.354377e+00 8.340469e+04 9.628884e-01 8.863088e+06 7.053021e+02 1.110165e-01 1.240111e+01 1.649365e-04 4.642412e-02
3.311311e+02 2.329359e+00 8.589121e+04 9.132754e-01 8.790745e+06 6.995453e+02 7.791363e-02 1.638349e+01 1.525510e-04 4.563838e-02
3.414549e+02 2.307103e+00 8.857663e+04 1.055248e+00 1.041640e+07 8.289108e+02 -2.516915e-02 1.390981e+01 1.628966e-04 5.503325e-02
3.521005e+02 2.295618e+00 9.135340e+04 8.895122e-01 8.993995e+06 7.157193e+02 6.669761e-02 1.470686e+01 1.614851e-04 4.914774e-02
3.630781e+02 2.276320e+00 9.421857e+04 9.516336e-01 9.883218e+06 7.864815e+02 2.252443e-02 1.775703e+01 1.565879e-04 5.355718e-02
3.743978e+02 2.195571e+00 9.711494e+04 9.173594e-01 1.013825e+07 8.067762e+02 1.100842e-01 1.342029e+01 1.648102e-04 5.824421e-02
3.860705e+02 2.178394e+00 1.001825e+05 9.370373e-01 1.037742e+07 8.258089e+02 7.512143e-02 1.630985e+01 1.506546e-04 6.466008e-02
3.981072e+02 2.144069e+00 1.031368e+05 9.669436e-01 1.096544e+07 8.726017e+02 2.204930e-02 1.220025e+01 1.624344e-04 6.671139e-02
4.105191e+02 2.141036e+00 1.064317e+05 8.826393e-01 1.096436e+07 8.725161e+02 5.259252e-02 9.420673e+00 1.468107e-04 6.631405e-02
4.233179e+02 2.139369e+00 1.097020e+05 8.704753e-01 1.079500e+07 8.590387e+02 4.878386e-02 1.804432e+01 1.589454e-04 6.568735e-02
4.365158e+02 2.110274e+00 1.131754e+05 9.199841e-01 1.176783e+07 9.364544e+02 1.157664e-01 1.206768e+01 1.538766e-04 7.818732e-02
4.501252e+02 2.131645e+00 1.166514e+05 9.643562e-01 1.247449e+07 9.926887e+02 1.186109e-01 2.949224e+01 1.598205e-04 7.981151e-02
4.641589e+02 2.207049e+00 1.203186e+05 9.777052e-01 1.392431e+07 1.108061e+03 8.256846e-02 2.803998e+01 1.664151e-04 7.875964e-02
4.786301e+02 2.216348e+00 1.239877e+05 1.001889e+00 1.407671e+07 1.120189e+03 2.115663e-03 1.749734e+01 1.634348e-04 8.395894e-02
4.935525e+02 2.226218e+00 1.278509e+05 9.920767e-01 1.475613e+07 1.174256e+03 2.598381e-02 2.340560e+01 1.448453e-04 8.107904e-02
5.089401e+02 2.243459e+00 1.318122e+05 9.612409e-01 1.406106e+07 1.118943e+03 -7.889390e-02 1.197139e+01 1.525444e-04 7.925066e-02
5.248075e+02 2.243591e+00 1.359092e+05 1.011280e+00 1.557304e+07 1.239263e+03 3.894425e-03 1.219004e+01 1.613790e-04 8.820840e-02
5.411695e+02 2.236825e+00 1.402383e+05 9.968502e-01 1.572223e+07 1.251135e+03 1.058786e-01 2.638233e+01 1.575690e-04 8.833444e-02
5.580417e+02 2.194385e+00 1.445550e+05 9.997885e-01 1.644488e+07 1.308642e+03 4.069959e-02 2.009520e+01 1.604271e-04 9.832714e-02
5.754399e+02 2.205172e+00 1.490688e+05 9.988415e-01 1.623329e+07 1.291804e+03 -2.301698e-02 1.642796e+01 1.505568e-04 9.826151e-02
5.933806e+02 2.171740e+00 1.537059e+05 9.781643e-01 1.758225e+07 1.399151e+03 1.671146e-02 2.956201e+01 1.639059e-04 1.067231e-01
6.118806e+02 2.133740e+00 1.584457e+05 9.729695e-01 1.907149e+07 1.517661e+03 5.798871e-02 1.010768e+01 1.683259e-04 1.192249e-01
6.309573e+02 2.112639e+00 1.633066e+05 1.080326e+00 1.976483e+07 1.572835e+03 9.632931e-02 1.734086e+01 1.646027e-04 1.243048e-01
6.506289e+02 2.185178e+00 1.685064e+05 8.996430e-01 1.695693e+07 1.349390e+03 -7.254969e-03 2.926695e+01 1.481626e-04 1.020503e-01
6.709137e+02 2.146751e+00 1.735859e+05 8.656883e-01 1.780026e+07 1.416499e+03 2.601461e-02 1.407766e+01 1.597283e-04 1.085629e-01
6.918310e+02 2.173038e+00 1.791475e+05 9.195335e-01 2.087905e+07 1.661502e+03 6.140005e-02 3.266648e+01 1.467634e-04 1.220629e-01
7.134004e+02 2.222369e+00 1.847944e+05 1.014270e+00 2.188733e+07 1.741738e+03 1.272460e-01 1.201452e+01 1.579518e-04 1.280419e-01
7.356423e+02 2.194741e+00 1.903353e+05 9.952713e-01 2.331481e+07 1.855333e+03 1.461380e-01 2.279451e+01 1.521398e-04 1.332915e-01
7.585776e+02 2.181076e+00 1.963172e+05 9.596664e-01 2.135920e+07 1.699711e+03 2.901188e-02 1.864059e+01 1.484838e-04 1.293006e-01
7.822280e+02 2.170851e+00 2.024121e+05 9.573529e-01 2.201496e+07 1.751895e+03 1.001310e-01 1.907925e+01 1.668564e-04 1.341184e-01
8.066157e+02 2.187979e+00 2.088205e+05 9.570472e-01 2.208910e+07 1.757795e+03 1.154678e-01 2.037737e+01 1.505052e-04 1.296631e-01
8.317638e+02 2.166790e+00 2.152868e+05 9.391351e-01 2.386257e+07 1.898923e+03 1.729051e-02 2.945967e+01 1.502098e-04 1.411801e-01
8.576959e+02 2.143813e+00 2.218325e+05 9.103323e-01 2.194920e+07 1.746662e+03 1.554685e-01 1.207146e+01 1.423613e-04 1.386548e-01
8.844365e+02 2.129288e+00 2.288745e+05 9.545976e-01 2.402920e+07 1.912183e+03 1.785315e-01 1.563840e+01 1.473434e-04 1.552166e-01
9.120108e+02 2.096722e+00 2.360485e+05 9.221633e-01 2.537371e+07 2.019176e+03 9.838757e-02 9.990559e+00 1.446909e-04 1.653964e-01
9.404449e+02 2.105110e+00 2.431643e+05 1.004092e+00 2.756820e+07 2.193808e+03 7.574083e-02 9.692524e+00 1.516272e-04 1.743259e-01
9.697654e+02 2.115891e+00 2.508747e+05 9.578636e-01 2.799962e+07 2.228139e+03 -4.383126e-02 3.760279e+01 1.611591e-04 1.814579e-01
