#./double_munderdamped_3d --dev=1 --amp=10.0 --omega=1 --mass=0.0 --force=0 --Dg=0.01 --block=256 --paths=1024 --periods=1000 --trans=100 --samples=10000 --spp=10000 --algorithm=euler --pav=1 --mode=moments --domain=1d --domainx=g:-3:0:300:1 --domainy=s:-1:2:100:1 --domainz=a:-1:2.5:100:1 --q=2 --eps=0 --phi=1.57079632679 --lambda=5.0 --zeta=0.2 --comp=0 --mean=1.0 --second=50.0 --skew=0.99 --distribution=s>> 1D_double_g:-3:0:300:1_50.0_5.0_0.99_1.0_10.0.dat
#g <<v>> <<v^2>> qnu(q) mu_q Dx Gx Gv EBx EBv
1.000000e-03 1.226586e+00 1.822726e+05 1.017700e+00 1.649611e+06 1.312719e+02 9.733130e-02 8.113332e+01 1.455286e-04 3.068720e-02
1.023293e-03 1.237874e+00 1.763351e+05 9.349892e-01 1.544406e+06 1.228999e+02 1.356432e-01 9.648521e+01 1.568616e-04 2.837683e-02
1.047129e-03 1.226136e+00 1.705779e+05 9.392209e-01 1.529414e+06 1.217069e+02 -2.545870e-02 7.930145e+01 1.625166e-04 2.874128e-02
1.071519e-03 1.229259e+00 1.650341e+05 9.752961e-01 1.614844e+06 1.285052e+02 1.033070e-01 7.981779e+01 1.650585e-04 3.016385e-02
1.096478e-03 1.226783e+00 1.598046e+05 9.268259e-01 1.420342e+06 1.130272e+02 1.814193e-02 6.865344e+01 1.420827e-04 2.730264e-02
1.122018e-03 1.219556e+00 1.546992e+05 9.823788e-01 1.496251e+06 1.190679e+02 7.398628e-02 1.224808e+02 1.496468e-04 2.922049e-02
1.148154e-03 1.226308e+00 1.499079e+05 9.189350e-01 1.532797e+06 1.219761e+02 6.267860e-02 8.357864e+01 1.621075e-04 2.943677e-02
1.174898e-03 1.228713e+00 1.452675e+05 9.920088e-01 1.531760e+06 1.218936e+02 1.006293e-01 4.999645e+01 1.550872e-04 2.969242e-02
1.202264e-03 1.212996e+00 1.406970e+05 9.604342e-01 1.462784e+06 1.164046e+02 1.028336e-01 5.362021e+01 1.637458e-04 2.827963e-02
1.230269e-03 1.227233e+00 1.364627e+05 9.570735e-01 1.545399e+06 1.229790e+02 -4.078569e-02 1.017683e+02 1.482745e-04 2.972311e-02
1.258925e-03 1.227501e+00 1.322603e+05 9.488726e-01 1.553453e+06 1.236199e+02 1.826118e-02 1.210839e+02 1.591184e-04 2.938548e-02
1.288250e-03 1.217451e+00 1.282343e+05 1.009450e+00 1.542505e+06 1.227486e+02 1.191741e-01 9.930977e+01 1.628131e-04 3.154479e-02
1.318257e-03 1.248736e+00 1.246261e+05 9.711545e-01 1.565238e+06 1.245577e+02 2.150390e-02 7.431450e+01 1.574422e-04 2.894597e-02
1.348963e-03 1.238126e+00 1.208456e+05 9.162507e-01 1.499574e+06 1.193323e+02 8.240801e-02 1.245938e+02 1.618378e-04 2.841156e-02
1.380384e-03 1.235802e+00 1.173052e+05 9.572758e-01 1.544364e+06 1.228966e+02 1.045419e-01 2.011263e+02 1.439004e-04 2.946677e-02
1.412538e-03 1.229720e+00 1.138070e+05 8.654494e-01 1.421985e+06 1.131580e+02 -7.484592e-02 7.525413e+01 1.603320e-04 2.622919e-02
1.445440e-03 1.237256e+00 1.105447e+05 9.508464e-01 1.585032e+06 1.261329e+02 7.975777e-02 7.547566e+01 1.515233e-04 3.038744e-02
1.479108e-03 1.238893e+00 1.073245e+05 9.129318e-01 1.490372e+06 1.186001e+02 3.881030e-02 1.509836e+02 1.503136e-04 2.808889e-02
1.513561e-03 1.233551e+00 1.042661e+05 9.836000e-01 1.564076e+06 1.244652e+02 3.530739e-02 3.822261e+01 1.551065e-04 2.910373e-02
1.548817e-03 1.231754e+00 1.012286e+05 9.541803e-01 1.602802e+06 1.275469e+02 6.915624e-02 6.905875e+01 1.485095e-04 2.964225e-02
1.584893e-03 1.230959e+00 9.844780e+04 9.267562e-01 1.582121e+06 1.259012e+02 8.391441e-02 1.933232e+02 1.685820e-04 2.958009e-02
1.621810e-03 1.211693e+00 9.558033e+04 1.016136e+00 1.663373e+06 1.323670e+02 1.146917e-01 1.451397e+02 1.599610e-04 3.175362e-02
1.659587e-03 1.227990e+00 9.291256e+04 9.712274e-01 1.553770e+06 1.236450e+02 1.233641e-01 6.408678e+01 1.527210e-04 2.934186e-02
1.698244e-03 1.221352e+00 9.028914e+04 1.009474e+00 1.663054e+06 1.323416e+02 2.220240e-02 7.177858e+01 1.572546e-04 3.201396e-02
1.737801e-03 1.232452e+00 8.786664e+04 9.197567e-01 1.561820e+06 1.242857e+02 6.789183e-02 1.722633e+02 1.485956e-04 2.993818e-02
1.778279e-03 1.235867e+00 8.545685e+04 9.257751e-01 1.530265e+06 1.217746e+02 1.107638e-01 6.577536e+01 1.649974e-04 2.842082e-02
1.819701e-03 1.232335e+00 8.309173e+04 1.043100e+00 1.615521e+06 1.285590e+02 2.216294e-01 7.646119e+01 1.556221e-04 3.146545e-02
1.862087e-03 1.226847e+00 8.077513e+04 9.741785e-01 1.645481e+06 1.309432e+02 1.840405e-01 6.708400e+01 1.541242e-04 3.047588e-02
1.905461e-03 1.222843e+00 7.859173e+04 1.009975e+00 1.598313e+06 1.271897e+02 -2.977252e-02 5.381036e+01 1.463280e-04 2.968528e-02
1.949845e-03 1.225917e+00 7.639642e+04 9.650529e-01 1.638294e+06 1.303713e+02 1.198751e-02 6.296943e+01 1.581355e-04 3.094948e-02
1.995262e-03 1.235048e+00 7.442215e+04 9.437944e-01 1.668497e+06 1.327748e+02 1.575651e-01 6.137421e+01 1.783005e-04 3.123575e-02
2.041738e-03 1.232222e+00 7.237914e+04 1.001916e+00 1.536155e+06 1.222433e+02 4.909269e-02 9.247144e+01 1.529765e-04 2.964942e-02
2.089296e-03 1.230850e+00 7.040137e+04 9.245809e-01 1.530290e+06 1.217766e+02 -1.424476e-02 6.496930e+01 1.621247e-04 2.924070e-02
2.137962e-03 1.222784e+00 6.853326e+04 1.017880e+00 1.547744e+06 1.231655e+02 1.162160e-01 1.375187e+02 1.562626e-04 2.923516e-02
2.187762e-03 1.230753e+00 6.673642e+04 9.811732e-01 1.541307e+06 1.226533e+02 6.002488e-02 1.254755e+02 1.483907e-04 2.907339e-02
2.238721e-03 1.225795e+00 6.497681e+04 9.745989e-01 1.668582e+06 1.327815e+02 1.257980e-01 7.507290e+01 1.593094e-04 3.199055e-02
2.290868e-03 1.234329e+00 6.323042e+04 1.012062e+00 1.658277e+06 1.319615e+02 5.724085e-02 4.846452e+01 1.479971e-04 3.089823e-02
2.344229e-03 1.229279e+00 6.157828e+04 9.680463e-01 1.531113e+06 1.218421e+02 1.171691e-01 4.016082e+01 1.628448e-04 2.974011e-02
2.398833e-03 1.228097e+00 5.997180e+04 9.406955e-01 1.516050e+06 1.206435e+02 2.633332e-01 4.630389e+01 1.495748e-04 2.829634e-02
2.454709e-03 1.221778e+00 5.841393e+04 9.417486e-01 1.475012e+06 1.173777e+02 6.712609e-02 2.515756e+01 1.581658e-04 2.945207e-02
2.511886e-03 1.232953e+00 5.692705e+04 1.007283e+00 1.583750e+06 1.260308e+02 -3.678326e-02 9.197700e+01 1.525436e-04 3.011909e-02
2.570396e-03 1.238527e+00 5.544286e+04 9.860462e-01 1.512438e+06 1.203560e+02 1.304710e-01 1.300820e+02 1.674374e-04 2.886957e-02
2.630268e-03 1.220669e+00 5.396372e+04 9.366685e-01 1.576946e+06 1.254894e+02 5.790329e-02 4.501591e+01 1.421246e-04 2.947370e-02
2.691535e-03 1.222100e+00 5.256912e+04 9.591451e-01 1.521694e+06 1.210926e+02 1.096887e-01 5.797045e+01 1.579736e-04 2.939731e-02
2.754229e-03 1.225873e+00 5.125923e+04 9.709646e-01 1.612282e+06 1.283013e+02 1.389492e-01 5.646527e+01 1.457006e-04 3.040599e-02
2.818383e-03 1.233598e+00 4.993341e+04 9.341581e-01 1.602221e+06 1.275007e+02 -1.432760e-02 7.841166e+01 1.476900e-04 2.924472e-02
2.884032e-03 1.234336e+00 4.867182e+04 9.581747e-01 1.524339e+06 1.213030e+02 1.431553e-01 4.957685e+01 1.452005e-04 2.816063e-02
2.951209e-03 1.226859e+00 4.740965e+04 9.523799e-01 1.529806e+06 1.217381e+02 6.021575e-02 4.794990e+01 1.630091e-04 2.977058e-02
3.019952e-03 1.237023e+00 4.620158e+04 9.956382e-01 1.735291e+06 1.380901e+02 1.607786e-02 5.784633e+01 1.682562e-04 3.121713e-02
3.090295e-03 1.232976e+00 4.506648e+04 9.627431e-01 1.568564e+06 1.248224e+02 7.593884e-02 9.223346e+01 1.438824e-04 2.962725e-02
3.162278e-03 1.226742e+00 4.388890e+04 9.336361e-01 1.439481e+06 1.145502e+02 2.977824e-02 6.819526e+01 1.481967e-04 2.702403e-02
3.235937e-03 1.239525e+00 4.278483e+04 9.561649e-01 1.710574e+06 1.361232e+02 2.950687e-02 5.843493e+01 1.648965e-04 3.048345e-02
3.311311e-03 1.232960e+00 4.172349e+04 9.112672e-01 1.463330e+06 1.164481e+02 3.461085e-02 5.562024e+01 1.530722e-04 2.690817e-02
3.388442e-03 1.230013e+00 4.068174e+04 9.638784e-01 1.582953e+06 1.259674e+02 8.384228e-02 9.785018e+01 1.567386e-04 2.914547e-02
3.467369e-03 1.225558e+00 3.965164e+04 9.481395e-01 1.466154e+06 1.166728e+02 1.445325e-01 4.760445e+01 1.513374e-04 2.865081e-02
3.548134e-03 1.231015e+00 3.863444e+04 9.311041e-01 1.537074e+06 1.223165e+02 3.037538e-03 3.100624e+01 1.602200e-04 2.861355e-02
3.630781e-03 1.227542e+00 3.768366e+04 9.265495e-01 1.468417e+06 1.168529e+02 7.473121e-02 7.573412e+01 1.582632e-04 2.913012e-02
3.715352e-03 1.235689e+00 3.674436e+04 9.473539e-01 1.555856e+06 1.238111e+02 1.153061e-01 3.766777e+01 1.633560e-04 2.912228e-02
3.801894e-03 1.229683e+00 3.584875e+04 9.556395e-01 1.676271e+06 1.333934e+02 -9.653562e-03 4.279657e+01 1.558905e-04 3.006784e-02
3.890451e-03 1.227206e+00 3.495145e+04 9.677015e-01 1.512026e+06 1.203232e+02 1.204200e-01 1.959099e+01 1.559304e-04 2.931065e-02
3.981072e-03 1.230609e+00 3.409313e+04 9.789126e-01 1.559297e+06 1.240849e+02 8.555890e-02 5.380572e+01 1.506671e-04 2.892325e-02
4.073803e-03 1.242663e+00 3.327121e+04 8.703634e-01 1.409703e+06 1.121806e+02 7.295970e-02 1.961938e+01 1.468931e-04 2.609667e-02
4.168694e-03 1.221682e+00 3.242698e+04 1.029991e+00 1.649448e+06 1.312589e+02 5.334624e-02 1.268088e+02 1.563804e-04 3.206947e-02
4.265795e-03 1.229775e+00 3.164115e+04 9.878853e-01 1.655189e+06 1.317158e+02 5.465504e-02 3.290995e+01 1.553751e-04 3.007485e-02
4.365158e-03 1.239792e+00 3.086661e+04 9.237492e-01 1.484037e+06 1.180959e+02 3.053068e-02 7.198911e+01 1.472142e-04 2.720676e-02
4.466836e-03 1.227454e+00 3.010078e+04 9.562982e-01 1.514203e+06 1.204964e+02 2.003843e-01 7.319629e+01 1.603039e-04 2.867862e-02
4.570882e-03 1.236802e+00 2.938410e+04 9.657385e-01 1.526805e+06 1.214993e+02 9.515980e-02 4.017492e+01 1.599408e-04 2.837307e-02
4.677351e-03 1.229965e+00 2.866339e+04 9.917430e-01 1.585323e+06 1.261560e+02 -2.335933e-02 3.276978e+01 1.526899e-04 3.024853e-02
4.786301e-03 1.216439e+00 2.795038e+04 1.011724e+00 1.531924e+06 1.219067e+02 4.340014e-02 2.171458e+01 1.602370e-04 3.052488e-02
4.897788e-03 1.222821e+00 2.727060e+04 9.361778e-01 1.517707e+06 1.207753e+02 8.287919e-02 6.678218e+01 1.674161e-04 2.966122e-02
5.011872e-03 1.240553e+00 2.662272e+04 1.009821e+00 1.691476e+06 1.346034e+02 1.156863e-01 2.197905e+01 1.588216e-04 3.088628e-02
5.128614e-03 1.225510e+00 2.597474e+04 9.053102e-01 1.421534e+06 1.131221e+02 -1.567425e-03 4.244827e+01 1.605380e-04 2.727628e-02
5.248075e-03 1.236316e+00 2.533931e+04 9.953091e-01 1.586943e+06 1.262849e+02 1.294675e-01 2.370143e+01 1.594323e-04 2.974771e-02
5.370318e-03 1.225605e+00 2.471515e+04 9.611395e-01 1.537776e+06 1.223723e+02 4.623521e-02 1.846590e+01 1.549656e-04 2.966891e-02
5.495409e-03 1.227594e+00 2.412183e+04 9.457470e-01 1.519556e+06 1.209224e+02 4.606007e-02 3.486113e+01 1.633041e-04 2.940574e-02
5.623413e-03 1.231431e+00 2.354257e+04 9.710647e-01 1.516705e+06 1.206955e+02 7.521241e-02 1.841673e+01 1.618772e-04 2.843909e-02
5.754399e-03 1.233674e+00 2.298812e+04 9.805422e-01 1.596527e+06 1.270476e+02 2.195079e-01 2.400082e+01 1.583907e-04 2.929983e-02
5.888437e-03 1.219711e+00 2.241647e+04 9.273208e-01 1.647217e+06 1.310814e+02 6.548537e-03 1.002063e+02 1.566081e-04 3.005617e-02
6.025596e-03 1.226616e+00 2.188268e+04 9.621273e-01 1.429276e+06 1.137381e+02 4.582970e-02 6.345730e+01 1.572562e-04 2.794092e-02
6.165950e-03 1.232193e+00 2.135675e+04 9.090450e-01 1.441182e+06 1.146856e+02 1.186594e-01 1.762752e+01 1.563030e-04 2.676946e-02
6.309573e-03 1.216360e+00 2.084837e+04 9.616078e-01 1.467657e+06 1.167925e+02 5.364035e-02 2.513098e+01 1.530268e-04 2.859902e-02
6.456542e-03 1.232033e+00 2.035433e+04 9.768925e-01 1.547751e+06 1.231661e+02 2.014894e-01 2.236803e+01 1.717060e-04 2.894813e-02
6.606934e-03 1.230623e+00 1.985656e+04 9.432252e-01 1.510481e+06 1.202002e+02 1.205212e-01 2.008709e+01 1.504832e-04 2.738882e-02
6.760830e-03 1.221133e+00 1.939062e+04 9.359535e-01 1.512984e+06 1.203994e+02 9.169852e-02 4.887048e+01 1.610221e-04 2.845903e-02
6.918310e-03 1.219574e+00 1.892310e+04 9.624661e-01 1.572491e+06 1.251349e+02 7.839127e-02 1.800731e+01 1.565858e-04 2.988204e-02
7.079458e-03 1.230672e+00 1.847836e+04 9.678689e-01 1.554215e+06 1.236805e+02 2.189183e-02 1.474161e+01 1.522430e-04 2.892431e-02
7.244360e-03 1.223894e+00 1.803438e+04 9.723149e-01 1.594659e+06 1.268989e+02 1.006090e-01 1.958159e+01 1.735435e-04 3.052563e-02
7.413102e-03 1.222074e+00 1.761158e+04 9.906424e-01 1.593197e+06 1.267826e+02 1.027972e-01 2.229102e+01 1.540237e-04 2.990501e-02
7.585776e-03 1.237098e+00 1.719443e+04 1.005687e+00 1.560205e+06 1.241572e+02 2.178872e-03 2.094890e+01 1.595796e-04 2.912450e-02
7.762471e-03 1.238858e+00 1.679361e+04 9.184391e-01 1.528301e+06 1.216184e+02 7.046421e-02 3.299947e+01 1.565751e-04 2.805469e-02
7.943282e-03 1.233576e+00 1.638424e+04 9.591868e-01 1.497459e+06 1.191640e+02 1.397925e-01 2.135241e+01 1.593372e-04 2.750880e-02
8.128305e-03 1.241972e+00 1.600278e+04 1.002653e+00 1.639788e+06 1.304902e+02 7.284240e-02 2.360806e+01 1.631272e-04 3.101206e-02
8.317638e-03 1.238783e+00 1.561684e+04 9.388709e-01 1.466143e+06 1.166720e+02 9.674956e-02 3.132332e+01 1.605560e-04 2.674022e-02
8.511380e-03 1.233118e+00 1.525590e+04 9.077992e-01 1.444562e+06 1.149546e+02 1.081295e-01 1.942198e+01 1.562524e-04 2.686485e-02
8.709636e-03 1.230871e+00 1.489758e+04 9.662062e-01 1.512508e+06 1.203615e+02 -9.940841e-03 3.384388e+01 1.678141e-04 2.865456e-02
8.912509e-03 1.227284e+00 1.453556e+04 1.022236e+00 1.627478e+06 1.295106e+02 -3.484297e-03 1.289525e+01 1.710279e-04 3.145544e-02
9.120108e-03 1.224840e+00 1.419652e+04 9.550936e-01 1.461967e+06 1.163397e+02 3.939419e-02 1.668317e+01 1.609117e-04 2.818606e-02
9.332543e-03 1.229197e+00 1.385851e+04 9.548218e-01 1.544519e+06 1.229089e+02 9.066291e-02 4.544987e+01 1.602477e-04 2.904346e-02
9.549926e-03 1.223164e+00 1.353257e+04 9.545635e-01 1.488858e+06 1.184795e+02 2.955532e-02 1.886087e+01 1.462292e-04 2.875817e-02
9.772372e-03 1.234089e+00 1.321646e+04 1.002259e+00 1.640735e+06 1.305655e+02 6.201244e-02 1.860796e+01 1.733242e-04 3.085166e-02
1.000000e-02 1.230683e+00 1.290618e+04 9.045640e-01 1.451275e+06 1.154888e+02 5.411225e-02 1.010941e+01 1.578615e-04 2.722121e-02
1.023293e-02 1.229848e+00 1.260740e+04 9.656071e-01 1.556133e+06 1.238332e+02 1.267434e-01 2.011003e+01 1.635925e-04 2.962003e-02
1.047129e-02 1.227396e+00 1.230562e+04 9.653885e-01 1.584186e+06 1.260655e+02 1.719854e-01 1.238961e+01 1.614087e-04 2.891006e-02
1.071519e-02 1.233682e+00 1.201865e+04 9.975839e-01 1.547615e+06 1.231553e+02 -4.662520e-02 2.069638e+01 1.614671e-04 2.836403e-02
1.096478e-02 1.235571e+00 1.173446e+04 9.208397e-01 1.460745e+06 1.162424e+02 4.612585e-02 3.394155e+01 1.600241e-04 2.767222e-02
1.122018e-02 1.231430e+00 1.147053e+04 8.916077e-01 1.475043e+06 1.173802e+02 5.542702e-02 1.192440e+01 1.498647e-04 2.799953e-02
1.148154e-02 1.222127e+00 1.119141e+04 9.789081e-01 1.593849e+06 1.268345e+02 -1.829096e-03 1.179363e+01 1.627031e-04 3.013611e-02
1.174898e-02 1.227290e+00 1.093139e+04 8.847416e-01 1.434106e+06 1.141225e+02 1.444910e-01 1.576097e+01 1.558632e-04 2.632086e-02
1.202264e-02 1.228167e+00 1.067596e+04 9.119143e-01 1.544414e+06 1.229005e+02 6.794649e-02 3.023333e+01 1.647444e-04 2.915429e-02
1.230269e-02 1.234471e+00 1.043055e+04 8.994712e-01 1.403110e+06 1.116560e+02 9.282942e-02 1.654923e+01 1.696554e-04 2.610548e-02
1.258925e-02 1.231836e+00 1.018693e+04 9.608885e-01 1.605084e+06 1.277286e+02 1.676953e-01 1.211346e+01 1.575813e-04 2.963254e-02
1.288250e-02 1.237166e+00 9.948221e+03 9.881302e-01 1.553173e+06 1.235976e+02 1.112481e-01 1.263822e+01 1.611837e-04 2.869201e-02
1.318257e-02 1.231237e+00 9.716469e+03 1.013357e+00 1.633854e+06 1.300180e+02 2.012334e-01 1.216647e+01 1.743930e-04 3.031031e-02
1.348963e-02 1.222971e+00 9.484967e+03 9.942397e-01 1.490164e+06 1.185835e+02 2.884486e-02 4.403616e+01 1.614447e-04 2.977789e-02
1.380384e-02 1.226372e+00 9.267461e+03 9.785477e-01 1.509604e+06 1.201305e+02 7.295690e-02 2.233818e+01 1.698493e-04 2.825353e-02
1.412538e-02 1.226259e+00 9.050442e+03 1.008359e+00 1.620688e+06 1.289703e+02 1.146297e-01 1.965609e+01 1.618014e-04 3.065568e-02
1.445440e-02 1.225652e+00 8.839155e+03 9.497528e-01 1.559296e+06 1.240848e+02 6.828149e-02 1.381607e+01 1.681350e-04 2.986668e-02
1.479108e-02 1.232423e+00 8.640594e+03 9.708295e-01 1.639450e+06 1.304633e+02 -1.505561e-04 1.048319e+01 1.793044e-04 3.042574e-02
1.513561e-02 1.226686e+00 8.436184e+03 9.655543e-01 1.489556e+06 1.185351e+02 1.089658e-01 2.713449e+01 1.653841e-04 2.811260e-02
1.548817e-02 1.231283e+00 8.235035e+03 1.017488e+00 1.607209e+06 1.278976e+02 3.645378e-02 1.212217e+01 1.555746e-04 3.065037e-02
1.584893e-02 1.232815e+00 8.051534e+03 9.668183e-01 1.553030e+06 1.235862e+02 8.773439e-02 1.528832e+01 1.704147e-04 2.940748e-02
1.621810e-02 1.231130e+00 7.860840e+03 9.773724e-01 1.638733e+06 1.304062e+02 4.027115e-02 1.048303e+01 1.680398e-04 2.942598e-02
1.659587e-02 1.240190e+00 7.681162e+03 9.722694e-01 1.676195e+06 1.333873e+02 9.501611e-02 1.704665e+01 1.633090e-04 2.984914e-02
1.698244e-02 1.235867e+00 7.502739e+03 9.937042e-01 1.710276e+06 1.360995e+02 9.551665e-02 1.752879e+01 1.670415e-04 3.203437e-02
1.737801e-02 1.225446e+00 7.321796e+03 9.637127e-01 1.523475e+06 1.212343e+02 5.740086e-02 7.021928e+00 1.617256e-04 2.908111e-02
1.778279e-02 1.226379e+00 7.156706e+03 9.388387e-01 1.526042e+06 1.214385e+02 1.309743e-01 1.166133e+01 1.580372e-04 2.850799e-02
1.819701e-02 1.219197e+00 6.989616e+03 9.903519e-01 1.348269e+06 1.072919e+02 9.988962e-02 1.081781e+01 1.748289e-04 2.681453e-02
1.862087e-02 1.240280e+00 6.834663e+03 9.324970e-01 1.578501e+06 1.256131e+02 1.345532e-01 1.497824e+01 1.578383e-04 2.908941e-02
1.905461e-02 1.221791e+00 6.671220e+03 9.342549e-01 1.497203e+06 1.191436e+02 4.508754e-02 6.105080e+00 1.653439e-04 2.859704e-02
1.949845e-02 1.230123e+00 6.517570e+03 8.822086e-01 1.428806e+06 1.137007e+02 1.727314e-01 1.274508e+01 1.630711e-04 2.803781e-02
1.995262e-02 1.244742e+00 6.369922e+03 9.090977e-01 1.408043e+06 1.120485e+02 1.222015e-01 1.309042e+01 1.712976e-04 2.638296e-02
2.041738e-02 1.227548e+00 6.218946e+03 9.158327e-01 1.497630e+06 1.191776e+02 2.003055e-01 7.973985e+00 1.549698e-04 2.857601e-02
2.089296e-02 1.231816e+00 6.074335e+03 9.636354e-01 1.595965e+06 1.270029e+02 1.384220e-01 1.594989e+01 1.674453e-04 2.972614e-02
2.137962e-02 1.225078e+00 5.933620e+03 9.854997e-01 1.565442e+06 1.245739e+02 3.930752e-02 9.266023e+00 1.686137e-04 2.855432e-02
2.187762e-02 1.233395e+00 5.796074e+03 9.449772e-01 1.564792e+06 1.245222e+02 1.280843e-01 1.138408e+01 1.586527e-04 2.873273e-02
2.238721e-02 1.228403e+00 5.667728e+03 1.000264e+00 1.510341e+06 1.201891e+02 1.020041e-01 1.037664e+01 1.655567e-04 2.815682e-02
2.290868e-02 1.232133e+00 5.532623e+03 1.010315e+00 1.554856e+06 1.237315e+02 9.060777e-02 1.044228e+01 1.860070e-04 3.003323e-02
2.344229e-02 1.226785e+00 5.404648e+03 9.175635e-01 1.431472e+06 1.139129e+02 6.151096e-02 8.578489e+00 1.648228e-04 2.805574e-02
2.398833e-02 1.226688e+00 5.279267e+03 9.580518e-01 1.478835e+06 1.176819e+02 1.224106e-01 1.478068e+01 1.598281e-04 2.750366e-02
2.454709e-02 1.224463e+00 5.155240e+03 1.002022e+00 1.715599e+06 1.365230e+02 2.162155e-01 6.919748e+00 1.699672e-04 3.183507e-02
2.511886e-02 1.241018e+00 5.043328e+03 9.818674e-01 1.457064e+06 1.159495e+02 9.919225e-02 6.152475e+00 1.704180e-04 2.687711e-02
2.570396e-02 1.225725e+00 4.922955e+03 9.851664e-01 1.577656e+06 1.255459e+02 7.707941e-02 9.245816e+00 1.694365e-04 2.962199e-02
2.630268e-02 1.243408e+00 4.814850e+03 9.852606e-01 1.670877e+06 1.329642e+02 1.477253e-01 2.319555e+01 1.676186e-04 2.884502e-02
2.691535e-02 1.219797e+00 4.698453e+03 9.658940e-01 1.624236e+06 1.292526e+02 1.094553e-01 7.557908e+00 1.634891e-04 3.052939e-02
2.754229e-02 1.231288e+00 4.594154e+03 9.629947e-01 1.471503e+06 1.170985e+02 1.268923e-01 6.139244e+00 1.720928e-04 2.848943e-02
2.818383e-02 1.221676e+00 4.486675e+03 9.436452e-01 1.617174e+06 1.286906e+02 1.049276e-01 6.708640e+00 1.707566e-04 3.148676e-02
2.884032e-02 1.223005e+00 4.378748e+03 9.321072e-01 1.390405e+06 1.106449e+02 1.001362e-03 7.515231e+00 1.645757e-04 2.713575e-02
2.951209e-02 1.229364e+00 4.282518e+03 9.784804e-01 1.619273e+06 1.288577e+02 9.091314e-02 8.748212e+00 1.808798e-04 2.992658e-02
3.019952e-02 1.230658e+00 4.184796e+03 9.835015e-01 1.581990e+06 1.258908e+02 1.551308e-01 1.054553e+01 1.734051e-04 3.002990e-02
3.090295e-02 1.229486e+00 4.089830e+03 9.857588e-01 1.488690e+06 1.184662e+02 1.779978e-01 8.521703e+00 1.635015e-04 2.744266e-02
3.162278e-02 1.228805e+00 3.992426e+03 9.507337e-01 1.457450e+06 1.159802e+02 1.109768e-01 1.085334e+01 1.645840e-04 2.710304e-02
3.235937e-02 1.234905e+00 3.901708e+03 9.476486e-01 1.535443e+06 1.221867e+02 1.270701e-01 1.758173e+01 1.565130e-04 2.811216e-02
3.311311e-02 1.233389e+00 3.816667e+03 9.545027e-01 1.493611e+06 1.188578e+02 1.665457e-01 1.006423e+01 1.585936e-04 2.796536e-02
3.388442e-02 1.224638e+00 3.723827e+03 1.006808e+00 1.643459e+06 1.307823e+02 5.372113e-02 5.603847e+00 1.806396e-04 3.163826e-02
3.467369e-02 1.226604e+00 3.637920e+03 9.015949e-01 1.421067e+06 1.130849e+02 1.029865e-01 1.616039e+01 1.642485e-04 2.638860e-02
3.548134e-02 1.224889e+00 3.555368e+03 9.733129e-01 1.467586e+06 1.167868e+02 5.798701e-02 6.114555e+00 1.789121e-04 2.750561e-02
3.630781e-02 1.233676e+00 3.475313e+03 1.014981e+00 1.655082e+06 1.317072e+02 -3.426941e-02 4.196198e+00 1.756760e-04 3.092237e-02
3.715352e-02 1.234926e+00 3.394843e+03 9.217566e-01 1.478915e+06 1.176883e+02 1.268695e-01 7.048220e+00 1.712726e-04 2.734268e-02
3.801894e-02 1.212370e+00 3.313099e+03 1.003144e+00 1.546006e+06 1.230273e+02 1.565122e-01 5.588895e+00 1.700772e-04 3.056179e-02
3.890451e-02 1.215363e+00 3.240268e+03 9.721978e-01 1.490153e+06 1.185826e+02 1.738071e-02 8.137453e+00 1.607876e-04 2.814567e-02
3.981072e-02 1.216162e+00 3.162167e+03 9.333930e-01 1.427795e+06 1.136203e+02 2.881118e-03 3.081755e+00 1.720994e-04 2.750797e-02
4.073803e-02 1.226663e+00 3.094040e+03 9.797749e-01 1.516854e+06 1.207074e+02 1.540332e-02 1.072412e+01 1.753737e-04 2.874715e-02
4.168694e-02 1.232750e+00 3.022884e+03 9.571204e-01 1.560384e+06 1.241714e+02 1.126289e-02 3.972691e+00 1.706640e-04 2.968016e-02
4.265795e-02 1.216527e+00 2.951727e+03 9.872015e-01 1.503696e+06 1.196603e+02 1.380321e-01 6.073378e+00 1.663363e-04 2.881632e-02
4.365158e-02 1.229571e+00 2.886867e+03 9.276360e-01 1.519900e+06 1.209498e+02 1.729043e-03 6.267084e+00 1.594696e-04 2.869264e-02
4.466836e-02 1.233710e+00 2.819073e+03 9.736387e-01 1.569755e+06 1.249171e+02 5.395640e-02 4.398811e+00 1.771240e-04 2.903498e-02
4.570882e-02 1.222665e+00 2.754158e+03 9.924959e-01 1.512594e+06 1.203684e+02 6.384325e-02 4.434403e+00 1.680053e-04 2.864608e-02
4.677351e-02 1.229264e+00 2.691401e+03 8.946175e-01 1.388856e+06 1.105217e+02 5.520818e-02 4.119355e+00 1.738999e-04 2.794863e-02
4.786301e-02 1.231570e+00 2.630974e+03 1.010277e+00 1.682873e+06 1.339188e+02 1.468580e-01 3.562442e+00 1.701538e-04 3.127375e-02
4.897788e-02 1.227831e+00 2.569676e+03 9.598332e-01 1.506914e+06 1.199164e+02 -3.109784e-02 3.320569e+00 1.825946e-04 2.815007e-02
5.011872e-02 1.236401e+00 2.512255e+03 9.730025e-01 1.547679e+06 1.231604e+02 9.202972e-02 3.152960e+00 1.684216e-04 2.885291e-02
5.128614e-02 1.216107e+00 2.453507e+03 9.892841e-01 1.502104e+06 1.195336e+02 -4.638737e-02 6.106984e+00 1.791268e-04 2.895357e-02
5.248075e-02 1.217125e+00 2.396726e+03 9.278718e-01 1.399374e+06 1.113586e+02 -6.604787e-02 6.698415e+00 1.738244e-04 2.643825e-02
5.370318e-02 1.225735e+00 2.342520e+03 9.590207e-01 1.486637e+06 1.183028e+02 1.770836e-02 6.408020e+00 1.700713e-04 2.801934e-02
5.495409e-02 1.231729e+00 2.289632e+03 1.003127e+00 1.522071e+06 1.211226e+02 8.005434e-02 2.742515e+00 1.777758e-04 2.923735e-02
5.623413e-02 1.221967e+00 2.237139e+03 9.887885e-01 1.587050e+06 1.262934e+02 1.094367e-01 4.013694e+00 1.762293e-04 3.001214e-02
5.754399e-02 1.219157e+00 2.184599e+03 1.001295e+00 1.508939e+06 1.200776e+02 9.541439e-03 4.691661e+00 1.760160e-04 2.918226e-02
5.888437e-02 1.225614e+00 2.135396e+03 9.609271e-01 1.470590e+06 1.170258e+02 7.518583e-02 4.159479e+00 1.891541e-04 2.787895e-02
6.025596e-02 1.221766e+00 2.086227e+03 9.603994e-01 1.451765e+06 1.155278e+02 1.340891e-02 3.483459e+00 1.842374e-04 2.750705e-02
6.165950e-02 1.226137e+00 2.039885e+03 9.745716e-01 1.385472e+06 1.102523e+02 -1.039238e-01 5.481628e+00 1.930120e-04 2.659368e-02
6.309573e-02 1.223298e+00 1.992484e+03 9.653142e-01 1.497882e+06 1.191977e+02 5.439800e-02 2.511604e+00 1.871725e-04 2.857116e-02
6.456542e-02 1.233928e+00 1.948510e+03 9.796613e-01 1.538707e+06 1.224464e+02 1.112394e-01 3.049366e+00 1.866162e-04 2.851093e-02
6.606934e-02 1.221429e+00 1.901437e+03 9.038704e-01 1.425409e+06 1.134304e+02 9.891556e-02 2.127078e+00 1.749351e-04 2.666373e-02
6.760830e-02 1.229451e+00 1.859014e+03 1.031235e+00 1.594786e+06 1.269090e+02 1.646788e-01 3.505989e+00 2.004996e-04 2.976539e-02
6.918310e-02 1.234748e+00 1.816806e+03 9.499494e-01 1.436868e+06 1.143424e+02 6.419632e-03 3.535518e+00 1.844636e-04 2.778512e-02
7.079458e-02 1.220028e+00 1.774605e+03 9.158173e-01 1.424120e+06 1.133278e+02 -4.157012e-03 3.541882e+00 2.032941e-04 2.713155e-02
7.244360e-02 1.211933e+00 1.734340e+03 9.138680e-01 1.387557e+06 1.104182e+02 2.566523e-02 2.304429e+00 1.914702e-04 2.651336e-02
7.413102e-02 1.225859e+00 1.695038e+03 9.521843e-01 1.441899e+06 1.147426e+02 1.071761e-01 4.015724e+00 1.897423e-04 2.706858e-02
7.585776e-02 1.227244e+00 1.656241e+03 9.280420e-01 1.360697e+06 1.082808e+02 1.567176e-01 5.243718e+00 1.850319e-04 2.610154e-02
7.762471e-02 1.219942e+00 1.617960e+03 9.929629e-01 1.526287e+06 1.214580e+02 1.899176e-02 2.552258e+00 1.865559e-04 2.790729e-02
7.943282e-02 1.224269e+00 1.581948e+03 9.592751e-01 1.485526e+06 1.182144e+02 -5.238196e-02 3.861744e+00 1.752784e-04 2.859283e-02
8.128305e-02 1.217562e+00 1.545249e+03 9.487966e-01 1.515008e+06 1.205605e+02 1.294602e-02 3.113979e+00 1.815399e-04 2.878928e-02
8.317638e-02 1.214900e+00 1.508818e+03 8.968339e-01 1.391205e+06 1.107086e+02 1.354859e-02 5.424320e+00 1.734847e-04 2.640971e-02
8.511380e-02 1.221167e+00 1.474811e+03 9.658146e-01 1.487844e+06 1.183988e+02 1.346848e-01 1.962366e+00 2.003717e-04 2.843267e-02
8.709636e-02 1.233891e+00 1.443282e+03 1.001462e+00 1.542553e+06 1.227525e+02 9.407961e-02 1.915052e+00 2.119102e-04 2.886139e-02
8.912509e-02 1.219300e+00 1.408151e+03 9.861362e-01 1.483830e+06 1.180795e+02 4.379361e-02 3.177804e+00 1.874287e-04 2.953874e-02
9.120108e-02 1.235034e+00 1.377024e+03 8.960885e-01 1.461316e+06 1.162878e+02 -2.402697e-02 2.344841e+00 1.982342e-04 2.669344e-02
9.332543e-02 1.227794e+00 1.345193e+03 9.574325e-01 1.431331e+06 1.139017e+02 7.619692e-02 2.703333e+00 1.878535e-04 2.809036e-02
9.549926e-02 1.228085e+00 1.314855e+03 9.868743e-01 1.549150e+06 1.232775e+02 6.922676e-02 2.933989e+00 1.936191e-04 2.968429e-02
9.772372e-02 1.226094e+00 1.284694e+03 9.234200e-01 1.447063e+06 1.151536e+02 1.190156e-01 2.203725e+00 1.995975e-04 2.751014e-02
1.000000e-01 1.219402e+00 1.255436e+03 1.000887e+00 1.542409e+06 1.227410e+02 1.553014e-01 1.679876e+00 1.933657e-04 2.900066e-02
1.023293e-01 1.233124e+00 1.226922e+03 9.415488e-01 1.461816e+06 1.163276e+02 -2.264460e-02 3.909932e+00 1.942242e-04 2.676769e-02
1.047129e-01 1.228763e+00 1.199332e+03 9.960822e-01 1.510671e+06 1.202154e+02 7.707099e-02 1.596096e+00 1.982018e-04 2.810532e-02
1.071519e-01 1.223778e+00 1.172100e+03 9.588244e-01 1.488999e+06 1.184908e+02 1.526600e-01 3.297841e+00 1.910894e-04 2.832107e-02
1.096478e-01 1.219876e+00 1.144524e+03 9.863359e-01 1.555102e+06 1.237511e+02 6.502917e-02 1.508267e+00 2.193569e-04 2.992431e-02
1.122018e-01 1.231537e+00 1.118541e+03 9.214245e-01 1.423803e+06 1.133026e+02 4.127807e-02 1.662969e+00 1.992592e-04 2.650214e-02
1.148154e-01 1.211771e+00 1.092512e+03 1.006105e+00 1.536565e+06 1.222760e+02 1.542216e-01 3.919271e+00 2.148810e-04 3.121496e-02
1.174898e-01 1.235579e+00 1.068286e+03 9.768887e-01 1.463270e+06 1.164434e+02 4.049536e-04 2.272934e+00 1.891874e-04 2.660501e-02
1.202264e-01 1.222819e+00 1.043925e+03 9.935282e-01 1.583902e+06 1.260429e+02 6.733443e-02 1.943004e+00 2.138382e-04 2.947146e-02
1.230269e-01 1.221432e+00 1.020175e+03 9.604221e-01 1.415039e+06 1.126052e+02 3.707080e-02 3.731875e+00 1.932912e-04 2.737574e-02
1.258925e-01 1.233278e+00 9.972923e+02 9.014143e-01 1.421724e+06 1.131372e+02 7.329057e-02 2.952126e+00 1.990177e-04 2.626056e-02
1.288250e-01 1.229037e+00 9.740650e+02 9.505271e-01 1.497436e+06 1.191621e+02 3.698755e-02 1.418090e+00 1.884800e-04 2.776168e-02
1.318257e-01 1.216594e+00 9.518815e+02 1.002707e+00 1.515190e+06 1.205750e+02 2.047473e-01 1.649675e+00 2.052787e-04 2.884476e-02
1.348963e-01 1.234279e+00 9.311949e+02 9.250956e-01 1.477169e+06 1.175493e+02 5.830227e-02 2.222744e+00 2.156239e-04 2.757286e-02
1.380384e-01 1.228902e+00 9.094071e+02 9.922975e-01 1.500023e+06 1.193681e+02 4.264549e-02 1.868565e+00 2.271010e-04 2.896751e-02
1.412538e-01 1.230791e+00 8.884660e+02 1.015359e+00 1.594313e+06 1.268714e+02 1.745579e-03 1.838687e+00 2.036641e-04 2.887319e-02
1.445440e-01 1.237533e+00 8.686091e+02 9.083283e-01 1.392698e+06 1.108274e+02 5.315002e-02 1.544595e+00 1.946317e-04 2.444843e-02
1.479108e-01 1.223813e+00 8.484573e+02 9.652364e-01 1.465050e+06 1.165850e+02 1.263447e-01 2.259249e+00 2.137643e-04 2.871381e-02
1.513561e-01 1.222532e+00 8.290831e+02 9.820617e-01 1.427435e+06 1.135917e+02 5.515429e-02 2.185838e+00 2.069639e-04 2.703428e-02
1.548817e-01 1.219250e+00 8.103938e+02 9.580024e-01 1.422474e+06 1.131968e+02 6.909025e-02 1.552490e+00 2.121130e-04 2.674107e-02
1.584893e-01 1.218664e+00 7.913100e+02 9.318335e-01 1.484173e+06 1.181068e+02 1.883296e-01 1.449654e+00 2.135990e-04 2.800071e-02
1.621810e-01 1.229300e+00 7.736552e+02 9.529637e-01 1.433544e+06 1.140778e+02 5.124766e-02 1.757342e+00 2.164965e-04 2.664835e-02
1.659587e-01 1.220652e+00 7.562663e+02 9.456149e-01 1.505248e+06 1.197838e+02 6.299842e-02 1.156656e+00 2.293016e-04 2.866147e-02
1.698244e-01 1.214161e+00 7.384884e+02 1.004683e+00 1.542443e+06 1.227437e+02 9.820688e-03 1.606256e+00 2.252864e-04 2.964918e-02
1.737801e-01 1.226544e+00 7.218677e+02 9.880862e-01 1.505385e+06 1.197947e+02 3.651183e-02 1.267574e+00 2.064089e-04 2.822865e-02
1.778279e-01 1.224528e+00 7.055799e+02 9.566251e-01 1.451852e+06 1.155347e+02 3.651815e-02 8.614902e-01 2.112383e-04 2.769764e-02
1.819701e-01 1.217608e+00 6.895838e+02 8.940146e-01 1.389341e+06 1.105602e+02 2.176351e-02 1.859489e+00 2.155574e-04 2.657329e-02
1.862087e-01 1.220010e+00 6.739308e+02 9.720055e-01 1.444764e+06 1.149707e+02 -9.083664e-03 7.256432e-01 2.228069e-04 2.741532e-02
1.905461e-01 1.222088e+00 6.584196e+02 9.129106e-01 1.455846e+06 1.158525e+02 7.278694e-02 1.262300e+00 2.294821e-04 2.781548e-02
1.949845e-01 1.230889e+00 6.439594e+02 9.447932e-01 1.437834e+06 1.144192e+02 7.457328e-02 1.581285e+00 2.285473e-04 2.709950e-02
1.995262e-01 1.211776e+00 6.285144e+02 9.125542e-01 1.399384e+06 1.113595e+02 1.214875e-01 8.805604e-01 2.398827e-04 2.644693e-02
2.041738e-01 1.227784e+00 6.153450e+02 9.759123e-01 1.576838e+06 1.254808e+02 1.132130e-01 8.966173e-01 2.227031e-04 2.952782e-02
2.089296e-01 1.215182e+00 6.004293e+02 8.796081e-01 1.356642e+06 1.079582e+02 2.547037e-02 1.425053e+00 2.452126e-04 2.603373e-02
2.137962e-01 1.223366e+00 5.868663e+02 9.477496e-01 1.495684e+06 1.190228e+02 5.369111e-02 8.608241e-01 2.402768e-04 2.809937e-02
2.187762e-01 1.210439e+00 5.733657e+02 1.020188e+00 1.587062e+06 1.262943e+02 8.084146e-02 1.648623e+00 2.603647e-04 3.059211e-02
2.238721e-01 1.212517e+00 5.607070e+02 9.441228e-01 1.427695e+06 1.136124e+02 5.585321e-02 7.694487e-01 2.425319e-04 2.899287e-02
2.290868e-01 1.226083e+00 5.479181e+02 9.886407e-01 1.398545e+06 1.112927e+02 5.059797e-02 1.063262e+00 2.388229e-04 2.610220e-02
2.344229e-01 1.210635e+00 5.352855e+02 9.307006e-01 1.424404e+06 1.133505e+02 7.042590e-02 1.137912e+00 2.276794e-04 2.815251e-02
2.398833e-01 1.215270e+00 5.230232e+02 9.596227e-01 1.520051e+06 1.209618e+02 -5.862291e-03 9.247358e-01 2.604463e-04 2.984097e-02
2.454709e-01 1.209017e+00 5.108929e+02 9.594832e-01 1.535095e+06 1.221590e+02 4.685009e-02 1.071563e+00 2.502811e-04 2.969100e-02
2.511886e-01 1.206847e+00 4.994120e+02 8.899414e-01 1.481208e+06 1.178708e+02 7.031776e-02 8.214882e-01 2.669341e-04 2.836835e-02
2.570396e-01 1.218720e+00 4.884908e+02 9.351470e-01 1.493083e+06 1.188157e+02 1.304079e-01 7.468725e-01 2.682231e-04 2.725546e-02
2.630268e-01 1.201435e+00 4.769675e+02 9.832244e-01 1.504897e+06 1.197559e+02 1.365710e-01 7.454278e-01 2.587885e-04 3.063441e-02
2.691535e-01 1.203899e+00 4.662628e+02 9.252672e-01 1.491988e+06 1.187286e+02 2.797795e-02 7.005333e-01 2.623603e-04 2.852638e-02
2.754229e-01 1.205273e+00 4.558701e+02 1.004358e+00 1.519002e+06 1.208783e+02 3.914253e-02 6.261322e-01 2.729383e-04 3.046165e-02
2.818383e-01 1.187037e+00 4.455015e+02 1.022925e+00 1.461754e+06 1.163227e+02 6.847418e-02 7.631728e-01 2.722570e-04 3.024999e-02
2.884032e-01 1.199355e+00 4.352116e+02 9.855868e-01 1.517115e+06 1.207282e+02 8.919197e-02 6.322619e-01 2.823044e-04 3.041724e-02
2.951209e-01 1.198576e+00 4.253850e+02 9.626160e-01 1.485422e+06 1.182061e+02 1.460059e-02 7.481177e-01 2.855828e-04 2.884908e-02
3.019952e-01 1.194950e+00 4.157542e+02 9.785024e-01 1.468913e+06 1.168924e+02 3.379361e-02 9.051816e-01 2.700524e-04 2.886257e-02
3.090295e-01 1.200256e+00 4.065995e+02 9.691507e-01 1.515237e+06 1.205787e+02 -4.916357e-03 9.836274e-01 2.595097e-04 2.904678e-02
3.162278e-01 1.192329e+00 3.970929e+02 9.774427e-01 1.452472e+06 1.155840e+02 1.119972e-01 4.675134e-01 2.817182e-04 2.983548e-02
3.235937e-01 1.185227e+00 3.879961e+02 9.451573e-01 1.518355e+06 1.208269e+02 5.347178e-02 8.007376e-01 3.007626e-04 3.064237e-02
3.311311e-01 1.186481e+00 3.792211e+02 9.976794e-01 1.442839e+06 1.148175e+02 6.959287e-02 7.278504e-01 2.678221e-04 2.922315e-02
3.388442e-01 1.188332e+00 3.703772e+02 9.656443e-01 1.437880e+06 1.144229e+02 8.791048e-02 5.403069e-01 2.975817e-04 2.854880e-02
3.467369e-01 1.187811e+00 3.622581e+02 9.425765e-01 1.414275e+06 1.125444e+02 -4.075151e-03 9.368641e-01 2.871504e-04 2.833063e-02
3.548134e-01 1.183233e+00 3.540255e+02 1.046990e+00 1.531548e+06 1.218767e+02 1.211193e-01 5.208052e-01 2.754931e-04 2.982473e-02
3.630781e-01 1.170218e+00 3.458362e+02 9.533752e-01 1.430790e+06 1.138587e+02 9.682384e-03 7.319491e-01 2.799197e-04 3.043381e-02
3.715352e-01 1.180695e+00 3.383416e+02 9.663048e-01 1.514271e+06 1.205018e+02 1.001466e-01 5.712272e-01 2.938032e-04 3.071147e-02
3.801894e-01 1.182568e+00 3.302739e+02 1.026479e+00 1.590659e+06 1.265806e+02 1.017901e-01 5.155539e-01 3.026564e-04 3.139807e-02
3.890451e-01 1.167857e+00 3.228124e+02 1.013349e+00 1.512478e+06 1.203592e+02 1.187777e-03 8.188446e-01 3.160151e-04 3.239298e-02
3.981072e-01 1.172986e+00 3.155060e+02 9.035370e-01 1.387002e+06 1.103741e+02 2.428827e-02 5.932097e-01 2.954701e-04 2.864714e-02
4.073803e-01 1.169053e+00 3.084712e+02 9.281626e-01 1.438193e+06 1.144478e+02 -1.300831e-01 4.566565e-01 3.028660e-04 3.077046e-02
4.168694e-01 1.169439e+00 3.011833e+02 1.026245e+00 1.563252e+06 1.243996e+02 5.815102e-02 2.969010e-01 3.233032e-04 3.292793e-02
4.265795e-01 1.151650e+00 2.943281e+02 9.733010e-01 1.481773e+06 1.179157e+02 9.409094e-02 4.673547e-01 3.223164e-04 3.278725e-02
4.365158e-01 1.152194e+00 2.877863e+02 1.016655e+00 1.610815e+06 1.281846e+02 1.117528e-01 3.891120e-01 3.176824e-04 3.419333e-02
4.466836e-01 1.155867e+00 2.815636e+02 9.184709e-01 1.409407e+06 1.121570e+02 2.417555e-02 3.431687e-01 3.184638e-04 3.029547e-02
4.570882e-01 1.151610e+00 2.749951e+02 8.591148e-01 1.416755e+06 1.127417e+02 6.397787e-02 7.837478e-01 3.094796e-04 3.025900e-02
4.677351e-01 1.136062e+00 2.683686e+02 8.831215e-01 1.475930e+06 1.174508e+02 1.351812e-01 4.210404e-01 3.383542e-04 3.158274e-02
4.786301e-01 1.152533e+00 2.626368e+02 9.781205e-01 1.553113e+06 1.235928e+02 5.876863e-02 4.163586e-01 3.697913e-04 3.283888e-02
4.897788e-01 1.143025e+00 2.566622e+02 9.811777e-01 1.574847e+06 1.253223e+02 1.115009e-01 6.143526e-01 3.357865e-04 3.387868e-02
5.011872e-01 1.141821e+00 2.506926e+02 9.411959e-01 1.416923e+06 1.127552e+02 -1.552065e-02 3.289205e-01 3.336693e-04 3.103644e-02
5.128614e-01 1.139638e+00 2.451811e+02 9.498261e-01 1.564856e+06 1.245273e+02 -1.764881e-02 4.124395e-01 3.366759e-04 3.324681e-02
5.248075e-01 1.147367e+00 2.393383e+02 9.201152e-01 1.547169e+06 1.231198e+02 9.514476e-03 3.658149e-01 3.620868e-04 3.277262e-02
5.370318e-01 1.142075e+00 2.338593e+02 1.010827e+00 1.651873e+06 1.314519e+02 -2.933831e-02 2.968816e-01 3.663883e-04 3.486800e-02
5.495409e-01 1.140144e+00 2.288189e+02 1.020375e+00 1.644352e+06 1.308534e+02 8.610573e-03 5.075118e-01 3.750753e-04 3.523547e-02
5.623413e-01 1.124624e+00 2.235121e+02 1.023655e+00 1.653815e+06 1.316064e+02 8.201638e-02 5.811826e-01 3.688594e-04 3.680066e-02
5.754399e-01 1.133668e+00 2.183828e+02 9.462584e-01 1.528694e+06 1.216496e+02 1.491932e-01 5.080456e-01 3.686528e-04 3.281963e-02
5.888437e-01 1.127049e+00 2.134928e+02 9.917849e-01 1.518850e+06 1.208663e+02 1.150092e-01 3.546584e-01 4.086900e-04 3.311673e-02
6.025596e-01 1.133376e+00 2.088271e+02 1.004398e+00 1.568307e+06 1.248019e+02 8.434128e-02 8.304045e-01 4.077979e-04 3.384614e-02
6.165950e-01 1.117542e+00 2.040531e+02 9.179197e-01 1.495314e+06 1.189933e+02 1.571593e-01 2.720322e-01 3.954295e-04 3.261911e-02
6.309573e-01 1.117791e+00 1.993905e+02 9.761596e-01 1.448236e+06 1.152470e+02 1.126976e-01 3.084209e-01 3.839548e-04 3.323487e-02
6.456542e-01 1.121811e+00 1.949691e+02 9.562647e-01 1.477595e+06 1.175833e+02 1.279871e-01 3.989390e-01 3.846604e-04 3.270495e-02
6.606934e-01 1.128714e+00 1.906613e+02 9.694457e-01 1.634672e+06 1.300831e+02 1.510930e-01 3.644140e-01 4.162900e-04 3.488336e-02
6.760830e-01 1.110076e+00 1.861397e+02 1.001856e+00 1.611879e+06 1.282693e+02 1.294901e-01 2.288183e-01 4.105955e-04 3.603573e-02
6.918310e-01 1.113505e+00 1.819016e+02 9.421604e-01 1.429994e+06 1.137953e+02 5.048144e-02 4.219632e-01 4.182149e-04 3.202889e-02
7.079458e-01 1.111025e+00 1.777195e+02 1.045061e+00 1.657451e+06 1.318957e+02 2.111154e-01 5.480902e-01 4.676008e-04 3.760286e-02
7.244360e-01 1.099360e+00 1.736915e+02 9.851319e-01 1.585006e+06 1.261308e+02 1.213349e-01 2.334226e-01 4.086701e-04 3.685043e-02
7.413102e-01 1.085512e+00 1.696471e+02 9.987671e-01 1.607202e+06 1.278970e+02 1.432104e-01 2.505673e-01 4.153040e-04 3.850104e-02
7.585776e-01 1.089196e+00 1.660368e+02 9.386215e-01 1.511286e+06 1.202643e+02 6.938903e-02 2.748004e-01 4.259717e-04 3.544611e-02
7.762471e-01 1.100551e+00 1.622124e+02 9.832843e-01 1.488035e+06 1.184140e+02 1.430045e-01 4.475154e-01 4.339138e-04 3.497714e-02
7.943282e-01 1.089830e+00 1.587125e+02 9.817005e-01 1.431730e+06 1.139334e+02 2.183714e-02 3.190527e-01 4.427604e-04 3.461795e-02
8.128305e-01 1.100340e+00 1.548594e+02 9.324980e-01 1.530823e+06 1.218190e+02 2.501862e-01 1.359916e-01 4.462712e-04 3.487410e-02
8.317638e-01 1.081987e+00 1.513016e+02 9.705309e-01 1.522748e+06 1.211764e+02 -8.845546e-03 2.252678e-01 5.036248e-04 3.749171e-02
8.511380e-01 1.099209e+00 1.480477e+02 1.053194e+00 1.688542e+06 1.343699e+02 1.350245e-01 2.554765e-01 4.854239e-04 3.899781e-02
8.709636e-01 1.081583e+00 1.447913e+02 9.500908e-01 1.427811e+06 1.136216e+02 8.261422e-02 1.604799e-01 4.568706e-04 3.453892e-02
8.912509e-01 1.082734e+00 1.413524e+02 9.737158e-01 1.499754e+06 1.193466e+02 6.923400e-03 3.310547e-01 4.760420e-04 3.635846e-02
9.120108e-01 1.079891e+00 1.381555e+02 9.218805e-01 1.460715e+06 1.162400e+02 1.272955e-01 1.877368e-01 4.911445e-04 3.533437e-02
9.332543e-01 1.074008e+00 1.351469e+02 9.442977e-01 1.370599e+06 1.090688e+02 9.113142e-02 3.087774e-01 5.385784e-04 3.426326e-02
9.549926e-01 1.080023e+00 1.321398e+02 9.942160e-01 1.582775e+06 1.259532e+02 5.215223e-02 2.504720e-01 4.780139e-04 3.876011e-02
9.772372e-01 1.072223e+00 1.289334e+02 1.006134e+00 1.568569e+06 1.248228e+02 5.334708e-02 2.109173e-01 5.539324e-04 3.873645e-02
