#./double_munderdamped_3d --dev=1 --amp=250.0 --omega=1 --mass=0.0 --force=0 --Dg=0.01 --block=256 --paths=1024 --periods=1000 --trans=100 --samples=10000 --spp=10000 --algorithm=euler --pav=1 --mode=moments --domain=1d --domainx=g:-3:0:300:1 --domainy=s:-1:2:100:1 --domainz=a:-1:2.5:100:1 --q=2 --eps=0 --phi=1.57079632679 --lambda=5.0 --zeta=0.2 --comp=0 --mean=1.0 --second=50.0 --skew=0.99 --distribution=s>> 1D_double_g:-3:0:300:1_50.0_5.0_0.99_1.0_250.0.dat
#g <<v>> <<v^2>> qnu(q) mu_q Dx Gx Gv EBx EBv
1.000000e-03 1.721639e+00 1.837227e+05 9.898200e-01 1.582152e+06 1.259036e+02 1.261102e-01 1.066070e+02 1.583292e-04 1.561975e-02
1.023293e-03 1.722483e+00 1.777757e+05 9.822464e-01 1.617856e+06 1.287449e+02 9.884955e-02 1.434543e+02 1.541905e-04 1.510535e-02
1.047129e-03 1.719070e+00 1.719266e+05 9.649468e-01 1.519526e+06 1.209201e+02 1.172502e-01 1.459907e+02 1.616221e-04 1.492039e-02
1.071519e-03 1.720775e+00 1.664205e+05 9.322674e-01 1.553409e+06 1.236164e+02 1.519801e-01 2.599736e+02 1.545056e-04 1.533228e-02
1.096478e-03 1.736313e+00 1.612812e+05 9.165451e-01 1.480299e+06 1.177985e+02 3.388277e-02 1.038603e+02 1.459479e-04 1.370488e-02
1.122018e-03 1.735891e+00 1.562191e+05 9.612246e-01 1.564928e+06 1.245330e+02 8.340802e-02 1.254425e+02 1.441993e-04 1.417655e-02
1.148154e-03 1.729043e+00 1.512519e+05 1.000765e+00 1.584622e+06 1.261002e+02 6.112384e-02 7.503329e+01 1.577759e-04 1.527470e-02
1.174898e-03 1.743182e+00 1.466157e+05 9.752975e-01 1.564165e+06 1.244723e+02 1.451959e-01 8.941103e+01 1.510932e-04 1.445652e-02
1.202264e-03 1.740543e+00 1.421469e+05 9.840856e-01 1.499417e+06 1.193198e+02 -2.002190e-02 2.114220e+02 1.492031e-04 1.396018e-02
1.230269e-03 1.743218e+00 1.378185e+05 9.639153e-01 1.574317e+06 1.252801e+02 4.818225e-02 6.861360e+01 1.560949e-04 1.456964e-02
1.258925e-03 1.762889e+00 1.338055e+05 9.548758e-01 1.503029e+06 1.196073e+02 2.022234e-02 1.497209e+02 1.459694e-04 1.402183e-02
1.288250e-03 1.750217e+00 1.296783e+05 1.029906e+00 1.633626e+06 1.299998e+02 1.167173e-01 6.772294e+01 1.492886e-04 1.567561e-02
1.318257e-03 1.751229e+00 1.258205e+05 9.179554e-01 1.430538e+06 1.138386e+02 8.928070e-02 6.568922e+01 1.543853e-04 1.323487e-02
1.348963e-03 1.760052e+00 1.220825e+05 9.888409e-01 1.581207e+06 1.258285e+02 2.040185e-01 3.312566e+01 1.557851e-04 1.437296e-02
1.380384e-03 1.769918e+00 1.185558e+05 9.880718e-01 1.564622e+06 1.245087e+02 8.154299e-02 6.966886e+01 1.553916e-04 1.416844e-02
1.412538e-03 1.778478e+00 1.151537e+05 9.670553e-01 1.562589e+06 1.243469e+02 1.040809e-01 9.342004e+01 1.525518e-04 1.374960e-02
1.445440e-03 1.772915e+00 1.117600e+05 1.002730e+00 1.607361e+06 1.279097e+02 1.324163e-02 1.643943e+02 1.550304e-04 1.461265e-02
1.479108e-03 1.785361e+00 1.086421e+05 9.727479e-01 1.539876e+06 1.225395e+02 1.860131e-01 1.080099e+02 1.446189e-04 1.366558e-02
1.513561e-03 1.779161e+00 1.054555e+05 1.006952e+00 1.587467e+06 1.263266e+02 1.468486e-01 5.640463e+01 1.524461e-04 1.409107e-02
1.548817e-03 1.780685e+00 1.024839e+05 1.006543e+00 1.588310e+06 1.263937e+02 2.227589e-01 8.496686e+01 1.393320e-04 1.374933e-02
1.584893e-03 1.778765e+00 9.949953e+04 9.870999e-01 1.556678e+06 1.238765e+02 1.233564e-02 1.590790e+02 1.581259e-04 1.375339e-02
1.621810e-03 1.790085e+00 9.675709e+04 1.041301e+00 1.591593e+06 1.266549e+02 8.455554e-02 6.518705e+01 1.664185e-04 1.435182e-02
1.659587e-03 1.801121e+00 9.410950e+04 9.691204e-01 1.499665e+06 1.193396e+02 1.244335e-01 4.223555e+01 1.547053e-04 1.356522e-02
1.698244e-03 1.789991e+00 9.143802e+04 9.196143e-01 1.335964e+06 1.063126e+02 1.050479e-01 7.971742e+01 1.402444e-04 1.166292e-02
1.737801e-03 1.786087e+00 8.894829e+04 9.497789e-01 1.425364e+06 1.134268e+02 1.339315e-01 1.230687e+02 1.468167e-04 1.219077e-02
1.778279e-03 1.797361e+00 8.650079e+04 9.036729e-01 1.389846e+06 1.106004e+02 9.930146e-02 2.649618e+02 1.420266e-04 1.242698e-02
1.819701e-03 1.807338e+00 8.415092e+04 9.622052e-01 1.465019e+06 1.165825e+02 -4.055114e-02 5.340670e+01 1.556247e-04 1.314858e-02
1.862087e-03 1.795440e+00 8.186378e+04 9.540390e-01 1.506460e+06 1.198803e+02 4.280880e-02 2.778244e+02 1.562334e-04 1.342259e-02
1.905461e-03 1.793059e+00 7.957489e+04 9.391904e-01 1.448169e+06 1.152416e+02 -3.802593e-02 5.177898e+01 1.574844e-04 1.309861e-02
1.949845e-03 1.804666e+00 7.744928e+04 9.520866e-01 1.438161e+06 1.144452e+02 1.227302e-01 7.663463e+01 1.433104e-04 1.283902e-02
1.995262e-03 1.811448e+00 7.543589e+04 1.004386e+00 1.549769e+06 1.233267e+02 1.501244e-01 5.980825e+01 1.568994e-04 1.346965e-02
2.041738e-03 1.809223e+00 7.336250e+04 9.703198e-01 1.366215e+06 1.087199e+02 1.132979e-01 7.191939e+01 1.599719e-04 1.210799e-02
2.089296e-03 1.824438e+00 7.145191e+04 9.756496e-01 1.484498e+06 1.181326e+02 8.030457e-02 5.337555e+01 1.548807e-04 1.253410e-02
2.137962e-03 1.795162e+00 6.946225e+04 9.712608e-01 1.476035e+06 1.174591e+02 5.340105e-02 3.690537e+01 1.535901e-04 1.281838e-02
2.187762e-03 1.809630e+00 6.766828e+04 9.404171e-01 1.376278e+06 1.095207e+02 8.051412e-02 6.319527e+01 1.558034e-04 1.189348e-02
2.238721e-03 1.801180e+00 6.588399e+04 9.430276e-01 1.420473e+06 1.130377e+02 1.308924e-01 5.132374e+01 1.502061e-04 1.223104e-02
2.290868e-03 1.806045e+00 6.414883e+04 9.800536e-01 1.440507e+06 1.146319e+02 8.893309e-02 1.670810e+02 1.487236e-04 1.249629e-02
2.344229e-03 1.807055e+00 6.245509e+04 9.267366e-01 1.470863e+06 1.170476e+02 5.517869e-02 4.314428e+01 1.538324e-04 1.274107e-02
2.398833e-03 1.804878e+00 6.084877e+04 9.482590e-01 1.389584e+06 1.105796e+02 1.353750e-01 1.022494e+02 1.433630e-04 1.198967e-02
2.454709e-03 1.817897e+00 5.925908e+04 9.585232e-01 1.472458e+06 1.171745e+02 1.718375e-01 2.472154e+01 1.611085e-04 1.221844e-02
2.511886e-03 1.816254e+00 5.773460e+04 9.838648e-01 1.509977e+06 1.201601e+02 1.735647e-01 4.151558e+01 1.596500e-04 1.346947e-02
2.570396e-03 1.819948e+00 5.622167e+04 9.705790e-01 1.475055e+06 1.173811e+02 2.052698e-01 8.300912e+01 1.607121e-04 1.308036e-02
2.630268e-03 1.807445e+00 5.477943e+04 9.905275e-01 1.480349e+06 1.178024e+02 6.787931e-02 4.541539e+01 1.599811e-04 1.251427e-02
2.691535e-03 1.820876e+00 5.338193e+04 9.895611e-01 1.419305e+06 1.129447e+02 7.094426e-02 3.052760e+01 1.589544e-04 1.237229e-02
2.754229e-03 1.805736e+00 5.201210e+04 1.009390e+00 1.506034e+06 1.198464e+02 4.781030e-02 4.201527e+01 1.590224e-04 1.302628e-02
2.818383e-03 1.811104e+00 5.066998e+04 1.001838e+00 1.431100e+06 1.138833e+02 1.236147e-01 3.787666e+01 1.559489e-04 1.232769e-02
2.884032e-03 1.808702e+00 4.938921e+04 9.650786e-01 1.352835e+06 1.076552e+02 1.307094e-01 3.108926e+01 1.581499e-04 1.177604e-02
2.951209e-03 1.809979e+00 4.811630e+04 9.885885e-01 1.412934e+06 1.124377e+02 8.790007e-02 2.556502e+01 1.459447e-04 1.212556e-02
3.019952e-03 1.822140e+00 4.694751e+04 9.477818e-01 1.360420e+06 1.082588e+02 1.504524e-01 3.576263e+01 1.604989e-04 1.222430e-02
3.090295e-03 1.812659e+00 4.574126e+04 9.489676e-01 1.337795e+06 1.064584e+02 1.717379e-02 2.903560e+01 1.560965e-04 1.183822e-02
3.162278e-03 1.818968e+00 4.459837e+04 9.551755e-01 1.386539e+06 1.103373e+02 1.618669e-01 6.305678e+01 1.474332e-04 1.188905e-02
3.235937e-03 1.818856e+00 4.344111e+04 9.563106e-01 1.324839e+06 1.054273e+02 7.254936e-02 5.354770e+01 1.431041e-04 1.151915e-02
3.311311e-03 1.819934e+00 4.237040e+04 9.749233e-01 1.346136e+06 1.071221e+02 7.227518e-02 4.516987e+01 1.566892e-04 1.217297e-02
3.388442e-03 1.826489e+00 4.131630e+04 9.889428e-01 1.445995e+06 1.150686e+02 1.034528e-01 3.503911e+01 1.537399e-04 1.212007e-02
3.467369e-03 1.838291e+00 4.027938e+04 9.444150e-01 1.414362e+06 1.125513e+02 4.403109e-02 3.044679e+01 1.489842e-04 1.173675e-02
3.548134e-03 1.823431e+00 3.926675e+04 1.015364e+00 1.423892e+06 1.133098e+02 8.036418e-02 2.782923e+01 1.564547e-04 1.243407e-02
3.630781e-03 1.826332e+00 3.828722e+04 1.008354e+00 1.389916e+06 1.106060e+02 1.169746e-01 1.067649e+02 1.447829e-04 1.185072e-02
3.715352e-03 1.827515e+00 3.733896e+04 9.772528e-01 1.346162e+06 1.071241e+02 2.274033e-01 4.057084e+01 1.607297e-04 1.160967e-02
3.801894e-03 1.829795e+00 3.640780e+04 9.092632e-01 1.292413e+06 1.028470e+02 9.319843e-02 2.676918e+01 1.508428e-04 1.097460e-02
3.890451e-03 1.838624e+00 3.552113e+04 1.013979e+00 1.389661e+06 1.105857e+02 1.218734e-01 5.523779e+01 1.449969e-04 1.192732e-02
3.981072e-03 1.833513e+00 3.464918e+04 9.137597e-01 1.277016e+06 1.016217e+02 1.648095e-01 1.287139e+02 1.538742e-04 1.101315e-02
4.073803e-03 1.832190e+00 3.378245e+04 9.832578e-01 1.350139e+06 1.074406e+02 2.158053e-01 3.233610e+01 1.585031e-04 1.179030e-02
4.168694e-03 1.847787e+00 3.297597e+04 9.643355e-01 1.352433e+06 1.076232e+02 2.574158e-01 1.176206e+02 1.658236e-04 1.117231e-02
4.265795e-03 1.832556e+00 3.215047e+04 9.841741e-01 1.308709e+06 1.041438e+02 6.603461e-03 2.333716e+01 1.558329e-04 1.102713e-02
4.365158e-03 1.849648e+00 3.139165e+04 8.813351e-01 1.236829e+06 9.842372e+01 8.470896e-02 4.565897e+01 1.555626e-04 1.023898e-02
4.466836e-03 1.852863e+00 3.061444e+04 9.693921e-01 1.241967e+06 9.883257e+01 1.130274e-01 3.472836e+01 1.515230e-04 1.042415e-02
4.570882e-03 1.863543e+00 2.988796e+04 9.481340e-01 1.285684e+06 1.023115e+02 6.656095e-02 2.847341e+01 1.542988e-04 1.065683e-02
4.677351e-03 1.866612e+00 2.914272e+04 9.427435e-01 1.324626e+06 1.054104e+02 2.351744e-01 4.991042e+01 1.541249e-04 1.083842e-02
4.786301e-03 1.864386e+00 2.844221e+04 9.807378e-01 1.448988e+06 1.153068e+02 1.540315e-01 3.996443e+01 1.492758e-04 1.128328e-02
4.897788e-03 1.862775e+00 2.774261e+04 9.646804e-01 1.253365e+06 9.973963e+01 2.605616e-01 1.161422e+02 1.574568e-04 1.050441e-02
5.011872e-03 1.876354e+00 2.708023e+04 9.016578e-01 1.232382e+06 9.806983e+01 1.724076e-01 1.988476e+01 1.514096e-04 1.010967e-02
5.128614e-03 1.871652e+00 2.641885e+04 1.021568e+00 1.350959e+06 1.075059e+02 1.646591e-01 2.189945e+01 1.645304e-04 1.130905e-02
5.248075e-03 1.881779e+00 2.579437e+04 9.606579e-01 1.300596e+06 1.034982e+02 1.970527e-01 2.405762e+01 1.599590e-04 1.041094e-02
5.370318e-03 1.884052e+00 2.517052e+04 9.440694e-01 1.228086e+06 9.772794e+01 1.480290e-01 1.971461e+01 1.679782e-04 9.857429e-03
5.495409e-03 1.892454e+00 2.457707e+04 9.492407e-01 1.262258e+06 1.004473e+02 6.114023e-02 1.413630e+01 1.496104e-04 1.037515e-02
5.623413e-03 1.893745e+00 2.398496e+04 9.235438e-01 1.216036e+06 9.676905e+01 1.401392e-01 3.112377e+01 1.552546e-04 9.722548e-03
5.754399e-03 1.903585e+00 2.341648e+04 9.474233e-01 1.263014e+06 1.005074e+02 5.854499e-02 2.249723e+01 1.707432e-04 1.045482e-02
5.888437e-03 1.897093e+00 2.283575e+04 9.638176e-01 1.327720e+06 1.056566e+02 1.106710e-01 7.478522e+01 1.645429e-04 1.027825e-02
6.025596e-03 1.911853e+00 2.231070e+04 8.430001e-01 1.085697e+06 8.639699e+01 1.552112e-01 5.269817e+01 1.587823e-04 8.486199e-03
6.165950e-03 1.917854e+00 2.177696e+04 9.329242e-01 1.246746e+06 9.921291e+01 4.853451e-02 1.465361e+01 1.587181e-04 9.576381e-03
6.309573e-03 1.921575e+00 2.126188e+04 9.487114e-01 1.244208e+06 9.901094e+01 -1.428711e-02 4.476528e+01 1.555024e-04 9.496556e-03
6.456542e-03 1.928644e+00 2.075126e+04 9.361000e-01 1.279108e+06 1.017882e+02 1.592368e-01 5.124336e+01 1.519489e-04 9.170956e-03
6.606934e-03 1.945332e+00 2.026742e+04 9.697532e-01 1.335186e+06 1.062507e+02 8.112742e-02 2.289650e+01 1.603372e-04 1.009348e-02
6.760830e-03 1.952524e+00 1.978245e+04 9.712418e-01 1.201096e+06 9.558018e+01 1.603887e-01 2.251417e+01 1.499493e-04 9.184785e-03
6.918310e-03 1.955466e+00 1.931366e+04 9.753725e-01 1.188434e+06 9.457253e+01 1.894728e-01 1.124532e+01 1.595631e-04 9.253011e-03
7.079458e-03 1.965751e+00 1.885690e+04 9.063124e-01 1.230269e+06 9.790169e+01 9.020550e-02 2.053747e+01 1.577848e-04 8.897311e-03
7.244360e-03 1.974613e+00 1.841878e+04 9.189528e-01 1.204031e+06 9.581378e+01 1.318062e-01 2.156708e+01 1.561157e-04 8.870387e-03
7.413102e-03 1.991197e+00 1.798023e+04 9.427285e-01 1.234300e+06 9.822249e+01 6.188871e-02 5.583583e+01 1.611250e-04 8.984026e-03
7.585776e-03 2.001888e+00 1.755688e+04 8.751808e-01 1.119210e+06 8.906387e+01 -3.264274e-02 2.942810e+01 1.407426e-04 7.668271e-03
7.762471e-03 1.993491e+00 1.714145e+04 9.825207e-01 1.215108e+06 9.669526e+01 -4.243730e-02 1.649411e+01 1.635245e-04 8.682237e-03
7.943282e-03 2.018685e+00 1.675668e+04 9.566153e-01 1.173537e+06 9.338714e+01 3.765719e-02 1.892652e+01 1.478536e-04 8.286462e-03
8.128305e-03 2.023198e+00 1.636398e+04 9.113651e-01 1.229504e+06 9.784082e+01 1.343741e-01 1.987543e+01 1.637298e-04 8.349397e-03
8.317638e-03 2.041705e+00 1.597737e+04 9.299129e-01 1.189186e+06 9.463238e+01 -6.059165e-02 3.861505e+01 1.606918e-04 7.980121e-03
8.511380e-03 2.050198e+00 1.559778e+04 9.416280e-01 1.145152e+06 9.112834e+01 5.461478e-02 2.667659e+01 1.507844e-04 7.598119e-03
8.709636e-03 2.060255e+00 1.525438e+04 9.822563e-01 1.256386e+06 9.998001e+01 1.688525e-01 1.645523e+01 1.522567e-04 8.309590e-03
8.912509e-03 2.069824e+00 1.488398e+04 9.456019e-01 1.122767e+06 8.934692e+01 2.617243e-01 1.227088e+01 1.539635e-04 7.222703e-03
9.120108e-03 2.079397e+00 1.453650e+04 9.812858e-01 1.233641e+06 9.817004e+01 9.493833e-02 2.038541e+01 1.541647e-04 7.799039e-03
9.332543e-03 2.086291e+00 1.419813e+04 1.000403e+00 1.175957e+06 9.357968e+01 1.141972e-01 1.524928e+01 1.714756e-04 7.909709e-03
9.549926e-03 2.103128e+00 1.386006e+04 9.651633e-01 1.155443e+06 9.194726e+01 -5.685800e-02 2.073770e+01 1.571856e-04 7.399957e-03
9.772372e-03 2.115486e+00 1.354320e+04 9.287455e-01 1.108797e+06 8.823529e+01 2.193242e-02 1.282430e+01 1.510391e-04 7.021367e-03
1.000000e-02 2.138793e+00 1.323927e+04 9.797579e-01 1.166995e+06 9.286651e+01 1.010697e-01 2.775013e+01 1.543762e-04 7.188579e-03
1.023293e-02 2.159666e+00 1.293158e+04 1.019298e+00 1.301996e+06 1.036096e+02 7.963683e-02 1.069300e+01 1.576847e-04 7.744756e-03
1.047129e-02 2.172238e+00 1.263184e+04 9.746353e-01 1.097557e+06 8.734081e+01 1.303071e-02 8.810031e+00 1.362606e-04 6.657830e-03
1.071519e-02 2.176299e+00 1.233555e+04 1.002045e+00 1.259774e+06 1.002496e+02 4.596517e-02 2.379648e+01 1.616421e-04 7.575438e-03
1.096478e-02 2.194948e+00 1.204958e+04 9.385434e-01 1.086642e+06 8.647225e+01 -7.247759e-03 2.196732e+01 1.547269e-04 6.434686e-03
1.122018e-02 2.214341e+00 1.176541e+04 1.016286e+00 1.174402e+06 9.345598e+01 5.142386e-02 1.164852e+01 1.518047e-04 6.702491e-03
1.148154e-02 2.224553e+00 1.149208e+04 1.031137e+00 1.147847e+06 9.134273e+01 1.020182e-01 1.374785e+01 1.637600e-04 6.432943e-03
1.174898e-02 2.244533e+00 1.123253e+04 9.985033e-01 1.069305e+06 8.509261e+01 1.054992e-01 2.122989e+01 1.511914e-04 6.187169e-03
1.202264e-02 2.261199e+00 1.097467e+04 9.732913e-01 1.071259e+06 8.524812e+01 1.123221e-02 1.071708e+01 1.623736e-04 5.921104e-03
1.230269e-02 2.293378e+00 1.072569e+04 9.010975e-01 1.022888e+06 8.139881e+01 6.759114e-02 2.653435e+01 1.592301e-04 5.440938e-03
1.258925e-02 2.300353e+00 1.048144e+04 9.719735e-01 1.194417e+06 9.504870e+01 1.075710e-01 1.092205e+01 1.691396e-04 6.290569e-03
1.288250e-02 2.323805e+00 1.024532e+04 9.626953e-01 1.040052e+06 8.276474e+01 1.870585e-02 1.050630e+01 1.675763e-04 5.578842e-03
1.318257e-02 2.343688e+00 1.001309e+04 9.620525e-01 1.092506e+06 8.693889e+01 1.352522e-01 1.872801e+01 1.645860e-04 5.447987e-03
1.348963e-02 2.361114e+00 9.775817e+03 9.964298e-01 1.016373e+06 8.088037e+01 -6.110664e-03 1.179135e+01 1.563060e-04 5.423771e-03
1.380384e-02 2.387964e+00 9.558213e+03 9.874017e-01 1.119324e+06 8.907297e+01 -3.854001e-02 2.080062e+01 1.626232e-04 5.380806e-03
1.412538e-02 2.406312e+00 9.339873e+03 9.589897e-01 1.101180e+06 8.762914e+01 2.722289e-02 1.424380e+01 1.560758e-04 5.256556e-03
1.445440e-02 2.432160e+00 9.119061e+03 9.627192e-01 9.719257e+05 7.734339e+01 3.640068e-02 1.083667e+01 1.536474e-04 4.621870e-03
1.479108e-02 2.449746e+00 8.914792e+03 8.799660e-01 9.148845e+05 7.280420e+01 1.182875e-01 7.791514e+00 1.506811e-04 4.448124e-03
1.513561e-02 2.472929e+00 8.709516e+03 9.852913e-01 9.816605e+05 7.811806e+01 -1.659856e-02 7.571746e+00 1.608997e-04 4.587394e-03
1.548817e-02 2.495481e+00 8.507015e+03 9.825167e-01 9.589612e+05 7.631170e+01 2.491701e-02 1.000743e+01 1.602044e-04 4.230337e-03
1.584893e-02 2.529662e+00 8.313730e+03 9.726863e-01 1.016613e+06 8.089945e+01 1.483973e-01 6.483981e+00 1.589711e-04 4.428549e-03
1.621810e-02 2.552090e+00 8.126550e+03 9.829873e-01 9.972359e+05 7.935751e+01 9.863569e-02 1.159209e+01 1.552223e-04 4.379868e-03
1.659587e-02 2.571026e+00 7.942445e+03 8.897633e-01 9.059113e+05 7.209013e+01 1.780752e-02 1.516378e+01 1.512458e-04 3.848390e-03
1.698244e-02 2.604385e+00 7.763907e+03 9.250679e-01 9.482577e+05 7.545995e+01 1.971743e-01 2.983792e+01 1.571340e-04 4.093443e-03
1.737801e-02 2.637442e+00 7.592150e+03 9.731623e-01 9.841574e+05 7.831676e+01 5.510415e-02 8.007246e+00 1.708015e-04 4.059594e-03
1.778279e-02 2.661385e+00 7.418385e+03 9.899122e-01 9.619773e+05 7.655172e+01 1.590359e-01 6.414316e+00 1.591413e-04 3.841263e-03
1.819701e-02 2.691827e+00 7.249228e+03 9.394698e-01 9.835019e+05 7.826459e+01 2.260232e-02 1.052786e+01 1.513415e-04 3.765509e-03
1.862087e-02 2.713603e+00 7.082525e+03 9.721877e-01 9.677057e+05 7.700757e+01 1.162124e-01 1.518492e+01 1.605987e-04 3.694991e-03
1.905461e-02 2.745003e+00 6.921255e+03 9.726986e-01 9.995333e+05 7.954033e+01 6.897529e-03 1.043085e+01 1.559659e-04 3.682997e-03
1.949845e-02 2.775459e+00 6.768963e+03 1.004870e+00 1.002734e+06 7.979501e+01 1.208844e-01 1.333989e+01 1.740277e-04 3.689680e-03
1.995262e-02 2.802646e+00 6.614812e+03 1.034653e+00 1.038803e+06 8.266532e+01 9.007018e-03 6.539017e+00 1.538983e-04 3.649998e-03
2.041738e-02 2.832575e+00 6.460185e+03 9.818378e-01 9.565026e+05 7.611606e+01 1.124128e-01 1.553941e+01 1.519690e-04 3.385112e-03
2.089296e-02 2.862689e+00 6.317501e+03 9.916083e-01 9.473946e+05 7.539127e+01 1.643935e-01 2.180823e+01 1.583907e-04 3.415632e-03
2.137962e-02 2.901367e+00 6.172256e+03 9.751918e-01 9.475683e+05 7.540509e+01 3.177790e-02 4.258143e+00 1.526670e-04 3.116831e-03
2.187762e-02 2.921465e+00 6.033441e+03 9.617639e-01 8.606795e+05 6.849070e+01 -7.358909e-02 4.349973e+00 1.528951e-04 2.919285e-03
2.238721e-02 2.968619e+00 5.901690e+03 9.838429e-01 9.332044e+05 7.426205e+01 1.190740e-01 1.187016e+01 1.631705e-04 2.990524e-03
2.290868e-02 2.995904e+00 5.765253e+03 9.892809e-01 9.287293e+05 7.390592e+01 4.402621e-02 7.553317e+00 1.476031e-04 2.982295e-03
2.344229e-02 3.043652e+00 5.638219e+03 1.035446e+00 1.027276e+06 8.174800e+01 5.339366e-02 1.649421e+01 1.649132e-04 3.125357e-03
2.398833e-02 3.071190e+00 5.510723e+03 9.961938e-01 9.579596e+05 7.623200e+01 -7.954050e-02 1.387687e+01 1.616709e-04 2.851224e-03
2.454709e-02 3.110579e+00 5.382222e+03 1.039157e+00 9.430895e+05 7.504867e+01 1.155458e-01 5.704625e+00 1.583628e-04 2.827639e-03
2.511886e-02 3.150359e+00 5.264541e+03 9.966031e-01 8.851672e+05 7.043936e+01 5.326134e-02 1.003700e+01 1.599455e-04 2.564249e-03
2.570396e-02 3.174587e+00 5.144753e+03 1.046580e+00 8.856430e+05 7.047723e+01 1.038761e-01 1.128315e+01 1.626833e-04 2.540973e-03
2.630268e-02 3.229586e+00 5.031756e+03 1.043531e+00 9.489952e+05 7.551864e+01 1.317174e-02 1.031659e+01 1.721727e-04 2.585440e-03
2.691535e-02 3.245333e+00 4.914257e+03 9.688767e-01 8.171220e+05 6.502450e+01 -1.140323e-02 6.365267e+00 1.557844e-04 2.212794e-03
2.754229e-02 3.294544e+00 4.809829e+03 9.883199e-01 8.900310e+05 7.082641e+01 1.493651e-01 5.898343e+00 1.610661e-04 2.286076e-03
2.818383e-02 3.341929e+00 4.700614e+03 1.041029e+00 8.429564e+05 6.708034e+01 5.213298e-02 5.119594e+00 1.590572e-04 2.117078e-03
2.884032e-02 3.377215e+00 4.593741e+03 1.029113e+00 8.259614e+05 6.572791e+01 -1.512532e-02 7.133990e+00 1.654202e-04 2.134219e-03
2.951209e-02 3.410804e+00 4.490612e+03 9.365266e-01 7.823419e+05 6.225679e+01 5.789947e-03 6.533346e+00 1.652973e-04 1.861919e-03
3.019952e-02 3.446262e+00 4.388546e+03 9.453812e-01 7.801604e+05 6.208319e+01 5.937643e-02 4.366252e+00 1.601959e-04 1.884590e-03
3.090295e-02 3.491955e+00 4.292058e+03 9.320140e-01 7.121992e+05 5.667501e+01 -4.946907e-02 3.327025e+00 1.585273e-04 1.736982e-03
3.162278e-02 3.526213e+00 4.194733e+03 9.446231e-01 7.080520e+05 5.634499e+01 -2.250127e-03 4.740850e+00 1.611283e-04 1.615868e-03
3.235937e-02 3.576036e+00 4.101814e+03 9.478311e-01 7.064038e+05 5.621383e+01 7.058434e-02 3.684673e+00 1.706948e-04 1.609973e-03
3.311311e-02 3.607452e+00 4.011181e+03 9.552234e-01 7.329085e+05 5.832300e+01 1.292480e-01 4.979988e+00 1.650707e-04 1.569186e-03
3.388442e-02 3.654560e+00 3.924210e+03 1.048795e+00 7.473422e+05 5.947160e+01 2.513186e-02 9.521346e+00 1.730211e-04 1.624309e-03
3.467369e-02 3.685064e+00 3.831459e+03 9.900440e-01 6.806147e+05 5.416160e+01 -3.806619e-03 6.699385e+00 1.647540e-04 1.411507e-03
3.548134e-02 3.727787e+00 3.749723e+03 9.953449e-01 6.858719e+05 5.457995e+01 8.497871e-03 3.682579e+00 1.575200e-04 1.380845e-03
3.630781e-02 3.763051e+00 3.664782e+03 9.653816e-01 6.456544e+05 5.137954e+01 -4.331083e-02 4.079351e+00 1.646796e-04 1.305736e-03
3.715352e-02 3.800144e+00 3.580959e+03 9.490804e-01 6.199996e+05 4.933800e+01 -6.410675e-02 4.513950e+00 1.640825e-04 1.277936e-03
3.801894e-02 3.830746e+00 3.502192e+03 9.759494e-01 6.657235e+05 5.297659e+01 2.009906e-03 1.921081e+00 1.828200e-04 1.319850e-03
3.890451e-02 3.864619e+00 3.424188e+03 1.015268e+00 6.664934e+05 5.303786e+01 -6.961138e-03 5.938755e+00 1.623898e-04 1.254529e-03
3.981072e-02 3.900014e+00 3.346519e+03 9.757998e-01 6.182660e+05 4.920004e+01 -2.983092e-02 1.755963e+01 1.671024e-04 1.161924e-03
4.073803e-02 3.925166e+00 3.270606e+03 9.940640e-01 6.183073e+05 4.920333e+01 7.889480e-02 4.942982e+00 1.870383e-04 1.162224e-03
4.168694e-02 3.950266e+00 3.197753e+03 9.546916e-01 6.219967e+05 4.949692e+01 6.744981e-02 2.886090e+00 1.632562e-04 1.089539e-03
4.265795e-02 3.983889e+00 3.128077e+03 9.470779e-01 6.016212e+05 4.787550e+01 6.429094e-02 5.177996e+00 1.665293e-04 1.080300e-03
4.365158e-02 4.006071e+00 3.058476e+03 9.738282e-01 6.120503e+05 4.870542e+01 -2.327430e-02 3.606244e+00 1.726049e-04 1.088055e-03
4.466836e-02 4.020176e+00 2.988533e+03 9.596401e-01 5.565205e+05 4.428649e+01 1.168909e-02 4.010954e+00 1.655587e-04 1.016094e-03
4.570882e-02 4.041345e+00 2.922086e+03 9.935968e-01 5.589941e+05 4.448333e+01 1.987139e-02 3.612592e+00 1.687824e-04 9.954477e-04
4.677351e-02 4.058033e+00 2.857601e+03 9.725127e-01 5.635811e+05 4.484836e+01 3.641330e-02 4.850190e+00 1.788524e-04 9.822387e-04
4.786301e-02 4.071013e+00 2.794918e+03 9.083280e-01 5.468433e+05 4.351641e+01 -1.846873e-02 4.638582e+00 1.660303e-04 9.120302e-04
4.897788e-02 4.073480e+00 2.730973e+03 9.443113e-01 5.481749e+05 4.362237e+01 -1.345632e-01 3.969398e+00 1.593494e-04 9.185698e-04
5.011872e-02 4.066672e+00 2.669636e+03 9.698850e-01 5.212184e+05 4.147724e+01 -1.368153e-01 3.921202e+00 1.616342e-04 9.157721e-04
5.128614e-02 4.074162e+00 2.612706e+03 9.035639e-01 4.770592e+05 3.796316e+01 -6.744820e-02 5.351095e+00 1.560980e-04 8.338755e-04
5.248075e-02 4.065982e+00 2.552268e+03 9.251798e-01 5.220173e+05 4.154082e+01 -5.423687e-02 5.234229e+00 1.752191e-04 8.780216e-04
5.370318e-02 4.060174e+00 2.496340e+03 9.903052e-01 5.202807e+05 4.140262e+01 -7.352592e-02 3.066742e+00 1.855093e-04 9.108227e-04
5.495409e-02 4.031330e+00 2.438903e+03 9.223520e-01 4.975110e+05 3.959067e+01 -7.035354e-03 2.326940e+00 1.594219e-04 8.587312e-04
5.623413e-02 4.017146e+00 2.384531e+03 9.522666e-01 5.052733e+05 4.020837e+01 -5.712120e-02 1.781206e+00 1.777522e-04 8.868142e-04
5.754399e-02 3.996733e+00 2.332506e+03 9.176250e-01 4.753261e+05 3.782525e+01 -7.896728e-04 4.205459e+00 1.721404e-04 8.434668e-04
5.888437e-02 3.971887e+00 2.280401e+03 9.397437e-01 4.944309e+05 3.934556e+01 -1.097929e-01 4.147726e+00 1.546640e-04 8.634298e-04
6.025596e-02 3.949457e+00 2.230796e+03 9.188689e-01 4.655683e+05 3.704874e+01 -1.204684e-01 2.818438e+00 1.619315e-04 8.600150e-04
6.165950e-02 3.915544e+00 2.178931e+03 9.663650e-01 4.695096e+05 3.736239e+01 -8.377821e-02 1.564874e+00 1.664720e-04 8.728016e-04
6.309573e-02 3.876279e+00 2.130368e+03 9.879339e-01 4.894172e+05 3.894659e+01 -1.586483e-03 2.188218e+00 1.881074e-04 9.232399e-04
6.456542e-02 3.853437e+00 2.083693e+03 9.222420e-01 4.575578e+05 3.641129e+01 -4.817743e-02 1.597874e+00 1.651242e-04 8.561843e-04
6.606934e-02 3.815849e+00 2.037271e+03 9.962372e-01 4.850228e+05 3.859689e+01 -3.564773e-02 2.879309e+00 1.836099e-04 9.416485e-04
6.760830e-02 3.779382e+00 1.990866e+03 9.728878e-01 4.452671e+05 3.543323e+01 3.955160e-04 2.586540e+00 1.704118e-04 9.010301e-04
6.918310e-02 3.737910e+00 1.945293e+03 9.367815e-01 4.305392e+05 3.426122e+01 -3.469171e-02 2.770054e+00 1.712454e-04 8.757212e-04
7.079458e-02 3.705225e+00 1.902638e+03 9.406028e-01 4.630548e+05 3.684873e+01 -4.002485e-02 5.097258e+00 1.676825e-04 9.097769e-04
7.244360e-02 3.669654e+00 1.860491e+03 9.643408e-01 4.525042e+05 3.600914e+01 -1.049550e-01 2.257615e+00 1.747090e-04 9.780764e-04
7.413102e-02 3.626404e+00 1.818988e+03 9.883595e-01 4.370326e+05 3.477795e+01 -3.686343e-02 1.780945e+00 1.676500e-04 9.906982e-04
7.585776e-02 3.582664e+00 1.777290e+03 1.050072e+00 4.598221e+05 3.659148e+01 -3.223019e-03 1.565799e+00 1.923528e-04 1.069058e-03
7.762471e-02 3.546424e+00 1.738252e+03 1.020085e+00 4.506046e+05 3.585797e+01 -3.909796e-02 2.197136e+00 1.690265e-04 1.032805e-03
7.943282e-02 3.511637e+00 1.699867e+03 9.418718e-01 4.124033e+05 3.281801e+01 -1.258009e-02 3.048452e+00 1.710750e-04 9.510367e-04
8.128305e-02 3.467529e+00 1.661304e+03 9.952175e-01 4.344507e+05 3.457249e+01 -1.128177e-02 3.439690e+00 1.825241e-04 1.004931e-03
8.317638e-02 3.428108e+00 1.624215e+03 9.802890e-01 4.147971e+05 3.300851e+01 3.184334e-02 1.708141e+00 1.992582e-04 9.828108e-04
8.511380e-02 3.389507e+00 1.588823e+03 9.424622e-01 4.068493e+05 3.237604e+01 -3.085965e-02 1.456696e+00 1.954654e-04 1.003868e-03
8.709636e-02 3.349530e+00 1.553096e+03 9.153076e-01 3.631862e+05 2.890144e+01 9.656508e-02 1.939681e+00 1.856402e-04 9.472706e-04
8.912509e-02 3.298763e+00 1.515960e+03 9.522480e-01 3.943828e+05 3.138399e+01 1.676429e-01 3.133282e+00 1.926063e-04 1.017785e-03
9.120108e-02 3.269088e+00 1.483789e+03 8.858323e-01 3.858875e+05 3.070795e+01 2.761197e-02 1.204259e+00 1.829438e-04 1.000204e-03
9.332543e-02 3.223997e+00 1.449855e+03 9.885816e-01 3.983706e+05 3.170132e+01 6.261980e-02 1.871275e+00 1.931344e-04 1.098340e-03
9.549926e-02 3.185115e+00 1.418759e+03 9.827193e-01 3.859656e+05 3.071416e+01 4.945243e-02 2.527906e+00 1.923673e-04 1.123050e-03
9.772372e-02 3.146274e+00 1.387333e+03 9.153321e-01 3.661486e+05 2.913718e+01 -5.584132e-02 2.588789e+00 1.903026e-04 1.067766e-03
1.000000e-01 3.100757e+00 1.356455e+03 9.222082e-01 3.444810e+05 2.741293e+01 -2.732829e-02 1.880418e+00 1.808896e-04 1.039162e-03
1.023293e-01 3.069726e+00 1.326801e+03 9.546258e-01 3.770112e+05 3.000160e+01 3.960034e-02 1.627200e+00 2.022970e-04 1.174562e-03
1.047129e-01 3.024228e+00 1.295921e+03 9.900000e-01 4.007230e+05 3.188852e+01 -2.809137e-02 3.117705e+00 2.122019e-04 1.248178e-03
1.071519e-01 2.985702e+00 1.267186e+03 9.608488e-01 3.928075e+05 3.125863e+01 4.269216e-03 1.307898e+00 1.923263e-04 1.234848e-03
1.096478e-01 2.939130e+00 1.238239e+03 1.027089e+00 3.926138e+05 3.124321e+01 1.078933e-01 2.055333e+00 1.765845e-04 1.268497e-03
1.122018e-01 2.903217e+00 1.210784e+03 1.019412e+00 3.812489e+05 3.033882e+01 -4.021962e-02 1.373579e+00 2.118343e-04 1.303928e-03
1.148154e-01 2.857267e+00 1.183896e+03 1.015648e+00 3.600994e+05 2.865580e+01 1.412041e-02 2.100742e+00 1.979131e-04 1.255569e-03
1.174898e-01 2.817068e+00 1.157650e+03 9.200357e-01 3.318123e+05 2.640478e+01 5.233654e-02 1.441971e+00 1.899646e-04 1.172921e-03
1.202264e-01 2.775777e+00 1.131366e+03 1.023015e+00 3.516165e+05 2.798075e+01 4.572720e-02 1.136292e+00 2.018034e-04 1.317759e-03
1.230269e-01 2.742800e+00 1.107005e+03 1.036276e+00 3.607634e+05 2.870864e+01 8.759687e-03 1.810584e+00 2.036111e-04 1.348966e-03
1.258925e-01 2.696191e+00 1.081606e+03 1.011721e+00 3.703885e+05 2.947458e+01 -1.574544e-02 2.162922e+00 2.122298e-04 1.441477e-03
1.288250e-01 2.657218e+00 1.057615e+03 9.640846e-01 3.483601e+05 2.772162e+01 1.967193e-02 2.711965e+00 2.218253e-04 1.388569e-03
1.318257e-01 2.615061e+00 1.033211e+03 9.950421e-01 3.347358e+05 2.663743e+01 2.183425e-02 1.058459e+00 2.014351e-04 1.394694e-03
1.348963e-01 2.572593e+00 1.010533e+03 9.615190e-01 3.503543e+05 2.788031e+01 -1.228609e-02 2.514317e+00 2.071157e-04 1.487095e-03
1.380384e-01 2.533025e+00 9.880769e+02 9.951001e-01 3.633078e+05 2.891112e+01 -1.188231e-01 1.996336e+00 2.209505e-04 1.573049e-03
1.412538e-01 2.495343e+00 9.661404e+02 9.231842e-01 3.203518e+05 2.549279e+01 -5.942646e-03 1.203031e+00 2.050767e-04 1.439949e-03
1.445440e-01 2.450838e+00 9.434671e+02 9.690480e-01 3.144879e+05 2.502616e+01 5.795753e-03 1.102449e+00 1.793257e-04 1.463552e-03
1.479108e-01 2.419335e+00 9.230504e+02 1.113926e+00 3.606123e+05 2.869661e+01 -9.569317e-02 9.578325e-01 2.237089e-04 1.811848e-03
1.513561e-01 2.381600e+00 9.026860e+02 1.054785e+00 3.449502e+05 2.745026e+01 8.695505e-02 1.409197e+00 2.192878e-04 1.741466e-03
1.548817e-01 2.348448e+00 8.823682e+02 1.089072e+00 3.550620e+05 2.825494e+01 -4.616414e-02 1.324477e+00 2.078924e-04 1.798153e-03
1.584893e-01 2.307480e+00 8.629218e+02 1.012301e+00 3.056654e+05 2.432408e+01 -8.926669e-02 1.549452e+00 1.987963e-04 1.592020e-03
1.621810e-01 2.271837e+00 8.439237e+02 1.022731e+00 3.247514e+05 2.584290e+01 -2.419151e-02 1.321765e+00 2.221357e-04 1.749283e-03
1.659587e-01 2.229808e+00 8.242943e+02 1.137194e+00 3.504761e+05 2.789000e+01 -2.900955e-02 1.654174e+00 2.300562e-04 2.005272e-03
1.698244e-01 2.188274e+00 8.050619e+02 1.024139e+00 3.247380e+05 2.584183e+01 8.551204e-02 4.405588e-01 2.337868e-04 1.924257e-03
1.737801e-01 2.150817e+00 7.869259e+02 1.057348e+00 3.361425e+05 2.674937e+01 -5.106589e-02 1.862740e+00 2.662530e-04 2.045188e-03
1.778279e-01 2.112526e+00 7.693536e+02 1.017852e+00 2.949985e+05 2.347523e+01 -8.692773e-02 7.363660e-01 2.131132e-04 1.840889e-03
1.819701e-01 2.078611e+00 7.525187e+02 1.079988e+00 3.223092e+05 2.564855e+01 -1.343131e-02 6.994054e-01 2.469705e-04 2.098968e-03
1.862087e-01 2.038248e+00 7.352670e+02 1.012313e+00 3.009832e+05 2.395148e+01 -1.164460e-02 2.112650e+00 2.328655e-04 2.047042e-03
1.905461e-01 2.004867e+00 7.191416e+02 1.051511e+00 3.133565e+05 2.493611e+01 4.157902e-02 1.090401e+00 2.456307e-04 2.254344e-03
1.949845e-01 1.977194e+00 7.040467e+02 9.997221e-01 2.974451e+05 2.366993e+01 1.280426e-02 6.564565e-01 2.537239e-04 2.140248e-03
1.995262e-01 1.939258e+00 6.870528e+02 1.027897e+00 2.847416e+05 2.265902e+01 4.518673e-02 9.969586e-01 2.227592e-04 2.144795e-03
2.041738e-01 1.903062e+00 6.711534e+02 9.835821e-01 2.653371e+05 2.111486e+01 9.067264e-02 8.136463e-01 2.442268e-04 2.057301e-03
2.089296e-01 1.867282e+00 6.567314e+02 1.002875e+00 2.737752e+05 2.178634e+01 -4.626528e-02 1.031589e+00 2.543493e-04 2.244324e-03
2.137962e-01 1.832934e+00 6.411739e+02 1.011934e+00 2.873455e+05 2.286622e+01 -4.633382e-02 6.358797e-01 2.203774e-04 2.360586e-03
2.187762e-01 1.805693e+00 6.279703e+02 9.946759e-01 2.675526e+05 2.129116e+01 -1.188503e-01 8.789227e-01 2.188548e-04 2.297660e-03
2.238721e-01 1.770757e+00 6.130827e+02 9.696519e-01 2.638672e+05 2.099789e+01 -6.707070e-02 9.336575e-01 2.056712e-04 2.408828e-03
2.290868e-01 1.739140e+00 5.991882e+02 9.338326e-01 2.450179e+05 1.949791e+01 -3.975562e-02 6.847847e-01 2.089136e-04 2.253698e-03
2.344229e-01 1.709583e+00 5.860783e+02 9.830426e-01 2.519601e+05 2.005035e+01 -6.945637e-02 4.630840e-01 2.434773e-04 2.323493e-03
2.398833e-01 1.677462e+00 5.731155e+02 1.001226e+00 2.628178e+05 2.091437e+01 4.216350e-03 5.052934e-01 2.411982e-04 2.570031e-03
2.454709e-01 1.633710e+00 5.591691e+02 9.674945e-01 2.302875e+05 1.832569e+01 -1.707141e-03 7.555572e-01 2.235269e-04 2.456752e-03
2.511886e-01 1.609945e+00 5.478013e+02 9.840202e-01 2.237330e+05 1.780411e+01 -4.712835e-02 1.127475e+00 2.279465e-04 2.484159e-03
2.570396e-01 1.586352e+00 5.350414e+02 1.004241e+00 2.344145e+05 1.865411e+01 1.320748e-02 1.025438e+00 2.329144e-04 2.721140e-03
2.630268e-01 1.546855e+00 5.230918e+02 9.984581e-01 2.372357e+05 1.887862e+01 -4.609186e-02 5.235898e-01 2.399660e-04 2.771920e-03
2.691535e-01 1.517752e+00 5.110687e+02 9.786321e-01 2.308372e+05 1.836944e+01 1.558875e-02 4.065924e-01 2.413648e-04 2.741101e-03
2.754229e-01 1.489203e+00 4.998763e+02 1.077639e+00 2.455655e+05 1.954148e+01 -5.259016e-02 7.593791e-01 2.275448e-04 3.151352e-03
2.818383e-01 1.461913e+00 4.885653e+02 9.773191e-01 2.500837e+05 1.990103e+01 1.383822e-02 5.931832e-01 2.593157e-04 3.172104e-03
2.884032e-01 1.431022e+00 4.773478e+02 1.018338e+00 2.397701e+05 1.908030e+01 -4.943518e-02 7.037738e-01 2.459342e-04 3.329960e-03
2.951209e-01 1.406854e+00 4.671588e+02 9.235774e-01 2.061415e+05 1.640422e+01 -6.540179e-02 3.343738e-01 2.680298e-04 2.939524e-03
3.019952e-01 1.377883e+00 4.567091e+02 9.592707e-01 2.214907e+05 1.762567e+01 -7.513033e-02 6.374904e-01 2.589369e-04 3.376593e-03
3.090295e-01 1.355735e+00 4.467021e+02 9.487831e-01 2.208356e+05 1.757354e+01 -2.103205e-02 3.113001e-01 2.348525e-04 3.369910e-03
3.162278e-01 1.327303e+00 4.365882e+02 8.678950e-01 1.719267e+05 1.368149e+01 -4.177845e-02 4.131283e-01 2.417662e-04 2.870937e-03
3.235937e-01 1.308373e+00 4.264885e+02 1.031554e+00 2.064667e+05 1.643009e+01 -6.314741e-02 2.479185e-01 2.583882e-04 3.315148e-03
3.311311e-01 1.281385e+00 4.170447e+02 1.104119e+00 2.474836e+05 1.969412e+01 -8.464198e-02 4.353826e-01 2.577193e-04 4.154599e-03
3.388442e-01 1.254268e+00 4.079885e+02 9.970419e-01 2.015626e+05 1.603984e+01 -6.224159e-02 3.255280e-01 2.474267e-04 3.703873e-03
3.467369e-01 1.229674e+00 3.986233e+02 9.353795e-01 1.913558e+05 1.522761e+01 -2.223541e-02 2.697653e-01 2.617003e-04 3.612670e-03
3.548134e-01 1.201975e+00 3.891018e+02 9.688823e-01 1.959578e+05 1.559383e+01 1.469688e-02 3.604132e-01 2.622591e-04 3.979872e-03
3.630781e-01 1.183492e+00 3.806531e+02 9.401521e-01 1.895731e+05 1.508575e+01 5.144849e-03 2.213555e-01 2.515538e-04 3.780537e-03
3.715352e-01 1.153150e+00 3.721328e+02 1.089887e+00 2.274895e+05 1.810304e+01 -2.610914e-02 6.423818e-01 2.721496e-04 4.835924e-03
3.801894e-01 1.131072e+00 3.632196e+02 9.750886e-01 2.032521e+05 1.617428e+01 -1.544033e-01 5.764705e-01 2.459256e-04 4.588993e-03
3.890451e-01 1.106440e+00 3.551806e+02 1.038692e+00 1.906491e+05 1.517138e+01 -9.416452e-02 2.206687e-01 2.763146e-04 4.272811e-03
3.981072e-01 1.080765e+00 3.473721e+02 9.742938e-01 1.940517e+05 1.544214e+01 -9.467950e-02 4.814056e-01 2.836519e-04 4.756612e-03
4.073803e-01 1.069064e+00 3.397628e+02 1.023380e+00 2.038757e+05 1.622391e+01 -8.015507e-02 3.003630e-01 2.909871e-04 4.974814e-03
4.168694e-01 1.045067e+00 3.320107e+02 1.046860e+00 2.067488e+05 1.645254e+01 -9.977831e-02 2.805889e-01 2.895349e-04 5.370515e-03
4.265795e-01 1.019251e+00 3.242114e+02 9.991570e-01 2.058265e+05 1.637915e+01 -4.905001e-02 9.175370e-01 2.771253e-04 5.595398e-03
4.365158e-01 1.004487e+00 3.169223e+02 1.004493e+00 2.004831e+05 1.595394e+01 -3.968438e-02 1.222437e-01 3.176348e-04 5.527812e-03
4.466836e-01 9.802871e-01 3.099507e+02 1.043097e+00 1.960641e+05 1.560228e+01 2.045408e-01 3.794531e-01 3.055659e-04 5.702167e-03
4.570882e-01 9.649852e-01 3.026589e+02 9.813530e-01 1.858006e+05 1.478554e+01 -3.517768e-02 2.707199e-01 3.113237e-04 5.619499e-03
4.677351e-01 9.404316e-01 2.961048e+02 1.000886e+00 1.918565e+05 1.526745e+01 -7.721288e-02 1.906543e-01 2.948371e-04 6.189846e-03
4.786301e-01 9.136157e-01 2.893831e+02 9.321472e-01 1.629161e+05 1.296445e+01 -7.363486e-02 2.670883e-01 3.241518e-04 5.511093e-03
4.897788e-01 9.015969e-01 2.827716e+02 1.055456e+00 1.930992e+05 1.536635e+01 -9.197680e-02 2.664744e-01 3.025112e-04 6.603364e-03
5.011872e-01 8.808580e-01 2.764281e+02 1.020783e+00 1.964247e+05 1.563098e+01 -1.373644e-01 3.111220e-01 3.521766e-04 6.872630e-03
5.128614e-01 8.610539e-01 2.702119e+02 1.097668e+00 2.114901e+05 1.682985e+01 2.726608e-02 4.174570e-01 3.744088e-04 8.034230e-03
5.248075e-01 8.444734e-01 2.640184e+02 1.072482e+00 1.909662e+05 1.519661e+01 -1.106052e-02 2.957249e-01 3.151465e-04 7.650595e-03
5.370318e-01 8.298310e-01 2.583590e+02 1.049862e+00 1.801505e+05 1.433592e+01 -2.243407e-02 2.465414e-01 3.159017e-04 7.297825e-03
5.495409e-01 8.132701e-01 2.523705e+02 9.625823e-01 1.767056e+05 1.406179e+01 -4.556441e-02 4.080802e-01 3.312580e-04 7.467537e-03
5.623413e-01 7.944958e-01 2.465586e+02 1.077476e+00 1.999785e+05 1.591378e+01 -8.230291e-02 2.455847e-01 3.328277e-04 8.885597e-03
5.754399e-01 7.772967e-01 2.406340e+02 9.944768e-01 1.552634e+05 1.235547e+01 -5.180542e-02 1.885068e-01 3.419480e-04 7.324676e-03
5.888437e-01 7.608884e-01 2.354023e+02 9.952777e-01 1.670028e+05 1.328966e+01 -5.291928e-02 2.935766e-01 3.478554e-04 8.124544e-03
6.025596e-01 7.445233e-01 2.299469e+02 9.550892e-01 1.545172e+05 1.229609e+01 -7.679858e-02 3.903600e-01 3.524617e-04 8.216192e-03
6.165950e-01 7.285857e-01 2.247792e+02 9.725200e-01 1.575524e+05 1.253762e+01 1.269227e-01 5.624354e-02 3.573570e-04 8.219183e-03
6.309573e-01 7.121882e-01 2.195389e+02 8.795711e-01 1.492844e+05 1.187967e+01 -3.479764e-02 3.465188e-01 3.929722e-04 8.445760e-03
6.456542e-01 7.084065e-01 2.151041e+02 1.033344e+00 1.656875e+05 1.318499e+01 1.632940e-02 8.687123e-02 3.984821e-04 9.408877e-03
6.606934e-01 6.863242e-01 2.098924e+02 9.443455e-01 1.389860e+05 1.106015e+01 -5.645880e-02 2.506267e-01 3.820214e-04 8.182785e-03
6.760830e-01 6.697498e-01 2.049802e+02 9.429949e-01 1.634960e+05 1.301060e+01 -8.895986e-04 1.548353e-01 3.895555e-04 9.885955e-03
6.918310e-01 6.614763e-01 2.006453e+02 9.883525e-01 1.473800e+05 1.172813e+01 -5.402663e-03 1.541870e-01 4.025311e-04 9.777197e-03
7.079458e-01 6.503646e-01 1.962374e+02 9.565662e-01 1.494237e+05 1.189076e+01 8.068677e-02 1.018609e-01 3.865565e-04 9.657733e-03
7.244360e-01 6.369907e-01 1.917090e+02 9.721085e-01 1.568798e+05 1.248409e+01 2.084598e-01 1.968987e-01 4.176130e-04 1.024268e-02
7.413102e-01 6.209788e-01 1.873526e+02 9.147223e-01 1.406055e+05 1.118903e+01 -4.128217e-02 1.606071e-01 4.231459e-04 1.030454e-02
7.585776e-01 6.099134e-01 1.829171e+02 9.373186e-01 1.406285e+05 1.119086e+01 3.522402e-01 1.277130e-01 3.616056e-04 1.043707e-02
7.762471e-01 5.907191e-01 1.786780e+02 9.513636e-01 1.438930e+05 1.145064e+01 1.038387e-02 1.333084e-01 3.759259e-04 1.138365e-02
7.943282e-01 5.832828e-01 1.748884e+02 9.470827e-01 1.442574e+05 1.147964e+01 1.188453e-02 2.153507e-01 4.210297e-04 1.197580e-02
8.128305e-01 5.668561e-01 1.709788e+02 1.009889e+00 1.526476e+05 1.214731e+01 1.242031e-01 1.664464e-01 4.835598e-04 1.311127e-02
8.317638e-01 5.583345e-01 1.670377e+02 1.026897e+00 1.386159e+05 1.103070e+01 -3.933446e-02 2.107751e-01 4.252526e-04 1.282270e-02
8.511380e-01 5.505852e-01 1.635673e+02 9.780246e-01 1.381143e+05 1.099079e+01 6.330159e-02 1.285218e-01 4.182955e-04 1.274574e-02
8.709636e-01 5.388032e-01 1.597496e+02 9.101664e-01 1.257455e+05 1.000651e+01 2.551887e-02 7.084936e-02 4.326470e-04 1.224974e-02
8.912509e-01 5.229999e-01 1.560411e+02 1.035418e+00 1.643115e+05 1.307550e+01 3.730332e-02 2.346156e-01 4.886229e-04 1.647228e-02
9.120108e-01 5.111866e-01 1.528005e+02 9.745802e-01 1.303004e+05 1.036898e+01 -6.197195e-02 1.252725e-01 4.810580e-04 1.493866e-02
9.332543e-01 5.073266e-01 1.494716e+02 9.621787e-01 1.362496e+05 1.084240e+01 -1.418368e-03 4.989270e-02 4.848079e-04 1.488257e-02
9.549926e-01 4.911483e-01 1.457409e+02 9.857621e-01 1.342479e+05 1.068311e+01 7.957451e-02 2.168921e-01 5.045206e-04 1.611966e-02
9.772372e-01 4.852791e-01 1.425979e+02 9.741687e-01 1.357669e+05 1.080399e+01 5.748978e-02 6.973610e-02 5.196601e-04 1.575750e-02
