#./double_munderdamped_3d --dev=1 --amp=200.0 --omega=1 --mass=0.0 --force=0 --Dg=0.01 --block=256 --paths=1024 --periods=1000 --trans=100 --samples=10000 --spp=10000 --algorithm=euler --pav=1 --mode=moments --domain=1d --domainx=g:-3:0:300:1 --domainy=s:-1:2:100:1 --domainz=a:-1:2.5:100:1 --q=2 --eps=0 --phi=1.57079632679 --lambda=5.0 --zeta=0.2 --comp=0 --mean=1.0 --second=50.0 --skew=0.99 --distribution=s>> 1D_double_g:-3:0:300:1_50.0_5.0_0.99_1.0_200.0.dat
#g <<v>> <<v^2>> qnu(q) mu_q Dx Gx Gv EBx EBv
1.000000e-03 1.712325e+00 1.833775e+05 1.017198e+00 1.706655e+06 1.358113e+02 2.147764e-01 7.129694e+01 1.532276e-04 1.638400e-02
1.023293e-03 1.719514e+00 1.774550e+05 9.643361e-01 1.471174e+06 1.170723e+02 3.540861e-02 2.766186e+02 1.585727e-04 1.462502e-02
1.047129e-03 1.713055e+00 1.716771e+05 9.146006e-01 1.518203e+06 1.208148e+02 4.844079e-02 5.898729e+01 1.440633e-04 1.484046e-02
1.071519e-03 1.705181e+00 1.661522e+05 9.599770e-01 1.607890e+06 1.279518e+02 8.894660e-03 1.487723e+02 1.604048e-04 1.563804e-02
1.096478e-03 1.712412e+00 1.608555e+05 9.379497e-01 1.593866e+06 1.268358e+02 -8.668496e-02 1.389312e+02 1.523157e-04 1.510286e-02
1.122018e-03 1.718906e+00 1.558182e+05 9.360071e-01 1.532727e+06 1.219705e+02 2.235833e-02 1.246323e+02 1.517403e-04 1.460285e-02
1.148154e-03 1.726042e+00 1.509268e+05 9.844378e-01 1.537367e+06 1.223398e+02 2.170840e-01 1.377593e+02 1.451277e-04 1.454842e-02
1.174898e-03 1.727185e+00 1.463101e+05 9.369311e-01 1.517296e+06 1.207426e+02 1.716550e-01 4.516300e+01 1.515893e-04 1.478836e-02
1.202264e-03 1.739375e+00 1.419193e+05 1.044064e+00 1.680685e+06 1.337446e+02 1.668878e-01 1.251701e+02 1.630412e-04 1.599458e-02
1.230269e-03 1.718621e+00 1.374954e+05 9.754905e-01 1.569152e+06 1.248692e+02 6.823877e-02 6.254204e+01 1.556681e-04 1.511122e-02
1.258925e-03 1.736132e+00 1.334306e+05 9.693979e-01 1.544176e+06 1.228816e+02 5.941458e-02 1.840921e+02 1.508573e-04 1.479531e-02
1.288250e-03 1.747966e+00 1.294581e+05 8.832741e-01 1.405094e+06 1.118138e+02 1.257240e-01 4.097775e+01 1.498220e-04 1.328251e-02
1.318257e-03 1.744590e+00 1.255868e+05 9.996805e-01 1.636449e+06 1.302244e+02 7.036916e-02 8.774536e+01 1.560223e-04 1.499117e-02
1.348963e-03 1.724086e+00 1.216891e+05 8.927931e-01 1.451340e+06 1.154940e+02 9.581110e-02 6.313434e+01 1.470197e-04 1.391046e-02
1.380384e-03 1.750814e+00 1.183144e+05 9.765766e-01 1.599736e+06 1.273029e+02 1.710311e-01 7.328435e+01 1.551244e-04 1.496457e-02
1.412538e-03 1.739957e+00 1.147680e+05 1.004067e+00 1.631716e+06 1.298478e+02 4.943241e-02 8.913362e+01 1.585164e-04 1.544375e-02
1.445440e-03 1.750512e+00 1.115273e+05 1.008166e+00 1.561950e+06 1.242960e+02 1.081355e-01 6.012800e+01 1.506602e-04 1.436774e-02
1.479108e-03 1.748741e+00 1.082374e+05 1.031391e+00 1.590134e+06 1.265388e+02 1.158926e-01 2.327841e+02 1.655771e-04 1.481669e-02
1.513561e-03 1.756524e+00 1.052253e+05 9.404935e-01 1.522832e+06 1.211831e+02 6.819538e-02 1.645487e+02 1.597017e-04 1.407555e-02
1.548817e-03 1.761989e+00 1.022464e+05 9.712719e-01 1.479476e+06 1.177330e+02 1.676238e-01 3.829610e+01 1.536716e-04 1.334872e-02
1.584893e-03 1.755102e+00 9.929982e+04 9.571728e-01 1.559639e+06 1.241121e+02 -2.090208e-02 1.337605e+02 1.568501e-04 1.439063e-02
1.621810e-03 1.765968e+00 9.646731e+04 1.005863e+00 1.510230e+06 1.201803e+02 5.915844e-02 1.640767e+02 1.653915e-04 1.394011e-02
1.659587e-03 1.758327e+00 9.380764e+04 9.438108e-01 1.503301e+06 1.196289e+02 1.539034e-01 9.768657e+01 1.551618e-04 1.337375e-02
1.698244e-03 1.769245e+00 9.117763e+04 9.646387e-01 1.629385e+06 1.296623e+02 8.470889e-02 5.085925e+01 1.577843e-04 1.454450e-02
1.737801e-03 1.766730e+00 8.865204e+04 9.850365e-01 1.482228e+06 1.179520e+02 4.937070e-02 1.074541e+02 1.489429e-04 1.330902e-02
1.778279e-03 1.768494e+00 8.625484e+04 1.022350e+00 1.644568e+06 1.308705e+02 2.403854e-01 3.625376e+01 1.560128e-04 1.490526e-02
1.819701e-03 1.772841e+00 8.389599e+04 1.037510e+00 1.686634e+06 1.342181e+02 9.293691e-02 7.123197e+01 1.702761e-04 1.511997e-02
1.862087e-03 1.781203e+00 8.159835e+04 9.672351e-01 1.541597e+06 1.226763e+02 2.287121e-01 3.748356e+01 1.618347e-04 1.355524e-02
1.905461e-03 1.756346e+00 7.933032e+04 9.493173e-01 1.504594e+06 1.197318e+02 1.264787e-01 1.098020e+02 1.479619e-04 1.331793e-02
1.949845e-03 1.777349e+00 7.718862e+04 8.931025e-01 1.400885e+06 1.114789e+02 1.249278e-01 6.500300e+01 1.327731e-04 1.258665e-02
1.995262e-03 1.780537e+00 7.514573e+04 9.914224e-01 1.564142e+06 1.244705e+02 1.786061e-01 7.841346e+01 1.577690e-04 1.379293e-02
2.041738e-03 1.781069e+00 7.310913e+04 9.758831e-01 1.509104e+06 1.200907e+02 1.144921e-01 7.760224e+01 1.452525e-04 1.375952e-02
2.089296e-03 1.776407e+00 7.113125e+04 9.900652e-01 1.538776e+06 1.224519e+02 9.895823e-02 1.222664e+02 1.536283e-04 1.353540e-02
2.137962e-03 1.779459e+00 6.927465e+04 9.768966e-01 1.487623e+06 1.183813e+02 1.135341e-01 1.113150e+02 1.516217e-04 1.329547e-02
2.187762e-03 1.783491e+00 6.742762e+04 1.049229e+00 1.612735e+06 1.283374e+02 5.032835e-02 1.294065e+02 1.583588e-04 1.458565e-02
2.238721e-03 1.782642e+00 6.565527e+04 1.020827e+00 1.441106e+06 1.146796e+02 6.136597e-02 6.591262e+01 1.531549e-04 1.291890e-02
2.290868e-03 1.786317e+00 6.391833e+04 9.397445e-01 1.507932e+06 1.199974e+02 1.010755e-01 2.591664e+01 1.568836e-04 1.305363e-02
2.344229e-03 1.789466e+00 6.227459e+04 9.445550e-01 1.488274e+06 1.184331e+02 1.530627e-01 1.334659e+02 1.577581e-04 1.355855e-02
2.398833e-03 1.777314e+00 6.057925e+04 9.633032e-01 1.473429e+06 1.172518e+02 1.018684e-01 4.085818e+01 1.629599e-04 1.318619e-02
2.454709e-03 1.790656e+00 5.908065e+04 8.868133e-01 1.426411e+06 1.135102e+02 1.505341e-01 5.758087e+01 1.666046e-04 1.261677e-02
2.511886e-03 1.776614e+00 5.748941e+04 9.964183e-01 1.493873e+06 1.188787e+02 3.884262e-02 3.614138e+01 1.524723e-04 1.355824e-02
2.570396e-03 1.786589e+00 5.600225e+04 9.480562e-01 1.498064e+06 1.192121e+02 1.762781e-01 4.100076e+01 1.483507e-04 1.311228e-02
2.630268e-03 1.782144e+00 5.460510e+04 1.015526e+00 1.535846e+06 1.222187e+02 1.007743e-01 1.082066e+02 1.562040e-04 1.361087e-02
2.691535e-03 1.789118e+00 5.316758e+04 9.636748e-01 1.475198e+06 1.173926e+02 5.137018e-02 4.645257e+01 1.594839e-04 1.331820e-02
2.754229e-03 1.775125e+00 5.180013e+04 9.342269e-01 1.401778e+06 1.115499e+02 -1.451688e-02 3.941052e+01 1.479061e-04 1.287281e-02
2.818383e-03 1.781153e+00 5.049748e+04 9.751119e-01 1.349209e+06 1.073667e+02 2.150762e-01 5.056268e+01 1.619280e-04 1.218082e-02
2.884032e-03 1.784666e+00 4.920026e+04 9.206208e-01 1.404036e+06 1.117297e+02 9.741663e-02 4.110198e+01 1.447353e-04 1.232332e-02
2.951209e-03 1.781768e+00 4.792172e+04 9.948668e-01 1.514521e+06 1.205217e+02 9.985102e-02 7.242937e+01 1.542690e-04 1.360909e-02
3.019952e-03 1.790655e+00 4.671892e+04 1.014851e+00 1.507030e+06 1.199256e+02 2.300064e-01 3.627135e+01 1.495971e-04 1.311443e-02
3.090295e-03 1.786008e+00 4.555292e+04 9.283713e-01 1.324011e+06 1.053614e+02 8.014821e-02 3.565796e+01 1.552811e-04 1.196145e-02
3.162278e-03 1.805964e+00 4.441588e+04 9.960302e-01 1.497190e+06 1.191426e+02 1.612748e-01 3.632974e+01 1.607018e-04 1.309514e-02
3.235937e-03 1.785770e+00 4.327264e+04 9.845329e-01 1.413916e+06 1.125159e+02 6.195740e-02 1.962066e+02 1.506709e-04 1.279108e-02
3.311311e-03 1.797458e+00 4.220398e+04 9.762032e-01 1.452670e+06 1.155998e+02 1.301850e-01 3.178314e+01 1.621189e-04 1.251204e-02
3.388442e-03 1.781640e+00 4.113048e+04 9.789473e-01 1.419374e+06 1.129502e+02 1.389227e-01 2.530391e+01 1.548643e-04 1.263708e-02
3.467369e-03 1.794350e+00 4.011559e+04 1.005742e+00 1.512350e+06 1.203490e+02 1.558354e-01 3.919868e+01 1.598400e-04 1.314992e-02
3.548134e-03 1.793656e+00 3.911446e+04 9.566532e-01 1.383462e+06 1.100924e+02 3.026962e-02 1.318333e+02 1.583363e-04 1.245315e-02
3.630781e-03 1.791377e+00 3.813318e+04 9.135045e-01 1.383366e+06 1.100848e+02 4.273872e-03 4.014694e+01 1.485015e-04 1.209474e-02
3.715352e-03 1.797786e+00 3.720007e+04 9.654608e-01 1.390611e+06 1.106613e+02 1.308480e-01 4.351505e+01 1.628291e-04 1.244581e-02
3.801894e-03 1.800760e+00 3.625022e+04 9.098966e-01 1.408749e+06 1.121047e+02 6.582340e-02 2.689853e+01 1.531533e-04 1.222907e-02
3.890451e-03 1.799557e+00 3.533855e+04 9.576056e-01 1.465317e+06 1.166062e+02 2.812466e-01 2.193349e+01 1.569532e-04 1.305576e-02
3.981072e-03 1.801686e+00 3.450800e+04 9.400319e-01 1.329489e+06 1.057974e+02 4.952170e-02 6.601765e+01 1.483887e-04 1.139517e-02
4.073803e-03 1.795555e+00 3.363584e+04 9.528457e-01 1.322498e+06 1.052411e+02 2.081396e-01 5.714114e+01 1.564788e-04 1.174900e-02
4.168694e-03 1.801569e+00 3.280799e+04 8.951396e-01 1.304011e+06 1.037699e+02 9.743169e-02 3.912109e+01 1.583205e-04 1.136332e-02
4.265795e-03 1.808628e+00 3.202877e+04 9.625896e-01 1.419318e+06 1.129457e+02 9.979210e-02 2.683528e+01 1.613937e-04 1.242661e-02
4.365158e-03 1.804847e+00 3.122753e+04 9.336667e-01 1.272957e+06 1.012987e+02 3.364069e-02 4.200731e+01 1.481522e-04 1.127453e-02
4.466836e-03 1.815428e+00 3.049090e+04 9.726466e-01 1.403789e+06 1.117099e+02 1.394256e-01 3.000342e+01 1.634618e-04 1.211789e-02
4.570882e-03 1.805660e+00 2.971766e+04 8.730288e-01 1.234988e+06 9.827725e+01 -2.056192e-02 2.346583e+01 1.418163e-04 1.084237e-02
4.677351e-03 1.805078e+00 2.900553e+04 1.014372e+00 1.355305e+06 1.078517e+02 5.886792e-02 3.763846e+01 1.496800e-04 1.230938e-02
4.786301e-03 1.814304e+00 2.830313e+04 9.442247e-01 1.302645e+06 1.036612e+02 1.561608e-01 5.081579e+01 1.469576e-04 1.158740e-02
4.897788e-03 1.823214e+00 2.762387e+04 9.688912e-01 1.379695e+06 1.097926e+02 2.401916e-01 6.972049e+01 1.573246e-04 1.213101e-02
5.011872e-03 1.819455e+00 2.693694e+04 9.485118e-01 1.291644e+06 1.027858e+02 1.094578e-01 1.796153e+01 1.591482e-04 1.129467e-02
5.128614e-03 1.823216e+00 2.629229e+04 9.374332e-01 1.338146e+06 1.064863e+02 1.532818e-01 1.166603e+02 1.560447e-04 1.148203e-02
5.248075e-03 1.818225e+00 2.564953e+04 1.008222e+00 1.411337e+06 1.123106e+02 1.990725e-01 4.351482e+01 1.542355e-04 1.237352e-02
5.370318e-03 1.831329e+00 2.503464e+04 9.305610e-01 1.315358e+06 1.046728e+02 1.294811e-01 1.578728e+01 1.517331e-04 1.100171e-02
5.495409e-03 1.828133e+00 2.444016e+04 8.586632e-01 1.242276e+06 9.885721e+01 7.505465e-02 1.962350e+01 1.496334e-04 9.969419e-03
5.623413e-03 1.841625e+00 2.383846e+04 9.750359e-01 1.303306e+06 1.037138e+02 1.810104e-01 3.902214e+01 1.496511e-04 1.116812e-02
5.754399e-03 1.844464e+00 2.328169e+04 9.296417e-01 1.267478e+06 1.008627e+02 1.642187e-02 4.596081e+01 1.539161e-04 1.057023e-02
5.888437e-03 1.847992e+00 2.271986e+04 9.803252e-01 1.320332e+06 1.050687e+02 8.279832e-02 1.965353e+01 1.498658e-04 1.052416e-02
6.025596e-03 1.844818e+00 2.217755e+04 9.066211e-01 1.217428e+06 9.687982e+01 3.528278e-02 3.491341e+01 1.571275e-04 1.007297e-02
6.165950e-03 1.855110e+00 2.164488e+04 9.040785e-01 1.223736e+06 9.738178e+01 1.259707e-01 3.811423e+01 1.468942e-04 1.019431e-02
6.309573e-03 1.850245e+00 2.112770e+04 9.909488e-01 1.346481e+06 1.071496e+02 1.442667e-01 4.871975e+01 1.624834e-04 1.116861e-02
6.456542e-03 1.850403e+00 2.062666e+04 9.840018e-01 1.309141e+06 1.041781e+02 6.810556e-02 2.971949e+01 1.562425e-04 1.081856e-02
6.606934e-03 1.865541e+00 2.013893e+04 1.031297e+00 1.400135e+06 1.114192e+02 7.295763e-02 2.023959e+01 1.641504e-04 1.130486e-02
6.760830e-03 1.863040e+00 1.965479e+04 1.073456e+00 1.511871e+06 1.203109e+02 1.334647e-01 1.354134e+01 1.621351e-04 1.223275e-02
6.918310e-03 1.874194e+00 1.919680e+04 9.244910e-01 1.212684e+06 9.650230e+01 7.573867e-02 3.563436e+01 1.546787e-04 9.819396e-03
7.079458e-03 1.888267e+00 1.874254e+04 9.212796e-01 1.237409e+06 9.846988e+01 1.308714e-01 3.685569e+01 1.676212e-04 1.009861e-02
7.244360e-03 1.890481e+00 1.830499e+04 9.821769e-01 1.329659e+06 1.058109e+02 9.554533e-02 3.264159e+01 1.554256e-04 1.085588e-02
7.413102e-03 1.893930e+00 1.787009e+04 9.474050e-01 1.124030e+06 8.944747e+01 -1.328231e-02 1.779142e+01 1.550936e-04 9.165699e-03
7.585776e-03 1.896528e+00 1.744710e+04 9.704623e-01 1.252370e+06 9.966042e+01 -6.835155e-03 1.241605e+01 1.588621e-04 9.818727e-03
7.762471e-03 1.906813e+00 1.702553e+04 9.644787e-01 1.281611e+06 1.019873e+02 9.711107e-02 2.114144e+01 1.608166e-04 1.007757e-02
7.943282e-03 1.919428e+00 1.664115e+04 9.581741e-01 1.259140e+06 1.001992e+02 3.608674e-02 1.401599e+01 1.561291e-04 9.484666e-03
8.128305e-03 1.926005e+00 1.624908e+04 9.661238e-01 1.334850e+06 1.062240e+02 2.752688e-01 9.953018e+00 1.548380e-04 9.786772e-03
8.317638e-03 1.936303e+00 1.586400e+04 9.674785e-01 1.212825e+06 9.651354e+01 -2.919206e-02 2.065990e+01 1.579300e-04 9.019960e-03
8.511380e-03 1.943344e+00 1.549209e+04 9.760069e-01 1.240931e+06 9.875013e+01 6.720564e-02 1.693404e+01 1.524515e-04 9.101346e-03
8.709636e-03 1.953359e+00 1.513646e+04 9.442644e-01 1.164456e+06 9.266446e+01 5.473592e-02 3.187491e+01 1.540034e-04 9.016499e-03
8.912509e-03 1.958618e+00 1.477140e+04 9.624037e-01 1.194763e+06 9.507622e+01 -2.001898e-02 1.326327e+01 1.571332e-04 8.686931e-03
9.120108e-03 1.960701e+00 1.441856e+04 9.823450e-01 1.224403e+06 9.743491e+01 -3.317707e-02 3.007625e+01 1.615275e-04 8.983417e-03
9.332543e-03 1.981303e+00 1.409322e+04 1.007190e+00 1.259521e+06 1.002295e+02 6.276473e-02 2.343935e+01 1.552924e-04 9.332069e-03
9.549926e-03 1.989160e+00 1.376533e+04 9.911484e-01 1.185964e+06 9.437600e+01 4.795602e-02 1.396180e+01 1.668679e-04 8.830143e-03
9.772372e-03 1.989252e+00 1.343312e+04 9.522914e-01 1.178518e+06 9.378345e+01 -3.191689e-02 1.163381e+01 1.659404e-04 8.201680e-03
1.000000e-02 2.000223e+00 1.312133e+04 9.689557e-01 1.170224e+06 9.312345e+01 5.334793e-02 4.971364e+01 1.596108e-04 8.095533e-03
1.023293e-02 2.023401e+00 1.282396e+04 9.737688e-01 1.175195e+06 9.351904e+01 1.280506e-01 1.220114e+01 1.553019e-04 8.397785e-03
1.047129e-02 2.016106e+00 1.251520e+04 9.500659e-01 1.181208e+06 9.399753e+01 6.121243e-02 2.565252e+01 1.536756e-04 8.041452e-03
1.071519e-02 2.041525e+00 1.223333e+04 1.022888e+00 1.326230e+06 1.055380e+02 8.490175e-02 2.972284e+01 1.680747e-04 8.812215e-03
1.096478e-02 2.045471e+00 1.194837e+04 9.234634e-01 1.175174e+06 9.351741e+01 6.153209e-03 1.406049e+01 1.566608e-04 8.024315e-03
1.122018e-02 2.065612e+00 1.166899e+04 9.595439e-01 1.126297e+06 8.962789e+01 5.539307e-02 1.587665e+01 1.491591e-04 7.838527e-03
1.148154e-02 2.089278e+00 1.140621e+04 9.857946e-01 1.162460e+06 9.250559e+01 1.292405e-02 1.603446e+01 1.528410e-04 7.769442e-03
1.174898e-02 2.092769e+00 1.114120e+04 9.790958e-01 1.128079e+06 8.976966e+01 3.582307e-02 1.543448e+01 1.621669e-04 7.298762e-03
1.202264e-02 2.096999e+00 1.087064e+04 9.332053e-01 1.148516e+06 9.139602e+01 7.688822e-02 1.153097e+01 1.518359e-04 7.394809e-03
1.230269e-02 2.132075e+00 1.063219e+04 1.013702e+00 1.281933e+06 1.020129e+02 2.186193e-02 1.713509e+01 1.661762e-04 8.254899e-03
1.258925e-02 2.140036e+00 1.038254e+04 1.028771e+00 1.264393e+06 1.006172e+02 6.559927e-02 8.581637e+00 1.649633e-04 7.896704e-03
1.288250e-02 2.139735e+00 1.013777e+04 1.023115e+00 1.216117e+06 9.677549e+01 5.457555e-02 1.526462e+01 1.657173e-04 7.716710e-03
1.318257e-02 2.173307e+00 9.911354e+03 9.384044e-01 1.088070e+06 8.658589e+01 5.065716e-02 3.106840e+01 1.539410e-04 6.366744e-03
1.348963e-02 2.179098e+00 9.676958e+03 9.477713e-01 1.092813e+06 8.696329e+01 -2.758988e-02 8.386870e+00 1.603064e-04 6.522391e-03
1.380384e-02 2.191346e+00 9.458979e+03 1.008499e+00 1.165081e+06 9.271422e+01 8.024310e-02 7.932275e+00 1.569555e-04 6.893523e-03
1.412538e-02 2.208366e+00 9.241057e+03 9.297496e-01 1.062806e+06 8.457539e+01 4.737214e-02 9.688306e+00 1.553318e-04 6.316599e-03
1.445440e-02 2.231185e+00 9.032984e+03 9.464986e-01 1.111128e+06 8.842075e+01 4.239434e-02 1.804637e+01 1.498543e-04 6.397441e-03
1.479108e-02 2.243657e+00 8.823653e+03 9.783075e-01 1.162258e+06 9.248957e+01 9.847598e-02 1.087609e+01 1.492660e-04 6.561236e-03
1.513561e-02 2.263613e+00 8.620480e+03 9.358665e-01 1.082391e+06 8.613395e+01 1.040095e-01 1.190295e+01 1.415046e-04 5.849543e-03
1.548817e-02 2.281831e+00 8.423686e+03 8.963444e-01 1.024641e+06 8.153831e+01 1.326071e-01 1.015297e+01 1.563438e-04 5.651941e-03
1.584893e-02 2.299807e+00 8.227352e+03 9.471452e-01 9.895601e+05 7.874669e+01 1.756473e-02 9.821826e+00 1.538068e-04 5.375117e-03
1.621810e-02 2.315065e+00 8.041623e+03 9.768495e-01 1.051770e+06 8.369720e+01 1.004846e-02 9.722912e+00 1.537269e-04 5.671222e-03
1.659587e-02 2.341980e+00 7.857296e+03 9.900381e-01 1.105381e+06 8.796342e+01 5.564635e-02 1.507712e+01 1.588187e-04 5.761814e-03
1.698244e-02 2.361929e+00 7.675243e+03 9.882152e-01 1.061972e+06 8.450908e+01 1.244041e-01 1.732114e+01 1.686594e-04 5.473455e-03
1.737801e-02 2.381322e+00 7.496251e+03 9.686370e-01 1.024463e+06 8.152417e+01 1.019069e-01 1.639372e+01 1.482933e-04 4.975769e-03
1.778279e-02 2.416128e+00 7.332088e+03 9.496876e-01 1.065379e+06 8.478018e+01 1.070712e-02 6.170679e+00 1.670205e-04 5.132162e-03
1.819701e-02 2.430201e+00 7.162465e+03 9.967593e-01 1.025289e+06 8.158987e+01 -1.346617e-02 1.107629e+01 1.675258e-04 5.011917e-03
1.862087e-02 2.455180e+00 7.001024e+03 1.018736e+00 1.111314e+06 8.843552e+01 3.120853e-02 1.163128e+01 1.544742e-04 5.157354e-03
1.905461e-02 2.473090e+00 6.839635e+03 9.885596e-01 1.104889e+06 8.792426e+01 -5.413738e-02 1.581484e+01 1.659773e-04 5.094040e-03
1.949845e-02 2.497133e+00 6.681776e+03 9.484066e-01 1.026530e+06 8.168868e+01 -1.193627e-02 1.680352e+01 1.745559e-04 4.857297e-03
1.995262e-02 2.513947e+00 6.525978e+03 9.767651e-01 1.027237e+06 8.174495e+01 -1.400227e-03 1.458980e+01 1.651360e-04 4.592130e-03
2.041738e-02 2.546130e+00 6.381883e+03 1.007839e+00 1.012172e+06 8.054611e+01 2.659742e-02 1.077890e+01 1.543898e-04 4.483904e-03
2.089296e-02 2.573056e+00 6.239384e+03 9.793506e-01 1.005650e+06 8.002706e+01 -2.569616e-03 7.322784e+00 1.465718e-04 4.301099e-03
2.137962e-02 2.595441e+00 6.095420e+03 9.486395e-01 1.008929e+06 8.028801e+01 4.128607e-02 5.622469e+00 1.550908e-04 4.136043e-03
2.187762e-02 2.619590e+00 5.953282e+03 9.554323e-01 9.805512e+05 7.802978e+01 -2.526775e-02 7.488446e+00 1.594210e-04 4.002700e-03
2.238721e-02 2.644856e+00 5.819961e+03 1.048047e+00 1.087411e+06 8.653339e+01 1.270631e-02 7.354256e+00 1.656383e-04 4.316783e-03
2.290868e-02 2.686129e+00 5.691275e+03 1.031477e+00 1.062892e+06 8.458229e+01 -4.471917e-02 7.630563e+00 1.654838e-04 4.169228e-03
2.344229e-02 2.701144e+00 5.559937e+03 9.687085e-01 9.681284e+05 7.704121e+01 1.986052e-01 4.413162e+00 1.714441e-04 3.833493e-03
2.398833e-02 2.737695e+00 5.433442e+03 1.106953e+00 1.186429e+06 9.441305e+01 1.325305e-01 1.081437e+01 1.660409e-04 4.481676e-03
2.454709e-02 2.771016e+00 5.313212e+03 1.000795e+00 9.847893e+05 7.836704e+01 1.914452e-01 3.940622e+00 1.628552e-04 3.608112e-03
2.511886e-02 2.796054e+00 5.192199e+03 1.006704e+00 1.010444e+06 8.040857e+01 4.665869e-02 1.521102e+01 1.557572e-04 3.593444e-03
2.570396e-02 2.837871e+00 5.075862e+03 9.425864e-01 8.914138e+05 7.093646e+01 1.284025e-01 8.509479e+00 1.636875e-04 3.153241e-03
2.630268e-02 2.861680e+00 4.958240e+03 9.389303e-01 8.767422e+05 6.976892e+01 4.765795e-02 4.502398e+00 1.556974e-04 3.196324e-03
2.691535e-02 2.887680e+00 4.844767e+03 9.951149e-01 9.831658e+05 7.823785e+01 4.299371e-02 6.151796e+00 1.499736e-04 3.296850e-03
2.754229e-02 2.913130e+00 4.733491e+03 9.804180e-01 9.474619e+05 7.539662e+01 2.054392e-01 9.101200e+00 1.609091e-04 3.146112e-03
2.818383e-02 2.951244e+00 4.626377e+03 9.510093e-01 8.545752e+05 6.800493e+01 1.788389e-01 8.515019e+00 1.660705e-04 2.824185e-03
2.884032e-02 2.984844e+00 4.525458e+03 9.567818e-01 8.805295e+05 7.007031e+01 6.888982e-02 4.683200e+00 1.694149e-04 2.833940e-03
2.951209e-02 3.013382e+00 4.418113e+03 9.727597e-01 8.649261e+05 6.882863e+01 -5.545115e-02 6.544135e+00 1.635577e-04 2.673583e-03
3.019952e-02 3.048626e+00 4.320653e+03 9.517449e-01 9.010430e+05 7.170272e+01 9.665631e-02 1.608856e+01 1.512909e-04 2.708153e-03
3.090295e-02 3.086509e+00 4.224230e+03 9.564166e-01 8.571181e+05 6.820729e+01 7.259357e-02 9.113048e+00 1.615539e-04 2.516466e-03
3.162278e-02 3.125754e+00 4.130918e+03 9.337448e-01 8.300446e+05 6.605285e+01 1.403556e-01 6.598772e+00 1.488994e-04 2.435119e-03
3.235937e-02 3.160666e+00 4.035375e+03 9.641829e-01 8.413099e+05 6.694931e+01 1.361553e-02 8.263859e+00 1.629389e-04 2.352755e-03
3.311311e-02 3.197103e+00 3.946567e+03 1.025962e+00 8.544227e+05 6.799279e+01 5.258332e-02 7.277235e+00 1.688584e-04 2.368621e-03
3.388442e-02 3.225489e+00 3.858063e+03 9.586437e-01 8.512611e+05 6.774121e+01 9.771554e-02 6.194250e+00 1.620344e-04 2.268222e-03
3.467369e-02 3.263008e+00 3.770411e+03 9.094194e-01 7.692124e+05 6.121198e+01 1.742782e-01 6.014371e+00 1.655978e-04 2.045453e-03
3.548134e-02 3.298767e+00 3.683668e+03 8.767344e-01 7.538654e+05 5.999070e+01 -4.431683e-02 4.393591e+00 1.495308e-04 1.956277e-03
3.630781e-02 3.339320e+00 3.602212e+03 8.912068e-01 7.132663e+05 5.675993e+01 1.419236e-02 5.395862e+00 1.553580e-04 1.852072e-03
3.715352e-02 3.366986e+00 3.522028e+03 9.418748e-01 7.380812e+05 5.873463e+01 1.719165e-02 6.819203e+00 1.695967e-04 1.864009e-03
3.801894e-02 3.411317e+00 3.443607e+03 1.010599e+00 8.546211e+05 6.800859e+01 -2.924027e-02 4.826873e+00 1.698123e-04 2.053783e-03
3.890451e-02 3.438220e+00 3.363325e+03 1.012599e+00 8.372373e+05 6.662522e+01 3.233725e-02 6.674634e+00 1.845087e-04 1.994376e-03
3.981072e-02 3.467444e+00 3.288150e+03 9.818167e-01 7.107756e+05 5.656173e+01 -2.506639e-02 7.077360e+00 1.616938e-04 1.738150e-03
4.073803e-02 3.498086e+00 3.212022e+03 9.583938e-01 7.479547e+05 5.952034e+01 -7.132159e-02 5.709971e+00 1.555022e-04 1.668080e-03
4.168694e-02 3.547257e+00 3.142867e+03 9.900729e-01 7.536499e+05 5.997355e+01 5.267942e-02 5.897545e+00 1.653310e-04 1.720750e-03
4.265795e-02 3.583407e+00 3.072423e+03 9.482677e-01 6.822619e+05 5.429268e+01 5.497419e-03 4.182276e+00 1.804882e-04 1.516096e-03
4.365158e-02 3.611975e+00 3.002530e+03 9.469721e-01 6.453745e+05 5.135727e+01 -4.466692e-02 6.299944e+00 1.606009e-04 1.412014e-03
4.466836e-02 3.653005e+00 2.936351e+03 9.445165e-01 7.036157e+05 5.599196e+01 1.648041e-02 6.787348e+00 1.664150e-04 1.488193e-03
4.570882e-02 3.673309e+00 2.866242e+03 9.854982e-01 7.229346e+05 5.752931e+01 -2.468492e-02 5.917038e+00 1.644180e-04 1.491025e-03
4.677351e-02 3.711954e+00 2.803000e+03 9.076226e-01 6.483395e+05 5.159321e+01 -9.688024e-02 4.968696e+00 1.590311e-04 1.327461e-03
4.786301e-02 3.745365e+00 2.741375e+03 9.891476e-01 6.864577e+05 5.462656e+01 -7.830905e-02 3.589859e+00 1.818799e-04 1.405082e-03
4.897788e-02 3.769288e+00 2.679652e+03 9.328871e-01 6.460071e+05 5.140761e+01 -8.714673e-02 5.117969e+00 1.719056e-04 1.251614e-03
5.011872e-02 3.791382e+00 2.617606e+03 1.023395e+00 6.895854e+05 5.487546e+01 -6.853009e-02 4.657836e+00 1.755515e-04 1.373296e-03
5.128614e-02 3.812200e+00 2.560039e+03 9.533555e-01 6.612506e+05 5.262065e+01 -8.592446e-03 3.078981e+00 1.653286e-04 1.235797e-03
5.248075e-02 3.835428e+00 2.500714e+03 9.624381e-01 6.710140e+05 5.339759e+01 8.229171e-03 4.756209e+00 1.789748e-04 1.335972e-03
5.370318e-02 3.848958e+00 2.444962e+03 1.003440e+00 6.317893e+05 5.027619e+01 -3.596939e-03 3.971342e+00 1.649744e-04 1.204732e-03
5.495409e-02 3.880754e+00 2.392502e+03 9.468739e-01 6.626662e+05 5.273330e+01 -1.884249e-01 5.688784e+00 1.721159e-04 1.210922e-03
5.623413e-02 3.886010e+00 2.336588e+03 9.872894e-01 6.142475e+05 4.888026e+01 -2.611313e-02 2.608125e+00 1.751666e-04 1.174907e-03
5.754399e-02 3.905150e+00 2.285354e+03 9.542629e-01 6.195535e+05 4.930250e+01 -5.955987e-02 4.607768e+00 1.709711e-04 1.133426e-03
5.888437e-02 3.910600e+00 2.234752e+03 9.633506e-01 6.302863e+05 5.015659e+01 -4.710689e-02 3.456182e+00 1.725154e-04 1.161942e-03
6.025596e-02 3.914172e+00 2.183989e+03 9.375775e-01 5.651703e+05 4.497482e+01 -1.477980e-02 2.924285e+00 1.739236e-04 1.038447e-03
6.165950e-02 3.917859e+00 2.135147e+03 9.270358e-01 5.798159e+05 4.614028e+01 -5.592196e-02 2.525150e+00 1.725169e-04 1.109627e-03
6.309573e-02 3.911519e+00 2.087053e+03 9.434780e-01 5.331989e+05 4.243062e+01 -8.052787e-02 2.581472e+00 1.767788e-04 9.946224e-04
6.456542e-02 3.906447e+00 2.039860e+03 9.873774e-01 5.479370e+05 4.360344e+01 -6.590184e-02 4.738309e+00 1.806685e-04 1.053997e-03
6.606934e-02 3.892376e+00 1.993712e+03 9.428397e-01 5.333560e+05 4.244312e+01 -1.279589e-02 2.142459e+00 1.711158e-04 9.974448e-04
6.760830e-02 3.875102e+00 1.947820e+03 9.584900e-01 5.238516e+05 4.168678e+01 -9.766099e-02 4.143407e+00 1.859248e-04 9.932782e-04
6.918310e-02 3.871235e+00 1.906827e+03 1.010185e+00 5.385324e+05 4.285504e+01 2.179460e-02 2.789895e+00 1.893267e-04 1.078674e-03
7.079458e-02 3.845253e+00 1.862666e+03 9.169269e-01 4.834057e+05 3.846820e+01 1.016356e-02 2.615305e+00 1.915188e-04 9.537998e-04
7.244360e-02 3.825171e+00 1.821584e+03 9.294960e-01 5.045711e+05 4.015249e+01 -6.047915e-03 1.906336e+00 1.726563e-04 9.529395e-04
7.413102e-02 3.800872e+00 1.780021e+03 9.553341e-01 5.398401e+05 4.295911e+01 1.398350e-01 2.276916e+00 1.927748e-04 1.101829e-03
7.585776e-02 3.772363e+00 1.739281e+03 9.613768e-01 5.157292e+05 4.104043e+01 4.809675e-02 2.895184e+00 1.923757e-04 1.017744e-03
7.762471e-02 3.747775e+00 1.701884e+03 9.492976e-01 5.073256e+05 4.037169e+01 4.875393e-02 2.066387e+00 1.916581e-04 9.982342e-04
7.943282e-02 3.713664e+00 1.663586e+03 9.332490e-01 4.675529e+05 3.720667e+01 1.153012e-01 2.505721e+00 1.885196e-04 1.012726e-03
8.128305e-02 3.681411e+00 1.626002e+03 9.146074e-01 4.655416e+05 3.704662e+01 1.988420e-01 2.919745e+00 1.801926e-04 9.938895e-04
8.317638e-02 3.647834e+00 1.590492e+03 8.588584e-01 4.579044e+05 3.643888e+01 -7.724329e-03 1.264672e+00 1.770139e-04 9.877255e-04
8.511380e-02 3.621735e+00 1.554313e+03 8.757755e-01 4.494670e+05 3.576745e+01 1.683959e-01 4.295476e+00 1.863162e-04 9.867793e-04
8.709636e-02 3.586158e+00 1.519996e+03 9.573592e-01 5.031860e+05 4.004227e+01 3.090723e-02 1.753041e+00 1.977171e-04 1.124136e-03
8.912509e-02 3.543056e+00 1.483348e+03 9.272212e-01 4.811238e+05 3.828662e+01 -7.485466e-02 3.009198e+00 1.928971e-04 1.042090e-03
9.120108e-02 3.519046e+00 1.451219e+03 9.539088e-01 4.800822e+05 3.820373e+01 -8.492178e-02 1.338729e+00 1.996021e-04 1.098089e-03
9.332543e-02 3.486492e+00 1.420014e+03 9.533579e-01 4.957797e+05 3.945290e+01 1.241828e-01 1.515739e+00 1.992763e-04 1.133651e-03
9.549926e-02 3.445025e+00 1.386171e+03 9.808230e-01 4.693774e+05 3.735186e+01 9.803910e-03 2.778994e+00 2.074720e-04 1.151600e-03
9.772372e-02 3.420040e+00 1.356870e+03 9.339189e-01 4.554942e+05 3.624708e+01 -2.869568e-02 3.207509e+00 2.033324e-04 1.113789e-03
1.000000e-01 3.380456e+00 1.326276e+03 9.415727e-01 4.434642e+05 3.528976e+01 8.325521e-03 1.446247e+00 2.052337e-04 1.135911e-03
1.023293e-01 3.342521e+00 1.296515e+03 9.193414e-01 4.149928e+05 3.302408e+01 8.022386e-02 1.137330e+00 1.977635e-04 1.110637e-03
1.047129e-01 3.299168e+00 1.266505e+03 9.841729e-01 4.582689e+05 3.646788e+01 1.954144e-02 1.612919e+00 2.054162e-04 1.233575e-03
1.071519e-01 3.266314e+00 1.237876e+03 9.822979e-01 4.570116e+05 3.636783e+01 -1.170933e-01 1.387796e+00 1.998368e-04 1.160740e-03
1.096478e-01 3.226092e+00 1.210575e+03 1.049388e+00 5.009647e+05 3.986550e+01 1.342360e-01 1.281073e+00 2.089094e-04 1.334872e-03
1.122018e-01 3.189860e+00 1.182258e+03 9.620413e-01 4.286591e+05 3.411161e+01 -1.271543e-01 1.374660e+00 2.106453e-04 1.195775e-03
1.148154e-01 3.154070e+00 1.157161e+03 9.311032e-01 4.328654e+05 3.444633e+01 -1.204353e-01 1.851615e+00 2.019590e-04 1.230648e-03
1.174898e-01 3.114422e+00 1.130738e+03 9.171951e-01 4.460134e+05 3.549262e+01 -7.253924e-02 1.347775e+00 2.129273e-04 1.259133e-03
1.202264e-01 3.071215e+00 1.104515e+03 1.043439e+00 4.559038e+05 3.627967e+01 -3.550092e-02 2.554559e+00 2.022627e-04 1.342821e-03
1.230269e-01 3.038165e+00 1.080252e+03 9.587329e-01 4.342623e+05 3.455749e+01 7.341895e-02 8.170232e-01 2.144298e-04 1.359837e-03
1.258925e-01 3.011384e+00 1.056106e+03 1.065648e+00 4.658201e+05 3.706879e+01 3.342427e-02 7.610463e-01 2.087374e-04 1.484390e-03
1.288250e-01 2.971951e+00 1.031813e+03 1.010609e+00 4.706553e+05 3.745356e+01 1.004136e-01 1.064482e+00 2.130306e-04 1.499500e-03
1.318257e-01 2.932671e+00 1.008643e+03 9.955094e-01 3.997358e+05 3.180997e+01 2.174180e-02 2.565230e+00 1.950351e-04 1.341959e-03
1.348963e-01 2.899760e+00 9.867898e+02 9.842397e-01 4.677957e+05 3.722600e+01 -5.809710e-02 1.678820e+00 2.163033e-04 1.511103e-03
1.380384e-01 2.853441e+00 9.634076e+02 9.496930e-01 4.244579e+05 3.377728e+01 -1.054803e-01 1.868391e+00 2.079967e-04 1.472168e-03
1.412538e-01 2.819070e+00 9.426480e+02 1.020652e+00 4.312335e+05 3.431647e+01 4.731571e-02 1.212875e+00 2.086169e-04 1.570002e-03
1.445440e-01 2.784852e+00 9.216533e+02 1.048830e+00 4.556552e+05 3.625988e+01 -7.682542e-02 2.054698e+00 2.161279e-04 1.658589e-03
1.479108e-01 2.736210e+00 8.998333e+02 9.365323e-01 3.811804e+05 3.033337e+01 -2.029306e-02 1.969614e+00 2.020983e-04 1.452884e-03
1.513561e-01 2.703455e+00 8.799271e+02 1.028238e+00 4.136753e+05 3.291923e+01 -7.002357e-02 1.500851e+00 2.192031e-04 1.632862e-03
1.548817e-01 2.666973e+00 8.607996e+02 9.116941e-01 3.665305e+05 2.916757e+01 -8.142240e-03 1.970517e+00 2.066961e-04 1.521294e-03
1.584893e-01 2.629062e+00 8.409632e+02 1.037811e+00 4.211041e+05 3.351040e+01 3.364926e-02 1.826464e+00 2.269992e-04 1.719220e-03
1.621810e-01 2.595996e+00 8.220446e+02 9.966830e-01 3.623870e+05 2.883784e+01 6.508840e-02 5.764953e-01 2.026721e-04 1.550835e-03
1.659587e-01 2.549568e+00 8.030622e+02 1.020792e+00 3.987237e+05 3.172943e+01 -7.864115e-02 1.007787e+00 2.125004e-04 1.708111e-03
1.698244e-01 2.525546e+00 7.859085e+02 9.540371e-01 3.487381e+05 2.775170e+01 2.822831e-02 8.938562e-01 2.223382e-04 1.526971e-03
1.737801e-01 2.482976e+00 7.668295e+02 1.055983e+00 3.925184e+05 3.123562e+01 -9.505045e-02 7.886453e-01 2.332047e-04 1.818919e-03
1.778279e-01 2.451323e+00 7.501877e+02 8.847593e-01 3.358808e+05 2.672854e+01 -1.305684e-01 1.804373e+00 2.039726e-04 1.585460e-03
1.819701e-01 2.416905e+00 7.333941e+02 9.140975e-01 3.513778e+05 2.796176e+01 -7.239280e-02 8.269823e-01 2.235608e-04 1.669040e-03
1.862087e-01 2.380514e+00 7.167822e+02 9.723903e-01 3.312792e+05 2.636236e+01 -1.370832e-02 9.139526e-01 2.161843e-04 1.717447e-03
1.905461e-01 2.348932e+00 7.008014e+02 9.829524e-01 3.817031e+05 3.037497e+01 -1.109914e-01 4.345115e-01 2.375761e-04 1.970272e-03
1.949845e-01 2.307178e+00 6.844037e+02 8.920780e-01 3.255817e+05 2.590896e+01 5.323726e-02 9.108475e-01 2.284665e-04 1.760264e-03
1.995262e-01 2.272755e+00 6.693906e+02 9.340372e-01 3.606751e+05 2.870161e+01 9.153418e-02 7.441819e-01 2.212444e-04 1.961779e-03
2.041738e-01 2.237465e+00 6.546787e+02 9.605012e-01 3.233256e+05 2.572943e+01 -4.418104e-02 8.225500e-01 2.114538e-04 1.804541e-03
2.089296e-01 2.208906e+00 6.402162e+02 9.744757e-01 3.252247e+05 2.588056e+01 -3.925344e-02 5.789770e-01 2.364702e-04 1.822370e-03
2.137962e-01 2.176470e+00 6.257048e+02 9.339544e-01 3.025935e+05 2.407962e+01 6.036303e-02 1.244839e+00 2.390964e-04 1.889345e-03
2.187762e-01 2.137610e+00 6.112043e+02 9.312838e-01 3.201475e+05 2.547653e+01 -1.469841e-02 6.951167e-01 2.418981e-04 2.025130e-03
2.238721e-01 2.106937e+00 5.976857e+02 1.012068e+00 3.416187e+05 2.718515e+01 1.485188e-01 5.138968e-01 2.268347e-04 2.185688e-03
2.290868e-01 2.066547e+00 5.840188e+02 9.424288e-01 2.906722e+05 2.313096e+01 2.254400e-01 9.278940e-01 2.345495e-04 1.954686e-03
2.344229e-01 2.037817e+00 5.715173e+02 9.498916e-01 3.134623e+05 2.494454e+01 -1.676477e-02 6.403994e-01 2.255487e-04 2.176744e-03
2.398833e-01 2.004938e+00 5.584506e+02 1.020477e+00 3.360020e+05 2.673819e+01 -8.441235e-02 1.225034e+00 2.492207e-04 2.412197e-03
2.454709e-01 1.975060e+00 5.446970e+02 1.006508e+00 3.010563e+05 2.395730e+01 9.757258e-02 8.358221e-01 2.301863e-04 2.263364e-03
2.511886e-01 1.945714e+00 5.333515e+02 9.347552e-01 2.961828e+05 2.356947e+01 1.634421e-02 8.861773e-01 2.384817e-04 2.264106e-03
2.570396e-01 1.910446e+00 5.214763e+02 9.695929e-01 3.066728e+05 2.440425e+01 -5.638482e-02 3.470358e-01 2.290352e-04 2.354043e-03
2.630268e-01 1.879861e+00 5.098925e+02 9.477798e-01 2.907094e+05 2.313392e+01 -1.080381e-02 3.692862e-01 2.390243e-04 2.347884e-03
2.691535e-01 1.841099e+00 4.977051e+02 9.106971e-01 2.582291e+05 2.054922e+01 8.295110e-02 4.650698e-01 2.111158e-04 2.128890e-03
2.754229e-01 1.809851e+00 4.868105e+02 9.796503e-01 3.010032e+05 2.395308e+01 -6.119007e-02 4.875259e-01 2.443847e-04 2.628704e-03
2.818383e-01 1.793778e+00 4.758861e+02 9.076842e-01 2.708271e+05 2.155173e+01 -4.444058e-02 8.576990e-01 2.621632e-04 2.427115e-03
2.884032e-01 1.756066e+00 4.652251e+02 9.281405e-01 2.730659e+05 2.172989e+01 1.125147e-02 6.614905e-01 2.241999e-04 2.463385e-03
2.951209e-01 1.726569e+00 4.547108e+02 9.893306e-01 2.908127e+05 2.314214e+01 3.935052e-04 6.541207e-01 2.575868e-04 2.758735e-03
3.019952e-01 1.699072e+00 4.441842e+02 1.006518e+00 3.293205e+05 2.620649e+01 -5.699761e-02 3.974651e-01 2.738139e-04 3.120524e-03
3.090295e-01 1.676116e+00 4.345023e+02 1.016491e+00 3.249683e+05 2.586016e+01 -6.870103e-02 5.791299e-01 2.589726e-04 3.207229e-03
3.162278e-01 1.644260e+00 4.244066e+02 1.053328e+00 3.345811e+05 2.662512e+01 2.835405e-02 5.191288e-01 2.703108e-04 3.491678e-03
3.235937e-01 1.614182e+00 4.149038e+02 8.968648e-01 2.587971e+05 2.059442e+01 -1.785302e-02 3.527868e-01 2.825345e-04 2.898215e-03
3.311311e-01 1.593247e+00 4.058305e+02 9.423769e-01 2.892648e+05 2.301896e+01 -1.514465e-03 3.782810e-01 2.597063e-04 3.247138e-03
3.388442e-01 1.561895e+00 3.962574e+02 9.658150e-01 3.018576e+05 2.402106e+01 -1.203851e-01 5.257989e-01 2.899353e-04 3.558447e-03
3.467369e-01 1.527055e+00 3.871468e+02 9.501539e-01 2.924775e+05 2.327462e+01 -8.253528e-02 6.118236e-01 2.739629e-04 3.454985e-03
3.548134e-01 1.511586e+00 3.785036e+02 9.374095e-01 2.815265e+05 2.240317e+01 -4.716294e-02 5.487442e-01 2.897370e-04 3.400727e-03
3.630781e-01 1.477867e+00 3.701958e+02 9.533623e-01 2.743455e+05 2.183172e+01 -3.627833e-02 4.569634e-01 2.649560e-04 3.552206e-03
3.715352e-01 1.452149e+00 3.615484e+02 1.039479e+00 2.843654e+05 2.262908e+01 -4.203985e-02 6.104480e-01 2.753167e-04 3.707964e-03
3.801894e-01 1.431502e+00 3.535243e+02 9.274678e-01 2.891949e+05 2.301340e+01 -1.207312e-01 9.852813e-01 2.759354e-04 3.979416e-03
3.890451e-01 1.395499e+00 3.455117e+02 9.877309e-01 2.767658e+05 2.202432e+01 -5.335959e-02 3.481373e-01 2.924248e-04 3.940380e-03
3.981072e-01 1.374114e+00 3.377416e+02 1.013141e+00 2.758882e+05 2.195448e+01 -5.061305e-02 7.116390e-01 2.864766e-04 4.069733e-03
4.073803e-01 1.348400e+00 3.299951e+02 9.638607e-01 2.608777e+05 2.075998e+01 -3.821278e-02 3.022606e-01 2.898180e-04 4.133566e-03
4.168694e-01 1.333982e+00 3.231256e+02 1.070700e+00 2.783627e+05 2.215140e+01 -2.728486e-02 5.970053e-01 3.164406e-04 4.488186e-03
4.265795e-01 1.301105e+00 3.155135e+02 9.638494e-01 2.496954e+05 1.987013e+01 -1.947921e-02 3.045746e-01 2.843956e-04 4.279047e-03
4.365158e-01 1.284090e+00 3.084363e+02 9.935479e-01 2.578303e+05 2.051748e+01 1.612678e-02 3.065539e-01 3.083134e-04 4.425973e-03
4.466836e-01 1.251234e+00 3.009030e+02 1.062840e+00 2.760933e+05 2.197081e+01 5.742070e-02 5.442563e-01 3.149724e-04 5.018498e-03
4.570882e-01 1.225388e+00 2.939145e+02 1.019961e+00 2.647973e+05 2.107190e+01 3.436200e-02 2.178201e-01 3.237831e-04 4.878088e-03
4.677351e-01 1.209565e+00 2.875481e+02 1.054834e+00 2.946502e+05 2.344752e+01 -8.538748e-02 7.798871e-01 3.661808e-04 5.944412e-03
4.786301e-01 1.189222e+00 2.813647e+02 9.957190e-01 2.597394e+05 2.066941e+01 5.445519e-02 7.209262e-01 3.301627e-04 5.148703e-03
4.897788e-01 1.161404e+00 2.750013e+02 1.025779e+00 2.639265e+05 2.100260e+01 -3.734249e-02 2.022600e-01 3.806383e-04 5.659873e-03
5.011872e-01 1.143230e+00 2.684803e+02 1.042984e+00 2.757808e+05 2.194594e+01 -9.853930e-02 7.145780e-01 3.674019e-04 5.746660e-03
5.128614e-01 1.123261e+00 2.625473e+02 1.004486e+00 2.697938e+05 2.146950e+01 -6.254463e-02 2.247972e-01 3.877986e-04 5.981660e-03
5.248075e-01 1.104754e+00 2.564766e+02 1.064547e+00 2.596653e+05 2.066351e+01 -5.315801e-03 1.525842e-01 3.601086e-04 6.116665e-03
5.370318e-01 1.074799e+00 2.504428e+02 1.084966e+00 2.675260e+05 2.128904e+01 -2.400349e-02 2.419417e-01 3.461207e-04 6.369009e-03
5.495409e-01 1.063223e+00 2.450839e+02 1.012380e+00 2.432252e+05 1.935524e+01 -2.521825e-02 3.756882e-02 3.663145e-04 6.037330e-03
5.623413e-01 1.040837e+00 2.392796e+02 1.045195e+00 2.723549e+05 2.167331e+01 1.511806e-02 7.580352e-01 3.448120e-04 6.877728e-03
5.754399e-01 1.019602e+00 2.337613e+02 1.092207e+00 2.689618e+05 2.140330e+01 8.042746e-02 2.488681e-01 3.642733e-04 7.191113e-03
5.888437e-01 1.010230e+00 2.288853e+02 1.005797e+00 2.372571e+05 1.888032e+01 9.985836e-02 2.792900e-01 3.573944e-04 6.636929e-03
6.025596e-01 9.854803e-01 2.235679e+02 1.018520e+00 2.697167e+05 2.146338e+01 1.226750e-01 3.741315e-01 3.808523e-04 7.588551e-03
6.165950e-01 9.728855e-01 2.187575e+02 1.028204e+00 2.546763e+05 2.026649e+01 4.599238e-02 1.866782e-01 3.677667e-04 7.695545e-03
6.309573e-01 9.529306e-01 2.135937e+02 9.579583e-01 2.484107e+05 1.976790e+01 1.966565e-01 5.915369e-01 3.803469e-04 7.488346e-03
6.456542e-01 9.347312e-01 2.085533e+02 9.852966e-01 2.486861e+05 1.978981e+01 -2.617736e-02 6.358800e-02 3.994342e-04 7.824861e-03
6.606934e-01 9.225202e-01 2.044052e+02 1.063218e+00 2.337446e+05 1.860080e+01 -5.536667e-02 1.122049e-01 4.081050e-04 7.726052e-03
6.760830e-01 9.057154e-01 1.994919e+02 9.493389e-01 2.278814e+05 1.813422e+01 2.675090e-02 4.089825e-01 3.803714e-04 7.769245e-03
6.918310e-01 8.844643e-01 1.952778e+02 9.802454e-01 2.197786e+05 1.748943e+01 -1.114861e-01 2.995861e-01 4.374695e-04 8.089059e-03
7.079458e-01 8.672322e-01 1.906389e+02 1.000301e+00 2.119530e+05 1.686668e+01 3.071853e-02 2.021578e-01 4.043979e-04 7.899684e-03
7.244360e-01 8.534295e-01 1.863684e+02 9.795266e-01 2.125628e+05 1.691521e+01 -1.658163e-02 3.623527e-01 4.419152e-04 8.322395e-03
7.413102e-01 8.413827e-01 1.823400e+02 8.941500e-01 1.956235e+05 1.556723e+01 -5.356377e-02 2.214747e-01 3.977168e-04 7.961701e-03
7.585776e-01 8.203293e-01 1.779101e+02 1.011124e+00 2.123513e+05 1.689838e+01 -1.175639e-01 1.269263e-01 4.281422e-04 8.839336e-03
7.762471e-01 8.036506e-01 1.739667e+02 9.850322e-01 2.025454e+05 1.611805e+01 5.862955e-03 4.100278e-01 4.174131e-04 9.295792e-03
7.943282e-01 7.902542e-01 1.702046e+02 1.030506e+00 2.163689e+05 1.721809e+01 -4.831335e-02 1.309453e-01 4.795111e-04 9.871719e-03
8.128305e-01 7.731325e-01 1.662256e+02 1.001486e+00 2.153355e+05 1.713585e+01 1.727920e-02 2.033824e-01 4.460389e-04 1.016355e-02
8.317638e-01 7.580988e-01 1.624507e+02 8.958294e-01 1.958823e+05 1.558782e+01 -1.518647e-03 -2.508089e-02 4.530683e-04 9.731176e-03
8.511380e-01 7.473857e-01 1.591054e+02 1.002766e+00 2.091338e+05 1.664234e+01 -1.173471e-02 2.333976e-01 4.699152e-04 1.062317e-02
8.709636e-01 7.278938e-01 1.553328e+02 9.974939e-01 2.172566e+05 1.728873e+01 -4.194872e-02 3.351221e-01 5.029503e-04 1.177754e-02
8.912509e-01 7.166949e-01 1.518051e+02 1.034521e+00 2.148886e+05 1.710029e+01 1.763201e-02 2.376312e-01 4.839853e-04 1.174951e-02
9.120108e-01 7.032170e-01 1.482481e+02 1.039186e+00 2.326631e+05 1.851474e+01 -5.115456e-02 2.072129e-01 5.100670e-04 1.315545e-02
9.332543e-01 6.890737e-01 1.448373e+02 1.043855e+00 2.187480e+05 1.740742e+01 -8.251938e-02 2.256737e-01 4.408377e-04 1.311407e-02
9.549926e-01 6.786560e-01 1.415703e+02 9.978797e-01 2.026134e+05 1.612346e+01 -4.038596e-02 1.760775e-01 4.971791e-04 1.279517e-02
9.772372e-01 6.636473e-01 1.383510e+02 9.881166e-01 2.063702e+05 1.642242e+01 4.432533e-02 1.766758e-01 4.772192e-04 1.342584e-02
