#./double_munderdamped_3d --dev=1 --amp=250.0 --omega=1 --mass=0.0 --force=0 --Dg=0.01 --block=256 --paths=1024 --periods=1000 --trans=100 --samples=10000 --spp=10000 --algorithm=euler --pav=1 --mode=moments --domain=1d --domainx=g:-3:0:300:1 --domainy=s:-1:2:100:1 --domainz=a:-1:2.5:100:1 --q=2 --eps=0 --phi=1.57079632679 --lambda=50.0 --zeta=0.02 --comp=0 --mean=1.0 --second=2.0 --skew=0.99 --distribution=s>> 1D_double_g:-3:0:300:1_2.0_50.0_0.99_1.0_250.0.dat
#g <<v>> <<v^2>> qnu(q) mu_q Dx Gx Gv EBx EBv
1.000000e-03 8.500465e+00 7.841503e+04 9.768195e-01 3.720600e+05 2.960759e+01 -3.277395e-02 5.538145e+01 1.215551e-05 1.361605e-04
1.023293e-03 8.428147e+00 7.589396e+04 1.114215e+00 3.948329e+05 3.141980e+01 -8.955507e-02 3.553630e+01 1.283650e-05 1.586535e-04
1.047129e-03 8.355061e+00 7.350027e+04 1.038700e+00 3.772407e+05 3.001986e+01 -8.868789e-02 2.254503e+01 1.307733e-05 1.480441e-04
1.071519e-03 8.290342e+00 7.118711e+04 1.036642e+00 3.968543e+05 3.158066e+01 -1.035460e-01 1.067746e+01 1.396469e-05 1.561740e-04
1.096478e-03 8.214148e+00 6.895779e+04 1.045686e+00 3.633212e+05 2.891218e+01 -6.597385e-02 1.446713e+01 1.285255e-05 1.472585e-04
1.122018e-03 8.145484e+00 6.683797e+04 1.022195e+00 3.810440e+05 3.032252e+01 -4.428636e-02 1.908369e+01 1.304807e-05 1.550455e-04
1.148154e-03 8.076916e+00 6.478821e+04 1.040818e+00 3.441526e+05 2.738679e+01 -5.492695e-02 2.145912e+01 1.341404e-05 1.465760e-04
1.174898e-03 7.997555e+00 6.280075e+04 1.068659e+00 3.721970e+05 2.961850e+01 4.580672e-03 9.511057e+00 1.252517e-05 1.593024e-04
1.202264e-03 7.928307e+00 6.090283e+04 1.065755e+00 3.440544e+05 2.737898e+01 4.561977e-02 8.066596e+00 1.202964e-05 1.521230e-04
1.230269e-03 7.857851e+00 5.907882e+04 1.065164e+00 3.491541e+05 2.778480e+01 -3.844841e-02 1.839382e+01 1.256666e-05 1.542225e-04
1.258925e-03 7.794015e+00 5.733358e+04 1.021413e+00 3.302041e+05 2.627680e+01 -2.805726e-02 1.088347e+01 1.232019e-05 1.510227e-04
1.288250e-03 7.720355e+00 5.563470e+04 1.052970e+00 3.656432e+05 2.909696e+01 1.721422e-02 1.792491e+01 1.352219e-05 1.688331e-04
1.318257e-03 7.646601e+00 5.401023e+04 1.041752e+00 3.549058e+05 2.824250e+01 -8.409803e-02 1.065089e+01 1.337535e-05 1.671328e-04
1.348963e-03 7.576788e+00 5.243355e+04 9.975095e-01 3.314755e+05 2.637798e+01 -5.336832e-02 1.969204e+01 1.268324e-05 1.580451e-04
1.380384e-03 7.507356e+00 5.091707e+04 9.984789e-01 2.991570e+05 2.380615e+01 -1.114066e-02 1.327152e+01 1.294588e-05 1.480502e-04
1.412538e-03 7.434651e+00 4.944945e+04 1.069463e+00 3.301866e+05 2.627542e+01 -5.261170e-02 1.794832e+01 1.320995e-05 1.607852e-04
1.445440e-03 7.361651e+00 4.803115e+04 9.916091e-01 3.158998e+05 2.513851e+01 -4.864666e-02 3.006520e+01 1.312150e-05 1.555798e-04
1.479108e-03 7.294855e+00 4.667253e+04 1.056817e+00 3.128579e+05 2.489644e+01 -3.008572e-02 1.386246e+01 1.310936e-05 1.643640e-04
1.513561e-03 7.225714e+00 4.535355e+04 1.061955e+00 3.095530e+05 2.463345e+01 -7.919480e-02 2.678805e+01 1.305727e-05 1.655674e-04
1.548817e-03 7.159443e+00 4.409094e+04 1.067975e+00 3.246801e+05 2.583722e+01 1.964719e-01 9.323347e+00 1.427358e-05 1.761626e-04
1.584893e-03 7.083986e+00 4.286502e+04 1.035434e+00 3.034652e+05 2.414899e+01 -1.156783e-01 8.404895e+00 1.370990e-05 1.657844e-04
1.621810e-03 7.009894e+00 4.165941e+04 1.057832e+00 3.225768e+05 2.566985e+01 1.285418e-01 7.795248e+00 1.383294e-05 1.792298e-04
1.659587e-03 6.941832e+00 4.051579e+04 1.000221e+00 2.805414e+05 2.232477e+01 -2.322561e-02 1.034993e+01 1.324352e-05 1.618627e-04
1.698244e-03 6.867023e+00 3.940008e+04 9.407940e-01 2.808227e+05 2.234716e+01 -2.506751e-02 1.433355e+01 1.156271e-05 1.574330e-04
1.737801e-03 6.799398e+00 3.833079e+04 9.963963e-01 2.774265e+05 2.207690e+01 -4.952465e-02 9.011738e+00 1.286474e-05 1.631929e-04
1.778279e-03 6.725127e+00 3.728268e+04 1.011973e+00 2.709069e+05 2.155809e+01 -8.849683e-03 1.143415e+01 1.371985e-05 1.642355e-04
1.819701e-03 6.656236e+00 3.628119e+04 1.045167e+00 2.848900e+05 2.267082e+01 6.881193e-02 8.427536e+00 1.293056e-05 1.778874e-04
1.862087e-03 6.586601e+00 3.530692e+04 1.052067e+00 2.536905e+05 2.018805e+01 -2.766611e-02 1.260305e+01 1.175341e-05 1.636145e-04
1.905461e-03 6.506202e+00 3.434968e+04 1.007759e+00 2.593221e+05 2.063620e+01 9.658075e-02 6.067867e+00 1.350890e-05 1.687785e-04
1.949845e-03 6.434496e+00 3.343313e+04 1.034543e+00 2.747678e+05 2.186533e+01 -7.561920e-02 1.186235e+01 1.256527e-05 1.817329e-04
1.995262e-03 6.365232e+00 3.254815e+04 9.990719e-01 2.681693e+05 2.134024e+01 3.122207e-02 1.104426e+01 1.286345e-05 1.769003e-04
2.041738e-03 6.298554e+00 3.169211e+04 1.047948e+00 2.802867e+05 2.230450e+01 -5.417171e-02 9.580779e+00 1.428267e-05 1.879555e-04
2.089296e-03 6.218007e+00 3.084899e+04 1.020242e+00 2.412916e+05 1.920138e+01 -4.319106e-02 5.969607e+00 1.263182e-05 1.824481e-04
2.137962e-03 6.152564e+00 3.004928e+04 9.844873e-01 2.305714e+05 1.834828e+01 -4.275457e-02 8.196875e+00 1.324370e-05 1.676395e-04
2.187762e-03 6.079644e+00 2.926210e+04 9.648792e-01 2.328397e+05 1.852879e+01 6.661642e-02 8.793768e+00 1.342576e-05 1.799145e-04
2.238721e-03 6.004567e+00 2.849316e+04 9.926969e-01 2.490897e+05 1.982193e+01 4.060658e-02 1.098208e+01 1.283939e-05 1.864909e-04
2.290868e-03 5.931090e+00 2.775437e+04 1.038447e+00 2.541015e+05 2.022075e+01 9.586985e-02 6.054458e+00 1.288313e-05 2.045115e-04
2.344229e-03 5.858398e+00 2.703360e+04 9.649877e-01 2.248376e+05 1.789201e+01 -5.453929e-02 6.025809e+00 1.281317e-05 1.774764e-04
2.398833e-03 5.785227e+00 2.634204e+04 9.978304e-01 2.446247e+05 1.946662e+01 -5.720193e-02 1.457606e+01 1.367976e-05 2.016665e-04
2.454709e-03 5.714404e+00 2.566189e+04 1.033281e+00 2.447220e+05 1.947436e+01 3.239218e-03 9.917327e+00 1.250680e-05 2.017561e-04
2.511886e-03 5.639894e+00 2.500935e+04 1.035016e+00 2.536190e+05 2.018236e+01 2.654541e-02 4.501446e+00 1.371896e-05 2.169030e-04
2.570396e-03 5.563281e+00 2.436305e+04 9.718926e-01 2.310156e+05 1.838364e+01 6.391838e-03 1.176525e+01 1.349251e-05 2.048379e-04
2.630268e-03 5.490198e+00 2.374346e+04 1.102546e+00 2.587746e+05 2.059263e+01 8.742022e-03 6.990961e+00 1.461317e-05 2.308217e-04
2.691535e-03 5.419820e+00 2.314452e+04 1.016536e+00 2.302160e+05 1.832001e+01 -4.486437e-02 5.317539e+00 1.344181e-05 2.103359e-04
2.754229e-03 5.352508e+00 2.256882e+04 1.008821e+00 2.368393e+05 1.884707e+01 -2.205187e-02 8.476440e+00 1.407638e-05 2.259551e-04
2.818383e-03 5.271106e+00 2.198879e+04 9.973653e-01 2.249179e+05 1.789840e+01 -4.053382e-02 5.155290e+00 1.334966e-05 2.207097e-04
2.884032e-03 5.197714e+00 2.143999e+04 1.020342e+00 2.230919e+05 1.775309e+01 -5.333741e-03 4.463431e+00 1.295118e-05 2.319409e-04
2.951209e-03 5.129742e+00 2.089853e+04 1.020735e+00 2.272935e+05 1.808744e+01 -4.783139e-02 9.120267e+00 1.270497e-05 2.423927e-04
3.019952e-03 5.057925e+00 2.037996e+04 9.670463e-01 2.069741e+05 1.647048e+01 -4.663190e-03 4.102774e+00 1.304784e-05 2.240111e-04
3.090295e-03 4.983660e+00 1.986999e+04 1.024123e+00 2.233491e+05 1.777356e+01 -7.613999e-02 1.664481e+01 1.400139e-05 2.419040e-04
3.162278e-03 4.914474e+00 1.938034e+04 9.866169e-01 2.093756e+05 1.666158e+01 -2.483304e-02 3.712897e+00 1.352866e-05 2.427530e-04
3.235937e-03 4.839184e+00 1.889346e+04 1.073114e+00 2.323155e+05 1.848708e+01 -5.387633e-02 6.979449e+00 1.514780e-05 2.727200e-04
3.311311e-03 4.772479e+00 1.843100e+04 1.056541e+00 2.152255e+05 1.712710e+01 -4.233278e-02 1.160549e+01 1.365953e-05 2.615160e-04
3.388442e-03 4.704505e+00 1.797985e+04 1.028413e+00 2.138126e+05 1.701467e+01 -6.189817e-02 5.678468e+00 1.447871e-05 2.668413e-04
3.467369e-03 4.627949e+00 1.753347e+04 1.051543e+00 2.036781e+05 1.620818e+01 -2.456373e-03 1.478093e+01 1.365315e-05 2.639479e-04
3.548134e-03 4.560232e+00 1.710511e+04 1.080742e+00 2.184287e+05 1.738200e+01 -7.718263e-02 4.595732e+00 1.398562e-05 2.898551e-04
3.630781e-03 4.486335e+00 1.668078e+04 1.007746e+00 2.022389e+05 1.609366e+01 -7.298293e-02 3.215806e+00 1.397083e-05 2.799667e-04
3.715352e-03 4.424067e+00 1.627797e+04 1.019777e+00 2.017897e+05 1.605791e+01 -8.463959e-02 4.139677e+00 1.314088e-05 2.867577e-04
3.801894e-03 4.344026e+00 1.587778e+04 1.085266e+00 2.089489e+05 1.662762e+01 -8.701331e-02 5.452620e+00 1.513296e-05 3.044097e-04
3.890451e-03 4.280612e+00 1.549431e+04 1.060953e+00 2.011820e+05 1.600955e+01 -7.640799e-02 4.772659e+00 1.420104e-05 2.949674e-04
3.981072e-03 4.211702e+00 1.511713e+04 1.046982e+00 1.884052e+05 1.499281e+01 -3.839327e-02 5.140492e+00 1.311912e-05 2.921646e-04
4.073803e-03 4.139780e+00 1.474838e+04 9.939093e-01 1.904980e+05 1.515935e+01 -2.131777e-02 1.801252e+01 1.351802e-05 2.985910e-04
4.168694e-03 4.074885e+00 1.439210e+04 1.056896e+00 1.919847e+05 1.527766e+01 -1.227025e-01 1.016963e+01 1.367166e-05 3.185694e-04
4.265795e-03 4.009161e+00 1.404710e+04 1.063094e+00 1.876247e+05 1.493070e+01 -7.089825e-02 3.497055e+00 1.311775e-05 3.210805e-04
4.365158e-03 3.942377e+00 1.370896e+04 1.034068e+00 1.766843e+05 1.406009e+01 -5.225394e-02 2.493807e+00 1.430450e-05 3.105395e-04
4.466836e-03 3.874286e+00 1.337886e+04 1.056824e+00 1.770016e+05 1.408534e+01 -6.476920e-02 3.133586e+00 1.439175e-05 3.321542e-04
4.570882e-03 3.806355e+00 1.305789e+04 1.028209e+00 1.715294e+05 1.364987e+01 -1.180444e-01 3.196447e+00 1.414633e-05 3.275914e-04
4.677351e-03 3.737265e+00 1.274249e+04 9.676251e-01 1.538235e+05 1.224089e+01 -7.770743e-02 4.373490e+00 1.402474e-05 3.054399e-04
4.786301e-03 3.672082e+00 1.243807e+04 1.026526e+00 1.613766e+05 1.284194e+01 -5.970969e-02 4.304200e+00 1.489216e-05 3.312357e-04
4.897788e-03 3.606608e+00 1.214115e+04 1.049823e+00 1.613731e+05 1.284166e+01 -5.423617e-02 1.552523e+00 1.509135e-05 3.436780e-04
5.011872e-03 3.544488e+00 1.185223e+04 1.047215e+00 1.579437e+05 1.256876e+01 -1.137744e-01 2.718891e+00 1.474405e-05 3.463957e-04
5.128614e-03 3.478317e+00 1.156856e+04 9.923127e-01 1.476024e+05 1.174582e+01 -9.872036e-02 5.126189e+00 1.560494e-05 3.348780e-04
5.248075e-03 3.415251e+00 1.129331e+04 1.001208e+00 1.590991e+05 1.266070e+01 -9.461483e-02 3.030234e+00 1.529481e-05 3.757289e-04
5.370318e-03 3.352859e+00 1.102418e+04 1.012450e+00 1.458575e+05 1.160697e+01 7.890370e-03 3.051885e+00 1.479083e-05 3.570618e-04
5.495409e-03 3.292476e+00 1.076540e+04 1.023438e+00 1.493466e+05 1.188462e+01 -1.243460e-01 4.190761e+00 1.507045e-05 3.955050e-04
5.623413e-03 3.228572e+00 1.050843e+04 1.030620e+00 1.447034e+05 1.151513e+01 -5.053217e-02 2.369904e+00 1.521793e-05 3.809600e-04
5.754399e-03 3.163795e+00 1.025741e+04 1.017946e+00 1.413751e+05 1.125027e+01 -1.054063e-01 5.174531e+00 1.418948e-05 3.908774e-04
5.888437e-03 3.105694e+00 1.001606e+04 1.012834e+00 1.370954e+05 1.090970e+01 -7.389771e-02 7.191865e+00 1.373651e-05 3.900101e-04
6.025596e-03 3.045163e+00 9.778921e+03 1.025869e+00 1.332523e+05 1.060388e+01 -1.194062e-01 3.237192e+00 1.492492e-05 3.935225e-04
6.165950e-03 2.986009e+00 9.549590e+03 9.903992e-01 1.272639e+05 1.012734e+01 -1.224809e-01 2.335424e+00 1.419627e-05 3.861012e-04
6.309573e-03 2.925352e+00 9.327621e+03 9.836496e-01 1.255211e+05 9.988652e+00 1.122540e-02 1.631758e+00 1.521098e-05 4.129534e-04
6.456542e-03 2.866860e+00 9.105398e+03 9.767619e-01 1.153042e+05 9.175618e+00 -5.122465e-02 2.998406e+00 1.596143e-05 3.841873e-04
6.606934e-03 2.809293e+00 8.892624e+03 9.574770e-01 1.164424e+05 9.266188e+00 1.977605e-02 2.410947e+00 1.455899e-05 4.396491e-04
6.760830e-03 2.751657e+00 8.684778e+03 9.961805e-01 1.233546e+05 9.816246e+00 -4.071985e-02 1.755014e+00 1.605578e-05 4.519483e-04
6.918310e-03 2.699755e+00 8.480879e+03 1.068090e+00 1.270466e+05 1.011005e+01 -8.567197e-02 3.885787e+00 1.601366e-05 4.758741e-04
7.079458e-03 2.642508e+00 8.282315e+03 9.730055e-01 1.140373e+05 9.074800e+00 -3.411237e-03 2.968457e+00 1.445518e-05 4.494895e-04
7.244360e-03 2.587518e+00 8.088901e+03 9.793991e-01 1.195601e+05 9.514287e+00 -1.753834e-03 1.616240e+00 1.651646e-05 4.884494e-04
7.413102e-03 2.532854e+00 7.900117e+03 9.894224e-01 1.099622e+05 8.750516e+00 3.531397e-02 2.175698e+00 1.647925e-05 4.805041e-04
7.585776e-03 2.477657e+00 7.715009e+03 9.519784e-01 1.064083e+05 8.467704e+00 -1.491034e-02 1.441756e+00 1.547912e-05 4.921643e-04
7.762471e-03 2.425208e+00 7.535567e+03 1.055391e+00 1.140520e+05 9.075971e+00 -2.580740e-02 1.311247e+00 1.517321e-05 5.460835e-04
7.943282e-03 2.371435e+00 7.360633e+03 1.041302e+00 1.137809e+05 9.054397e+00 -1.057430e-01 1.356095e+00 1.535475e-05 5.572954e-04
8.128305e-03 2.323309e+00 7.188670e+03 9.786785e-01 1.039600e+05 8.272872e+00 -1.515352e-02 1.622975e+00 1.616399e-05 5.431414e-04
8.317638e-03 2.271155e+00 7.023327e+03 1.038625e+00 1.054278e+05 8.389679e+00 -5.108887e-02 2.188252e+00 1.543320e-05 5.805657e-04
8.511380e-03 2.217652e+00 6.858878e+03 9.698241e-01 9.592539e+04 7.633500e+00 4.630121e-02 2.101925e+00 1.518294e-05 5.385206e-04
8.709636e-03 2.171338e+00 6.699190e+03 1.001863e+00 9.975336e+04 7.938120e+00 -4.413688e-02 1.278653e+00 1.486345e-05 5.844062e-04
8.912509e-03 2.119665e+00 6.542913e+03 9.952317e-01 9.034209e+04 7.189195e+00 -6.642786e-02 1.765469e+00 1.539250e-05 5.645233e-04
9.120108e-03 2.072803e+00 6.391871e+03 9.503486e-01 8.722285e+04 6.940974e+00 -6.020380e-02 1.360452e+00 1.544131e-05 5.697482e-04
9.332543e-03 2.026763e+00 6.243701e+03 9.892200e-01 9.230821e+04 7.345654e+00 -4.128768e-02 2.984825e+00 1.551781e-05 6.398804e-04
9.549926e-03 1.978624e+00 6.098862e+03 1.057988e+00 8.909321e+04 7.089813e+00 3.175940e-03 1.371050e+00 1.648346e-05 6.630882e-04
9.772372e-03 1.934381e+00 5.959204e+03 1.004632e+00 8.812142e+04 7.012479e+00 -3.965414e-02 2.347665e+00 1.635765e-05 6.762802e-04
1.000000e-02 1.885476e+00 5.820555e+03 8.946196e-01 7.240572e+04 5.761864e+00 3.911317e-02 1.509174e+00 1.576054e-05 5.610364e-04
1.023293e-02 1.840735e+00 5.685376e+03 9.408074e-01 7.654822e+04 6.091514e+00 -1.195710e-02 1.965827e+00 1.632330e-05 6.485810e-04
1.047129e-02 1.799102e+00 5.554870e+03 9.792061e-01 8.501662e+04 6.765408e+00 2.975233e-02 1.643795e+00 1.717206e-05 6.879979e-04
1.071519e-02 1.754630e+00 5.427555e+03 1.025801e+00 8.018391e+04 6.380832e+00 -1.863541e-02 9.362025e-01 1.629019e-05 7.444607e-04
1.096478e-02 1.711341e+00 5.300859e+03 1.030510e+00 7.760540e+04 6.175641e+00 -6.385384e-02 1.257824e+00 1.664190e-05 7.409653e-04
1.122018e-02 1.670373e+00 5.179642e+03 1.052967e+00 8.079656e+04 6.429586e+00 4.417113e-02 1.101061e+00 1.791833e-05 8.265535e-04
1.148154e-02 1.626566e+00 5.060232e+03 9.680888e-01 7.716898e+04 6.140912e+00 7.929040e-02 1.756756e+00 1.606226e-05 7.973156e-04
1.174898e-02 1.589946e+00 4.943340e+03 9.929872e-01 7.064802e+04 5.621991e+00 3.615737e-03 1.557815e+00 1.742667e-05 7.733504e-04
1.202264e-02 1.550695e+00 4.830043e+03 1.000173e+00 6.883347e+04 5.477594e+00 -1.033020e-02 8.942915e-01 1.838151e-05 7.884096e-04
1.230269e-02 1.511239e+00 4.718218e+03 9.830795e-01 6.572413e+04 5.230160e+00 -4.676602e-02 1.414905e+00 1.769916e-05 8.341872e-04
1.258925e-02 1.470910e+00 4.609821e+03 9.881542e-01 6.029962e+04 4.798491e+00 -4.403542e-02 9.534708e-01 1.710909e-05 7.864855e-04
1.288250e-02 1.433734e+00 4.504382e+03 9.383866e-01 6.102343e+04 4.856090e+00 -3.767798e-02 1.945432e+00 1.785986e-05 8.468297e-04
1.318257e-02 1.397052e+00 4.400598e+03 9.833610e-01 5.995350e+04 4.770948e+00 -4.258587e-02 8.227505e-01 1.832898e-05 8.611342e-04
1.348963e-02 1.361928e+00 4.301221e+03 9.421016e-01 5.359594e+04 4.265029e+00 -1.242449e-02 6.810852e-01 1.744784e-05 8.154380e-04
1.380384e-02 1.324871e+00 4.201304e+03 8.635287e-01 4.798612e+04 3.818614e+00 -5.195830e-02 1.658736e+00 1.859536e-05 7.892492e-04
1.412538e-02 1.291323e+00 4.105814e+03 9.304556e-01 5.553787e+04 4.419563e+00 -3.303554e-02 1.344738e+00 1.855986e-05 9.187426e-04
1.445440e-02 1.259748e+00 4.012330e+03 9.732151e-01 5.387171e+04 4.286974e+00 -3.327085e-02 4.434957e+00 1.944101e-05 9.692367e-04
1.479108e-02 1.225997e+00 3.919147e+03 9.853056e-01 5.077760e+04 4.040753e+00 1.285016e-02 9.987798e-01 1.968113e-05 9.636316e-04
1.513561e-02 1.192117e+00 3.829541e+03 9.447559e-01 4.966004e+04 3.951820e+00 3.483802e-02 1.064361e+00 1.926881e-05 9.965792e-04
1.548817e-02 1.158327e+00 3.741596e+03 1.002098e+00 4.857180e+04 3.865221e+00 2.047850e-02 1.675437e+00 2.032738e-05 1.020460e-03
1.584893e-02 1.129084e+00 3.655902e+03 1.009028e+00 4.879614e+04 3.883073e+00 -9.207017e-02 8.978963e-01 1.823309e-05 1.102978e-03
1.621810e-02 1.096135e+00 3.571466e+03 9.604129e-01 4.574830e+04 3.640534e+00 1.904820e-02 9.934267e-01 1.965138e-05 1.076365e-03
1.659587e-02 1.066422e+00 3.490757e+03 9.094140e-01 4.505701e+04 3.585523e+00 2.045059e-02 7.872567e-01 1.949485e-05 1.084835e-03
1.698244e-02 1.037603e+00 3.410628e+03 9.587605e-01 4.557982e+04 3.627127e+00 6.107833e-02 8.404840e-01 1.914494e-05 1.156115e-03
1.737801e-02 1.008666e+00 3.332721e+03 1.000564e+00 4.200134e+04 3.342360e+00 5.385444e-02 1.043925e+00 1.997548e-05 1.176062e-03
1.778279e-02 9.803001e-01 3.256806e+03 9.450111e-01 4.059021e+04 3.230066e+00 9.002603e-03 1.829746e+00 2.150914e-05 1.205116e-03
1.819701e-02 9.522269e-01 3.182175e+03 9.439990e-01 3.982009e+04 3.168782e+00 -1.050688e-02 9.319613e-01 2.042308e-05 1.278439e-03
1.862087e-02 9.279903e-01 3.109496e+03 8.941341e-01 3.644384e+04 2.900109e+00 1.070581e-01 8.022574e-01 2.171057e-05 1.192157e-03
1.905461e-02 8.986998e-01 3.038319e+03 1.013943e+00 3.986841e+04 3.172627e+00 -5.898752e-02 5.346511e-01 2.198063e-05 1.430560e-03
1.949845e-02 8.743942e-01 2.968423e+03 9.348849e-01 3.682556e+04 2.930485e+00 1.988523e-02 1.238473e+00 2.031961e-05 1.311670e-03
1.995262e-02 8.472532e-01 2.900278e+03 9.521215e-01 3.256567e+04 2.591494e+00 -2.339515e-02 6.016770e-01 2.152824e-05 1.308414e-03
2.041738e-02 8.274029e-01 2.835772e+03 9.414524e-01 3.382696e+04 2.691864e+00 -1.129387e-01 5.943879e-01 2.042655e-05 1.412483e-03
2.089296e-02 8.005246e-01 2.769347e+03 9.306148e-01 3.366346e+04 2.678853e+00 -7.999233e-02 5.636189e-01 2.044819e-05 1.460862e-03
2.137962e-02 7.771051e-01 2.707165e+03 8.323415e-01 3.048506e+04 2.425924e+00 2.814990e-03 6.209342e-01 1.934816e-05 1.410716e-03
2.187762e-02 7.550131e-01 2.645806e+03 9.458971e-01 3.109197e+04 2.474220e+00 -1.521139e-03 8.684026e-01 2.117511e-05 1.585580e-03
2.238721e-02 7.317077e-01 2.584954e+03 9.404205e-01 3.236409e+04 2.575452e+00 -1.157462e-01 8.051328e-01 2.315568e-05 1.692607e-03
2.290868e-02 7.096548e-01 2.525868e+03 8.875045e-01 2.626335e+04 2.089971e+00 -3.507559e-02 8.789060e-01 2.085791e-05 1.519782e-03
2.344229e-02 6.893914e-01 2.468368e+03 9.405134e-01 2.816993e+04 2.241691e+00 -1.032489e-02 7.992265e-01 2.089926e-05 1.666845e-03
2.398833e-02 6.680818e-01 2.411696e+03 9.333093e-01 2.835105e+04 2.256105e+00 -3.193681e-02 2.393045e-01 2.376995e-05 1.845931e-03
2.454709e-02 6.470350e-01 2.357039e+03 8.879964e-01 2.600683e+04 2.069558e+00 2.727034e-02 5.865758e-01 2.297812e-05 1.691787e-03
2.511886e-02 6.279285e-01 2.302150e+03 9.452117e-01 2.620704e+04 2.085490e+00 -7.619000e-02 6.496250e-01 2.525323e-05 1.954420e-03
2.570396e-02 6.083917e-01 2.250323e+03 9.500581e-01 2.723693e+04 2.167446e+00 -3.960674e-02 1.030940e+00 2.255194e-05 2.102825e-03
2.630268e-02 5.921917e-01 2.199207e+03 8.742361e-01 2.428974e+04 1.932916e+00 -3.380072e-02 7.046176e-01 2.216032e-05 1.980018e-03
2.691535e-02 5.729225e-01 2.149318e+03 9.686725e-01 2.463760e+04 1.960598e+00 -1.913367e-02 1.006542e+00 2.307855e-05 2.099276e-03
2.754229e-02 5.542680e-01 2.100227e+03 9.170847e-01 2.190238e+04 1.742936e+00 2.323670e-02 3.904589e-01 2.440101e-05 2.090823e-03
2.818383e-02 5.380809e-01 2.052625e+03 9.686050e-01 2.194826e+04 1.746587e+00 3.056296e-02 8.675707e-01 2.279658e-05 2.239261e-03
2.884032e-02 5.203042e-01 2.005875e+03 8.351635e-01 1.880618e+04 1.496548e+00 3.166144e-02 6.154742e-01 2.720702e-05 2.069737e-03
2.951209e-02 5.041639e-01 1.959826e+03 8.866083e-01 2.052513e+04 1.633338e+00 3.826224e-02 3.573268e-01 2.336259e-05 2.316931e-03
3.019952e-02 4.876414e-01 1.915674e+03 8.919804e-01 2.089387e+04 1.662682e+00 2.486039e-02 8.515137e-01 2.798061e-05 2.486078e-03
3.090295e-02 4.738848e-01 1.871955e+03 9.241049e-01 1.992851e+04 1.585860e+00 3.715611e-02 5.515483e-01 2.703822e-05 2.490208e-03
3.162278e-02 4.571839e-01 1.829518e+03 9.364874e-01 1.890822e+04 1.504669e+00 -3.375638e-02 5.201125e-01 2.567844e-05 2.573986e-03
3.235937e-02 4.446436e-01 1.788454e+03 8.883892e-01 1.786816e+04 1.421903e+00 -6.827788e-02 2.935401e-01 2.559487e-05 2.610607e-03
3.311311e-02 4.305032e-01 1.747375e+03 8.645295e-01 1.691186e+04 1.345803e+00 -5.519029e-02 3.377722e-01 2.717902e-05 2.610940e-03
3.388442e-02 4.160425e-01 1.707805e+03 8.666386e-01 1.639318e+04 1.304527e+00 -8.976572e-02 4.556675e-01 2.734847e-05 2.628777e-03
3.467369e-02 4.025932e-01 1.668559e+03 9.177067e-01 1.718689e+04 1.367689e+00 -1.160884e-01 7.158382e-01 2.846921e-05 2.936741e-03
3.548134e-02 3.895083e-01 1.630734e+03 9.428276e-01 1.649006e+04 1.312237e+00 -2.150733e-02 3.779783e-01 2.769729e-05 3.108557e-03
3.630781e-02 3.757749e-01 1.592892e+03 8.834016e-01 1.504828e+04 1.197504e+00 -8.281960e-02 3.300643e-01 2.825866e-05 2.958728e-03
3.715352e-02 3.647640e-01 1.557268e+03 8.635093e-01 1.419974e+04 1.129979e+00 -8.919657e-03 3.977083e-01 2.921083e-05 3.012056e-03
3.801894e-02 3.530329e-01 1.521674e+03 8.838259e-01 1.371004e+04 1.091010e+00 -3.483438e-02 4.875955e-01 2.775657e-05 3.067895e-03
3.890451e-02 3.410140e-01 1.486737e+03 9.314822e-01 1.428635e+04 1.136871e+00 -2.076092e-02 2.228055e-01 3.033477e-05 3.555454e-03
3.981072e-02 3.292919e-01 1.453183e+03 9.704027e-01 1.511638e+04 1.202923e+00 -7.470849e-02 3.924705e-01 2.950322e-05 3.911936e-03
4.073803e-02 3.186828e-01 1.419698e+03 8.861604e-01 1.368459e+04 1.088985e+00 -1.062381e-01 2.968328e-01 2.866704e-05 3.944416e-03
4.168694e-02 3.082309e-01 1.387779e+03 9.154296e-01 1.257765e+04 1.000898e+00 -7.875347e-02 3.465480e-01 3.152817e-05 3.870886e-03
4.265795e-02 2.965861e-01 1.356031e+03 8.473755e-01 1.137153e+04 9.049177e-01 -2.898508e-02 1.105818e-01 3.110902e-05 3.668754e-03
4.365158e-02 2.884430e-01 1.325121e+03 9.288062e-01 1.246871e+04 9.922287e-01 1.561587e-02 2.091128e-01 3.231617e-05 4.179565e-03
4.466836e-02 2.785157e-01 1.294685e+03 8.828861e-01 1.122417e+04 8.931913e-01 3.890401e-02 3.092964e-01 2.984712e-05 4.131687e-03
4.570882e-02 2.693520e-01 1.265477e+03 9.278291e-01 1.172652e+04 9.331665e-01 -2.429593e-02 3.556266e-01 3.178430e-05 4.561221e-03
4.677351e-02 2.593876e-01 1.236679e+03 9.767958e-01 1.151818e+04 9.165873e-01 8.762513e-03 1.899086e-01 3.206340e-05 4.877067e-03
4.786301e-02 2.513522e-01 1.208729e+03 9.086589e-01 1.049340e+04 8.350382e-01 -1.590615e-02 2.127230e-01 3.474311e-05 4.645947e-03
4.897788e-02 2.414917e-01 1.180667e+03 8.954674e-01 1.095441e+04 8.717246e-01 4.510790e-02 3.520479e-01 3.276854e-05 5.169821e-03
5.011872e-02 2.329487e-01 1.153895e+03 1.021148e+00 1.106557e+04 8.805704e-01 8.873210e-02 3.927452e-01 3.315709e-05 5.797528e-03
5.128614e-02 2.262977e-01 1.128072e+03 1.032076e+00 1.176739e+04 9.364195e-01 -4.404118e-02 2.028147e-01 3.358849e-05 6.342859e-03
5.248075e-02 2.186980e-01 1.102181e+03 9.860046e-01 1.092501e+04 8.693846e-01 7.016046e-03 1.181631e-01 3.655289e-05 6.393338e-03
5.370318e-02 2.121668e-01 1.077749e+03 9.663376e-01 1.037054e+04 8.252614e-01 2.971601e-01 1.145433e-01 3.737760e-05 6.573749e-03
5.495409e-02 2.035510e-01 1.052795e+03 1.041975e+00 1.038811e+04 8.266595e-01 1.358455e-01 3.030890e-01 3.647977e-05 7.263356e-03
5.623413e-02 1.977108e-01 1.029256e+03 9.334077e-01 9.874588e+03 7.857947e-01 9.368311e-02 3.485357e-01 4.045442e-05 6.918053e-03
5.754399e-02 1.907775e-01 1.005792e+03 9.898060e-01 1.032800e+04 8.218761e-01 2.202654e-01 2.467705e-01 3.530614e-05 7.870524e-03
5.888437e-02 1.841784e-01 9.827815e+02 9.468599e-01 8.806377e+03 7.007892e-01 1.872925e-01 5.482104e-01 3.704307e-05 7.391786e-03
6.025596e-02 1.775992e-01 9.602478e+02 9.806443e-01 8.886530e+03 7.071676e-01 5.559518e-02 3.080331e-01 3.901448e-05 7.995783e-03
6.165950e-02 1.722146e-01 9.389091e+02 9.369001e-01 8.267916e+03 6.579398e-01 5.399358e-02 7.807582e-02 4.050911e-05 7.777840e-03
6.309573e-02 1.653414e-01 9.175284e+02 9.666079e-01 8.687986e+03 6.913679e-01 -9.985374e-03 2.087202e-01 3.749047e-05 8.791662e-03
6.456542e-02 1.593098e-01 8.965429e+02 1.082711e+00 9.370482e+03 7.456793e-01 -2.036936e-02 1.275968e-01 4.204731e-05 1.041420e-02
6.606934e-02 1.526743e-01 8.759894e+02 9.763055e-01 8.033657e+03 6.392981e-01 7.833088e-03 1.700847e-01 3.766036e-05 9.940553e-03
6.760830e-02 1.476439e-01 8.563718e+02 1.084448e+00 8.705850e+03 6.927895e-01 -4.416059e-02 1.401650e-01 4.082106e-05 1.125845e-02
6.918310e-02 1.436422e-01 8.368919e+02 1.102734e+00 8.974185e+03 7.141429e-01 5.049542e-02 3.094957e-01 3.891124e-05 1.210827e-02
7.079458e-02 1.379172e-01 8.176478e+02 1.033112e+00 7.822509e+03 6.224955e-01 -4.573579e-02 1.756222e-01 4.059988e-05 1.159780e-02
7.244360e-02 1.323590e-01 7.990613e+02 1.017965e+00 7.585567e+03 6.036402e-01 -1.088902e-01 3.880170e-02 3.993358e-05 1.168590e-02
7.413102e-02 1.278479e-01 7.808421e+02 9.999887e-01 6.745723e+03 5.368076e-01 -7.553494e-03 2.155040e-01 4.131642e-05 1.141042e-02
7.585776e-02 1.244965e-01 7.631684e+02 9.420473e-01 5.767012e+03 4.589242e-01 -6.834022e-02 2.278744e-01 4.153865e-05 1.047170e-02
7.762471e-02 1.198570e-01 7.458388e+02 1.025805e+00 6.683117e+03 5.318255e-01 -1.082728e-01 2.230546e-01 4.081658e-05 1.303492e-02
7.943282e-02 1.141122e-01 7.288720e+02 9.896468e-01 6.138405e+03 4.884787e-01 -1.540931e-01 7.606568e-02 4.732811e-05 1.326184e-02
8.128305e-02 1.105498e-01 7.124315e+02 1.056400e+00 6.247507e+03 4.971608e-01 -7.534478e-02 2.504654e-01 4.688354e-05 1.473703e-02
8.317638e-02 1.065331e-01 6.960167e+02 1.017336e+00 6.188796e+03 4.924887e-01 -1.972479e-02 4.191007e-01 4.836685e-05 1.519093e-02
8.511380e-02 1.025194e-01 6.800364e+02 1.004668e+00 5.766865e+03 4.589125e-01 -4.053331e-02 1.412007e-01 4.680153e-05 1.481058e-02
8.709636e-02 9.945174e-02 6.648470e+02 9.990476e-01 5.219374e+03 4.153446e-01 -5.471227e-02 1.257276e-01 4.866280e-05 1.496571e-02
8.912509e-02 9.571645e-02 6.499721e+02 9.222392e-01 4.872251e+03 3.877214e-01 5.471415e-02 1.195241e-01 4.803260e-05 1.523451e-02
9.120108e-02 9.244479e-02 6.346447e+02 9.556487e-01 4.879041e+03 3.882618e-01 -7.218545e-02 1.746675e-01 5.186024e-05 1.633482e-02
9.332543e-02 8.902683e-02 6.205017e+02 9.606642e-01 4.204317e+03 3.345689e-01 5.991475e-02 2.804111e-01 4.661937e-05 1.524172e-02
9.549926e-02 8.656684e-02 6.065563e+02 9.371675e-01 4.315590e+03 3.434238e-01 -4.030112e-02 2.775452e-01 4.957294e-05 1.633828e-02
9.772372e-02 8.376485e-02 5.925960e+02 9.041941e-01 3.799073e+03 3.023206e-01 -6.705991e-02 -7.637034e-03 4.937841e-05 1.511437e-02
1.000000e-01 7.994017e-02 5.792379e+02 9.858368e-01 3.906323e+03 3.108553e-01 -8.411914e-02 1.550291e-01 5.274877e-05 1.736084e-02
1.023293e-01 7.771894e-02 5.662299e+02 1.022001e+00 4.351107e+03 3.462501e-01 -1.319632e-01 8.870422e-02 6.233502e-05 2.075879e-02
1.047129e-01 7.441736e-02 5.533935e+02 9.563010e-01 3.969246e+03 3.158625e-01 -6.388965e-02 6.484632e-02 5.419387e-05 1.952215e-02
1.071519e-01 7.180375e-02 5.406914e+02 9.654654e-01 3.882875e+03 3.089894e-01 -6.041330e-02 1.228070e-01 5.357402e-05 2.043705e-02
1.096478e-01 6.918625e-02 5.282904e+02 9.760313e-01 3.693763e+03 2.939403e-01 -6.676651e-02 1.597496e-01 5.677007e-05 2.246667e-02
1.122018e-01 6.572115e-02 5.164838e+02 9.694140e-01 3.564203e+03 2.836302e-01 -9.370559e-02 2.322768e-02 5.479021e-05 2.296754e-02
1.148154e-01 6.360269e-02 5.047370e+02 9.552711e-01 3.543903e+03 2.820148e-01 -1.260920e-01 1.128507e-01 5.303816e-05 2.462963e-02
1.174898e-01 6.126131e-02 4.932436e+02 1.009861e+00 3.709546e+03 2.951963e-01 -1.475259e-01 1.058769e-01 5.632429e-05 2.798567e-02
1.202264e-01 5.900663e-02 4.818355e+02 9.109526e-01 3.551797e+03 2.826430e-01 -1.283319e-01 7.787667e-02 6.282697e-05 2.787631e-02
1.230269e-01 5.662240e-02 4.710477e+02 1.010391e+00 3.724238e+03 2.963654e-01 3.052766e-02 4.264245e-02 6.637346e-05 3.439996e-02
1.258925e-01 5.411042e-02 4.601283e+02 1.005565e+00 3.421031e+03 2.722370e-01 1.559000e-01 -5.412152e-02 6.117931e-05 3.233870e-02
1.288250e-01 5.267363e-02 4.497132e+02 9.594030e-01 3.320959e+03 2.642735e-01 -2.620049e-02 1.033726e-02 6.315493e-05 3.279078e-02
1.318257e-01 5.065271e-02 4.392711e+02 1.038240e+00 3.417174e+03 2.719301e-01 5.138922e-02 9.360379e-02 6.936522e-05 3.696283e-02
1.348963e-01 4.892683e-02 4.293021e+02 1.078441e+00 3.203665e+03 2.549395e-01 -1.806685e-02 1.702604e-01 6.839828e-05 3.946488e-02
1.380384e-01 4.772852e-02 4.194995e+02 9.664958e-01 2.803023e+03 2.230575e-01 -9.999909e-02 1.572464e-01 7.061240e-05 3.537029e-02
1.412538e-01 4.506743e-02 4.099398e+02 9.716230e-01 3.254259e+03 2.589657e-01 -4.349915e-02 1.410161e-01 6.887544e-05 4.436358e-02
1.445440e-01 4.374376e-02 4.007443e+02 9.700085e-01 2.659910e+03 2.116689e-01 -1.300655e-01 2.838668e-03 7.600472e-05 3.971410e-02
1.479108e-01 4.217143e-02 3.916239e+02 9.752613e-01 2.721354e+03 2.165585e-01 1.257090e-01 1.143452e-01 7.922116e-05 4.229436e-02
1.513561e-01 4.050124e-02 3.827001e+02 1.019565e+00 2.672307e+03 2.126554e-01 2.556235e-02 4.018384e-01 8.226164e-05 4.563864e-02
1.548817e-01 3.893533e-02 3.741651e+02 9.800906e-01 2.428492e+03 1.932533e-01 -2.057150e-02 -6.434947e-03 8.284012e-05 4.467886e-02
1.584893e-01 3.794259e-02 3.656053e+02 1.032855e+00 2.410075e+03 1.917877e-01 -6.763085e-02 6.371240e-02 8.050820e-05 4.826595e-02
1.621810e-01 3.611285e-02 3.570676e+02 1.032747e+00 2.531057e+03 2.014151e-01 1.317294e-03 1.857874e-02 8.049617e-05 5.198129e-02
1.659587e-01 3.526479e-02 3.491323e+02 1.031371e+00 2.432224e+03 1.935502e-01 4.497767e-02 4.312578e-02 8.412642e-05 5.487548e-02
1.698244e-01 3.440570e-02 3.412252e+02 1.043245e+00 2.271992e+03 1.807993e-01 -7.100376e-02 -4.991660e-02 9.199335e-05 5.493993e-02
1.737801e-01 3.304854e-02 3.335455e+02 9.775291e-01 2.035027e+03 1.619423e-01 -5.692288e-02 3.436184e-02 9.672280e-05 5.196203e-02
1.778279e-01 3.258623e-02 3.257324e+02 1.054219e+00 2.280018e+03 1.814381e-01 -5.054875e-02 1.686031e-01 8.916680e-05 5.999069e-02
1.819701e-01 3.075149e-02 3.184871e+02 1.059260e+00 2.089300e+03 1.662612e-01 8.888058e-02 -6.507871e-02 9.614197e-05 6.330519e-02
1.862087e-01 2.909427e-02 3.112367e+02 1.009602e+00 1.913111e+03 1.522405e-01 4.116342e-02 4.310795e-02 9.760579e-05 6.209325e-02
1.905461e-01 2.817908e-02 3.041490e+02 1.018912e+00 1.865170e+03 1.484255e-01 -8.064722e-02 -8.468131e-03 9.576909e-05 6.534332e-02
1.949845e-01 2.725697e-02 2.972503e+02 1.018917e+00 1.840055e+03 1.464269e-01 -7.056916e-02 8.540949e-02 1.019316e-04 6.757937e-02
1.995262e-01 2.583990e-02 2.903297e+02 9.576464e-01 1.690876e+03 1.345557e-01 -6.343580e-02 -2.249849e-02 1.030050e-04 7.113362e-02
2.041738e-01 2.471502e-02 2.836467e+02 9.650444e-01 1.634253e+03 1.300497e-01 8.268058e-03 8.398391e-02 1.085642e-04 7.721570e-02
2.089296e-01 2.359731e-02 2.772319e+02 1.022927e+00 1.785412e+03 1.420785e-01 1.690671e-01 1.235985e-01 1.035934e-04 9.276546e-02
2.137962e-01 2.334147e-02 2.711070e+02 9.905812e-01 1.704370e+03 1.356295e-01 1.491865e-01 9.464584e-02 1.048187e-04 8.760110e-02
2.187762e-01 2.272013e-02 2.646109e+02 1.011117e+00 1.603676e+03 1.276165e-01 1.114818e-01 7.368137e-02 1.104489e-04 8.717472e-02
2.238721e-01 2.144023e-02 2.585847e+02 9.514063e-01 1.466324e+03 1.166863e-01 1.613222e-01 -2.248870e-02 1.130633e-04 9.321819e-02
2.290868e-01 2.042889e-02 2.527962e+02 9.555653e-01 1.398467e+03 1.112865e-01 1.196077e-01 1.265548e-01 1.100746e-04 9.304093e-02
2.344229e-01 2.009449e-02 2.470408e+02 1.016018e+00 1.559818e+03 1.241264e-01 4.655818e-02 2.890850e-02 1.173281e-04 1.060157e-01
2.398833e-01 1.951059e-02 2.413914e+02 8.802745e-01 1.333573e+03 1.061224e-01 1.953397e-01 4.629742e-02 1.163941e-04 9.882799e-02
2.454709e-01 1.909987e-02 2.359729e+02 9.399775e-01 1.475067e+03 1.173821e-01 2.068746e-01 -3.026460e-02 1.082534e-04 1.143596e-01
2.511886e-01 1.826072e-02 2.305695e+02 9.540898e-01 1.393665e+03 1.109043e-01 6.661481e-02 4.567284e-02 1.294245e-04 1.182074e-01
2.570396e-01 1.725957e-02 2.251544e+02 9.729466e-01 1.274976e+03 1.014594e-01 -6.581806e-02 -4.913172e-03 1.285037e-04 1.218023e-01
2.630268e-01 1.686249e-02 2.200907e+02 1.038808e+00 1.389965e+03 1.106099e-01 -5.825629e-02 1.761057e-02 1.292028e-04 1.390524e-01
2.691535e-01 1.622961e-02 2.151488e+02 1.056396e+00 1.393077e+03 1.108575e-01 1.675890e-02 5.844936e-02 1.362325e-04 1.485180e-01
2.754229e-01 1.574696e-02 2.102136e+02 9.101507e-01 1.346088e+03 1.071183e-01 -2.523996e-02 7.412369e-02 1.410858e-04 1.469116e-01
2.818383e-01 1.507358e-02 2.055074e+02 9.353124e-01 1.282892e+03 1.020893e-01 -2.739388e-02 3.404866e-02 1.203587e-04 1.561977e-01
2.884032e-01 1.404532e-02 2.008384e+02 1.054622e+00 1.358375e+03 1.080961e-01 -1.496460e-02 3.445897e-03 1.438575e-04 1.966252e-01
2.951209e-01 1.386631e-02 1.961938e+02 9.787520e-01 1.139377e+03 9.066876e-02 2.558302e-02 -1.329786e-02 1.442184e-04 1.726753e-01
3.019952e-01 1.343078e-02 1.918238e+02 9.339584e-01 1.216308e+03 9.679067e-02 2.162178e-02 -2.590259e-02 1.381135e-04 1.838568e-01
3.090295e-01 1.284265e-02 1.873990e+02 9.623983e-01 1.062461e+03 8.454800e-02 3.396363e-02 7.218428e-02 1.382263e-04 1.794227e-01
3.162278e-01 1.223272e-02 1.831852e+02 9.981167e-01 1.142253e+03 9.089761e-02 7.359016e-02 1.882041e-01 1.575045e-04 2.164170e-01
3.235937e-01 1.206420e-02 1.789742e+02 9.307308e-01 9.728523e+02 7.741712e-02 -1.613862e-02 1.516590e-02 1.570593e-04 1.861531e-01
3.311311e-01 1.131303e-02 1.750145e+02 1.026370e+00 1.100523e+03 8.757683e-02 5.379310e-02 8.720778e-02 1.504707e-04 2.480255e-01
3.388442e-01 1.046550e-02 1.710157e+02 9.900236e-01 9.416225e+02 7.493194e-02 3.021373e-02 5.394771e-02 1.435489e-04 2.444959e-01
3.467369e-01 1.063977e-02 1.670996e+02 9.314869e-01 9.540272e+02 7.591907e-02 6.575891e-03 8.945327e-02 1.472769e-04 2.399224e-01
3.548134e-01 1.041140e-02 1.633246e+02 1.051537e+00 1.066186e+03 8.484435e-02 2.730088e-01 2.059331e-02 1.478994e-04 2.797408e-01
3.630781e-01 9.570791e-03 1.596766e+02 9.696109e-01 8.691655e+02 6.916599e-02 -6.253024e-02 3.405402e-02 1.559249e-04 2.653970e-01
3.715352e-01 9.650479e-03 1.559639e+02 9.954966e-01 9.349471e+02 7.440072e-02 -4.245190e-04 4.956576e-02 1.593470e-04 2.790678e-01
3.801894e-01 9.235705e-03 1.524513e+02 9.909194e-01 9.620821e+02 7.656006e-02 4.842820e-02 2.793949e-02 1.607598e-04 3.033116e-01
3.890451e-01 9.193516e-03 1.489012e+02 1.020323e+00 8.829066e+02 7.025947e-02 8.174717e-02 1.174558e-01 1.609364e-04 2.888375e-01
3.981072e-01 8.921098e-03 1.454743e+02 9.102931e-01 7.775989e+02 6.187935e-02 5.866941e-02 6.262507e-02 1.625907e-04 2.794352e-01
4.073803e-01 8.910171e-03 1.421056e+02 9.215507e-01 7.649720e+02 6.087454e-02 -1.987295e-03 2.929632e-02 1.656175e-04 2.587350e-01
4.168694e-01 8.615140e-03 1.389452e+02 1.083815e+00 9.335127e+02 7.428658e-02 1.763379e-01 -1.649283e-02 1.803176e-04 3.564030e-01
4.265795e-01 8.307953e-03 1.357856e+02 1.027124e+00 8.687615e+02 6.913384e-02 2.000154e-01 1.362525e-01 1.936651e-04 3.585877e-01
4.365158e-01 7.798268e-03 1.326987e+02 1.033080e+00 9.704543e+02 7.722630e-02 6.587492e-02 7.406730e-02 1.831051e-04 4.388634e-01
4.466836e-01 7.230210e-03 1.296062e+02 1.043683e+00 9.289930e+02 7.392691e-02 -7.369857e-02 6.020572e-02 2.118368e-04 4.947939e-01
4.570882e-01 7.508621e-03 1.267986e+02 1.059763e+00 8.989892e+02 7.153929e-02 1.209860e-02 1.921916e-02 1.984362e-04 4.398533e-01
4.677351e-01 6.498869e-03 1.239198e+02 9.950861e-01 8.410715e+02 6.693034e-02 1.203633e-01 1.361220e-01 2.219808e-04 5.505192e-01
4.786301e-01 6.394891e-03 1.211208e+02 9.468972e-01 7.901050e+02 6.287456e-02 -1.132128e-01 -4.658102e-02 2.203214e-04 5.327668e-01
4.897788e-01 6.210196e-03 1.183408e+02 1.006351e+00 7.245080e+02 5.765451e-02 1.922013e-02 7.545907e-02 2.349579e-04 5.428878e-01
5.011872e-01 6.574136e-03 1.155297e+02 1.013918e+00 7.602486e+02 6.049866e-02 -6.621259e-02 9.873152e-04 2.324946e-04 4.935287e-01
5.128614e-01 6.344547e-03 1.128540e+02 9.653060e-01 7.273512e+02 5.788077e-02 2.233697e-02 -4.104521e-02 2.442044e-04 5.111575e-01
5.248075e-01 6.388474e-03 1.104557e+02 1.024135e+00 7.331233e+02 5.834010e-02 -1.322263e-01 3.295840e-02 2.422113e-04 5.116352e-01
5.370318e-01 5.796708e-03 1.078951e+02 9.408859e-01 6.687652e+02 5.321864e-02 3.788237e-02 -7.635332e-03 2.202473e-04 5.490445e-01
5.495409e-01 5.464389e-03 1.054227e+02 9.021266e-01 5.852174e+02 4.657012e-02 -1.292868e-01 3.810592e-02 2.487958e-04 5.663740e-01
5.623413e-01 5.270008e-03 1.029374e+02 9.202240e-01 5.311056e+02 4.226404e-02 -6.952949e-02 -7.969378e-02 2.396182e-04 5.486020e-01
5.754399e-01 5.277587e-03 1.005656e+02 8.929564e-01 5.197392e+02 4.135953e-02 1.376640e-01 2.234372e-02 2.461945e-04 5.282824e-01
5.888437e-01 4.798206e-03 9.826361e+01 8.738639e-01 5.098032e+02 4.056885e-02 -3.576800e-02 -1.395003e-02 2.388294e-04 6.131862e-01
6.025596e-01 5.061984e-03 9.602529e+01 9.337080e-01 5.304837e+02 4.221455e-02 9.452790e-03 -1.052393e-02 2.551741e-04 5.874369e-01
6.165950e-01 4.477657e-03 9.377899e+01 8.780615e-01 5.694520e+02 4.531555e-02 8.507567e-02 3.567637e-02 2.534782e-04 7.927104e-01
6.309573e-01 4.669245e-03 9.170001e+01 8.778070e-01 4.948157e+02 3.937618e-02 1.202026e-01 -8.224171e-02 2.524174e-04 6.354716e-01
6.456542e-01 4.679416e-03 8.960174e+01 9.496163e-01 5.419650e+02 4.312820e-02 3.275396e-01 -4.160008e-02 2.552076e-04 6.750714e-01
6.606934e-01 4.978029e-03 8.752317e+01 9.833592e-01 5.630300e+02 4.480451e-02 9.272358e-02 5.613600e-02 2.705601e-04 6.420821e-01
6.760830e-01 3.990090e-03 8.565947e+01 8.517794e-01 4.517510e+02 3.594920e-02 2.402700e-01 3.333964e-02 2.536233e-04 8.016539e-01
6.918310e-01 4.088464e-03 8.370587e+01 9.420565e-01 5.050643e+02 4.019174e-02 2.121631e-01 1.279401e-01 2.271964e-04 8.344194e-01
7.079458e-01 4.043317e-03 8.173346e+01 9.996472e-01 5.639270e+02 4.487588e-02 1.249444e-01 -2.276838e-02 2.434756e-04 9.716172e-01
7.244360e-01 3.646100e-03 7.994997e+01 1.040912e+00 5.431336e+02 4.322120e-02 2.172268e-01 3.891115e-02 2.394028e-04 1.174069e+00
7.413102e-01 4.063560e-03 7.817018e+01 9.907404e-01 5.181772e+02 4.123523e-02 4.317615e-02 1.570394e-02 2.741671e-04 8.536193e-01
7.585776e-01 4.193557e-03 7.639976e+01 9.761328e-01 4.635192e+02 3.688569e-02 -4.270321e-02 -3.690747e-02 2.976841e-04 7.419670e-01
7.762471e-01 3.777088e-03 7.464791e+01 9.227777e-01 5.538107e+02 4.407086e-02 -1.369153e-02 2.454650e-02 3.292089e-04 1.098922e+00
7.943282e-01 3.726414e-03 7.304055e+01 1.075159e+00 5.288801e+02 4.208694e-02 6.822938e-02 5.577350e-02 3.241848e-04 1.074803e+00
8.128305e-01 3.364072e-03 7.130989e+01 9.267911e-01 4.416032e+02 3.514166e-02 4.807178e-02 -1.210780e-01 3.594298e-04 1.055563e+00
8.317638e-01 3.637770e-03 6.975255e+01 1.133618e+00 6.435516e+02 5.121221e-02 1.888552e-01 -2.837412e-02 3.526000e-04 1.391763e+00
8.511380e-01 3.237264e-03 6.821782e+01 9.566264e-01 4.715978e+02 3.752856e-02 7.516702e-05 -7.212243e-03 3.287045e-04 1.251856e+00
8.709636e-01 3.082950e-03 6.657942e+01 9.316589e-01 4.532160e+02 3.606578e-02 1.321597e-01 4.481123e-02 3.071308e-04 1.342782e+00
8.912509e-01 2.969555e-03 6.503092e+01 9.929323e-01 4.122053e+02 3.280225e-02 2.289437e-01 -2.604483e-03 3.191963e-04 1.292850e+00
9.120108e-01 2.785799e-03 6.350796e+01 8.336160e-01 3.430031e+02 2.729532e-02 3.520071e-01 -8.453993e-02 3.396732e-04 1.268127e+00
9.332543e-01 2.780704e-03 6.210201e+01 9.384153e-01 3.873274e+02 3.082254e-02 5.052043e-01 -5.835814e-02 3.268987e-04 1.412101e+00
9.549926e-01 2.872129e-03 6.066561e+01 9.936518e-01 4.032612e+02 3.209050e-02 3.021322e-01 -5.846627e-02 3.642707e-04 1.327534e+00
9.772372e-01 2.692330e-03 5.932078e+01 1.005265e+00 4.246048e+02 3.378898e-02 2.610612e-01 -1.812638e-02 3.468093e-04 1.696023e+00
