#./double_munderdamped_3d --dev=1 --amp=100.0 --omega=1 --mass=0.0 --force=0 --Dg=0.01 --block=256 --paths=1024 --periods=1000 --trans=100 --samples=10000 --spp=10000 --algorithm=euler --pav=1 --mode=moments --domain=1d --domainx=g:-3:0:300:1 --domainy=s:-1:2:100:1 --domainz=a:-1:2.5:100:1 --q=2 --eps=0 --phi=1.57079632679 --lambda=50.0 --zeta=0.02 --comp=0 --mean=1.0 --second=2.0 --skew=0.99 --distribution=s>> 1D_double_g:-3:0:300:1_2.0_50.0_0.99_1.0_100.0.dat
#g <<v>> <<v^2>> qnu(q) mu_q Dx Gx Gv EBx EBv
1.000000e-03 7.940081e+00 7.463381e+04 9.155738e-01 4.129554e+05 3.286194e+01 -6.003089e-02 2.632919e+01 1.366936e-05 1.911048e-04
1.023293e-03 7.913493e+00 7.217737e+04 1.000352e+00 4.707798e+05 3.746347e+01 -1.416669e-01 2.970729e+01 1.347002e-05 2.075384e-04
1.047129e-03 7.896743e+00 6.985323e+04 9.734408e-01 4.229676e+05 3.365869e+01 -9.864300e-02 1.948958e+01 1.402433e-05 1.855632e-04
1.071519e-03 7.869331e+00 6.762542e+04 9.625809e-01 4.324981e+05 3.441710e+01 -1.126828e-01 9.727475e+00 1.333509e-05 1.962677e-04
1.096478e-03 7.844801e+00 6.548588e+04 9.897210e-01 4.300509e+05 3.422236e+01 -1.067052e-01 3.394296e+01 1.298561e-05 1.987476e-04
1.122018e-03 7.818869e+00 6.341565e+04 1.014337e+00 4.485609e+05 3.569534e+01 2.951254e-02 3.899228e+01 1.350712e-05 1.999835e-04
1.148154e-03 7.796855e+00 6.143873e+04 1.000496e+00 4.334203e+05 3.449049e+01 -2.096791e-02 2.664232e+01 1.400170e-05 1.996109e-04
1.174898e-03 7.761332e+00 5.953355e+04 1.032804e+00 4.366305e+05 3.474595e+01 -5.172741e-03 1.010264e+01 1.435795e-05 2.058906e-04
1.202264e-03 7.744363e+00 5.771320e+04 9.895521e-01 4.106222e+05 3.267628e+01 -5.676629e-02 2.041666e+01 1.361724e-05 1.870138e-04
1.230269e-03 7.718744e+00 5.595889e+04 1.025168e+00 4.452210e+05 3.542956e+01 -4.567507e-02 1.545179e+01 1.376170e-05 2.087221e-04
1.258925e-03 7.686947e+00 5.427580e+04 1.053173e+00 4.540133e+05 3.612923e+01 -9.030759e-02 1.154563e+01 1.325523e-05 2.136786e-04
1.288250e-03 7.660669e+00 5.264732e+04 9.804584e-01 4.031572e+05 3.208223e+01 -3.446090e-02 2.142268e+01 1.234802e-05 1.926950e-04
1.318257e-03 7.645373e+00 5.108658e+04 1.016245e+00 4.437070e+05 3.530908e+01 -6.120061e-02 1.538379e+01 1.387401e-05 2.107736e-04
1.348963e-03 7.621303e+00 4.958093e+04 9.778208e-01 4.411467e+05 3.510534e+01 -2.229993e-02 1.293818e+01 1.349574e-05 2.047264e-04
1.380384e-03 7.589346e+00 4.811960e+04 1.047028e+00 4.642049e+05 3.694025e+01 -4.298158e-02 2.367305e+01 1.467589e-05 2.230571e-04
1.412538e-03 7.559564e+00 4.671831e+04 1.039948e+00 4.726937e+05 3.761577e+01 -1.834525e-02 2.144454e+01 1.418027e-05 2.207292e-04
1.445440e-03 7.540214e+00 4.536614e+04 1.060929e+00 4.737885e+05 3.770289e+01 -4.344150e-02 1.694141e+01 1.411089e-05 2.229859e-04
1.479108e-03 7.509518e+00 4.406323e+04 9.962380e-01 4.562501e+05 3.630723e+01 1.898551e-02 1.437223e+01 1.397221e-05 2.167447e-04
1.513561e-03 7.481139e+00 4.279954e+04 9.690364e-01 4.329257e+05 3.445113e+01 -3.262410e-02 9.713542e+00 1.296829e-05 2.075741e-04
1.548817e-03 7.448666e+00 4.159048e+04 1.019417e+00 4.419750e+05 3.517125e+01 2.161245e-02 1.608656e+01 1.436567e-05 2.207961e-04
1.584893e-03 7.420953e+00 4.040001e+04 9.816326e-01 4.388940e+05 3.492607e+01 -7.964591e-02 9.962903e+00 1.501373e-05 2.193418e-04
1.621810e-03 7.402931e+00 3.927805e+04 9.945611e-01 3.985822e+05 3.171816e+01 -1.303344e-02 8.232283e+00 1.398821e-05 2.061691e-04
1.659587e-03 7.368220e+00 3.816786e+04 1.044817e+00 4.614524e+05 3.672122e+01 4.133989e-02 1.309853e+01 1.421765e-05 2.393494e-04
1.698244e-03 7.344580e+00 3.710882e+04 1.020246e+00 4.320226e+05 3.437926e+01 -4.593359e-02 9.699890e+00 1.399840e-05 2.246380e-04
1.737801e-03 7.317869e+00 3.608499e+04 1.033097e+00 4.365332e+05 3.473821e+01 -5.952144e-02 2.016803e+01 1.473311e-05 2.272136e-04
1.778279e-03 7.284833e+00 3.508470e+04 1.026435e+00 4.148618e+05 3.301365e+01 8.357935e-02 1.089135e+01 1.355161e-05 2.170674e-04
1.819701e-03 7.258390e+00 3.413114e+04 9.437900e-01 3.972804e+05 3.161457e+01 1.215768e-01 1.647789e+01 1.359652e-05 2.136424e-04
1.862087e-03 7.226492e+00 3.320043e+04 1.039056e+00 4.256618e+05 3.387309e+01 2.796877e-02 1.339428e+01 1.417893e-05 2.291805e-04
1.905461e-03 7.201975e+00 3.230077e+04 1.064025e+00 4.341853e+05 3.455137e+01 -1.115547e-02 6.371134e+00 1.454665e-05 2.377269e-04
1.949845e-03 7.170268e+00 3.142457e+04 1.031668e+00 4.233599e+05 3.368991e+01 -3.869455e-03 8.510977e+00 1.373270e-05 2.330371e-04
1.995262e-03 7.140869e+00 3.057950e+04 1.044783e+00 4.040334e+05 3.215196e+01 -3.075254e-02 1.561142e+01 1.324447e-05 2.276163e-04
2.041738e-03 7.105256e+00 2.975741e+04 9.635076e-01 3.653156e+05 2.907089e+01 1.648900e-02 1.991704e+01 1.341518e-05 2.044319e-04
2.089296e-03 7.077202e+00 2.896404e+04 9.783957e-01 3.810199e+05 3.032060e+01 6.547486e-02 7.418677e+00 1.439699e-05 2.161809e-04
2.137962e-03 7.047724e+00 2.819265e+04 9.582221e-01 3.758595e+05 2.990995e+01 3.010465e-02 1.194195e+01 1.450133e-05 2.133455e-04
2.187762e-03 7.017014e+00 2.745040e+04 1.012199e+00 4.049564e+05 3.222540e+01 1.017792e-02 1.307688e+01 1.450609e-05 2.250106e-04
2.238721e-03 6.980072e+00 2.672046e+04 9.924809e-01 4.085999e+05 3.251535e+01 -1.979941e-02 1.341048e+01 1.376353e-05 2.327373e-04
2.290868e-03 6.954113e+00 2.602078e+04 9.601606e-01 3.761287e+05 2.993137e+01 -3.055780e-02 8.992268e+00 1.397019e-05 2.189848e-04
2.344229e-03 6.919834e+00 2.533976e+04 9.340018e-01 3.813717e+05 3.034860e+01 4.809198e-02 8.039412e+00 1.368529e-05 2.174179e-04
2.398833e-03 6.884836e+00 2.467912e+04 9.347309e-01 3.666326e+05 2.917569e+01 1.711602e-03 6.551836e+00 1.443185e-05 2.205648e-04
2.454709e-03 6.841575e+00 2.403552e+04 1.004053e+00 4.029171e+05 3.206312e+01 9.383747e-02 5.062850e+00 1.504251e-05 2.336217e-04
2.511886e-03 6.816601e+00 2.341526e+04 9.589127e-01 4.042524e+05 3.216939e+01 1.120798e-01 1.672250e+01 1.491476e-05 2.373393e-04
2.570396e-03 6.782348e+00 2.280899e+04 1.043216e+00 3.946024e+05 3.140146e+01 -3.407788e-02 8.095526e+00 1.418568e-05 2.401447e-04
2.630268e-03 6.735218e+00 2.221253e+04 9.489814e-01 3.805595e+05 3.028396e+01 -6.293254e-03 1.200735e+01 1.466795e-05 2.336210e-04
2.691535e-03 6.709798e+00 2.164576e+04 9.835997e-01 3.762210e+05 2.993871e+01 -1.765842e-02 8.914381e+00 1.393714e-05 2.319181e-04
2.754229e-03 6.674461e+00 2.109602e+04 1.012426e+00 4.030620e+05 3.207465e+01 -1.401732e-02 1.521147e+01 1.507534e-05 2.467066e-04
2.818383e-03 6.640279e+00 2.055529e+04 9.649577e-01 3.741128e+05 2.977095e+01 3.098252e-02 4.221322e+00 1.377503e-05 2.381400e-04
2.884032e-03 6.604092e+00 2.003156e+04 1.048513e+00 3.907079e+05 3.109155e+01 3.277381e-02 6.905855e+00 1.483056e-05 2.500180e-04
2.951209e-03 6.570628e+00 1.952620e+04 9.948694e-01 3.790476e+05 3.016365e+01 -2.385305e-02 5.829748e+00 1.466476e-05 2.367484e-04
3.019952e-03 6.532707e+00 1.903347e+04 9.954593e-01 3.724766e+05 2.964074e+01 -1.169265e-01 3.750446e+00 1.463935e-05 2.370903e-04
3.090295e-03 6.495296e+00 1.854679e+04 1.026266e+00 3.805834e+05 3.028587e+01 6.065962e-04 7.907161e+00 1.451253e-05 2.593171e-04
3.162278e-03 6.455689e+00 1.808031e+04 9.673864e-01 3.215909e+05 2.559139e+01 -7.562052e-03 6.515077e+00 1.469575e-05 2.175637e-04
3.235937e-03 6.421720e+00 1.762851e+04 9.725446e-01 3.382813e+05 2.691957e+01 -5.201615e-02 5.342763e+00 1.446838e-05 2.195145e-04
3.311311e-03 6.380891e+00 1.718562e+04 9.651727e-01 3.367696e+05 2.679927e+01 2.289464e-02 3.461617e+00 1.477259e-05 2.340035e-04
3.388442e-03 6.339786e+00 1.676110e+04 9.716721e-01 3.183444e+05 2.533304e+01 -3.764044e-02 7.818835e+00 1.439654e-05 2.221814e-04
3.467369e-03 6.298249e+00 1.633356e+04 9.515613e-01 3.162756e+05 2.516841e+01 -9.614853e-02 1.052999e+01 1.354071e-05 2.214139e-04
3.548134e-03 6.265322e+00 1.593299e+04 9.955436e-01 3.557082e+05 2.830636e+01 3.357713e-02 1.068981e+01 1.634895e-05 2.585379e-04
3.630781e-03 6.218501e+00 1.553727e+04 9.926228e-01 3.489217e+05 2.776631e+01 1.175398e-01 8.943450e+00 1.411765e-05 2.494904e-04
3.715352e-03 6.181254e+00 1.514986e+04 1.022324e+00 3.548110e+05 2.823496e+01 -4.852605e-03 6.949994e+00 1.557261e-05 2.592009e-04
3.801894e-03 6.138847e+00 1.477684e+04 9.167910e-01 3.065432e+05 2.439393e+01 1.143162e-01 5.732343e+00 1.439928e-05 2.256502e-04
3.890451e-03 6.104438e+00 1.441300e+04 9.979101e-01 3.416366e+05 2.718658e+01 1.129405e-01 6.047462e+00 1.517604e-05 2.569612e-04
3.981072e-03 6.059178e+00 1.405933e+04 9.482098e-01 3.302095e+05 2.627724e+01 1.044378e-01 5.207679e+00 1.585692e-05 2.449107e-04
4.073803e-03 6.019843e+00 1.371229e+04 1.010609e+00 3.608158e+05 2.871281e+01 8.940387e-03 5.109296e+00 1.645389e-05 2.685018e-04
4.168694e-03 5.984132e+00 1.337677e+04 9.724618e-01 3.420720e+05 2.722123e+01 1.036026e-01 7.051685e+00 1.469427e-05 2.626721e-04
4.265795e-03 5.935818e+00 1.304635e+04 9.687882e-01 3.191784e+05 2.539941e+01 1.281180e-01 3.155226e+00 1.464636e-05 2.442276e-04
4.365158e-03 5.890682e+00 1.272786e+04 9.463526e-01 3.026867e+05 2.408704e+01 -2.834471e-05 7.680419e+00 1.487916e-05 2.486337e-04
4.466836e-03 5.850110e+00 1.241764e+04 9.683310e-01 3.167260e+05 2.520425e+01 1.149033e-01 3.407795e+00 1.497737e-05 2.581861e-04
4.570882e-03 5.808958e+00 1.211411e+04 9.168027e-01 3.005795e+05 2.391936e+01 1.079472e-02 4.763868e+00 1.449000e-05 2.486934e-04
4.677351e-03 5.762574e+00 1.182009e+04 1.018755e+00 3.357253e+05 2.671617e+01 2.710233e-02 3.673050e+00 1.732573e-05 2.886907e-04
4.786301e-03 5.724562e+00 1.153450e+04 9.895840e-01 2.999076e+05 2.386588e+01 2.463436e-02 5.122808e+00 1.584091e-05 2.586749e-04
4.897788e-03 5.673794e+00 1.125089e+04 9.398740e-01 2.990530e+05 2.379788e+01 1.255732e-01 3.172505e+00 1.476257e-05 2.635961e-04
5.011872e-03 5.632816e+00 1.098192e+04 9.388422e-01 2.951637e+05 2.348838e+01 -9.676547e-03 3.823484e+00 1.507679e-05 2.580567e-04
5.128614e-03 5.590132e+00 1.071671e+04 9.369804e-01 2.786060e+05 2.217076e+01 -7.932817e-02 4.579008e+00 1.580803e-05 2.442195e-04
5.248075e-03 5.540206e+00 1.045886e+04 9.687234e-01 2.937675e+05 2.337727e+01 -1.139084e-02 9.373568e+00 1.599501e-05 2.625884e-04
5.370318e-03 5.507146e+00 1.020823e+04 9.432443e-01 2.824630e+05 2.247769e+01 -6.989804e-02 3.650651e+00 1.523763e-05 2.556957e-04
5.495409e-03 5.462493e+00 9.961275e+03 9.762357e-01 2.954448e+05 2.351075e+01 3.928295e-02 3.966520e+00 1.584579e-05 2.732451e-04
5.623413e-03 5.414157e+00 9.722111e+03 9.262538e-01 2.738913e+05 2.179558e+01 -9.901233e-02 2.736231e+00 1.492507e-05 2.567819e-04
5.754399e-03 5.365487e+00 9.488398e+03 9.783685e-01 2.904996e+05 2.311723e+01 -1.495662e-01 2.414188e+00 1.720089e-05 2.789660e-04
5.888437e-03 5.321016e+00 9.261534e+03 9.975167e-01 2.975979e+05 2.368209e+01 6.801009e-02 3.040871e+00 1.548934e-05 2.921391e-04
6.025596e-03 5.280222e+00 9.041350e+03 9.287132e-01 2.759156e+05 2.195666e+01 -8.303240e-02 2.707647e+00 1.588655e-05 2.680377e-04
6.165950e-03 5.230673e+00 8.823281e+03 9.406854e-01 2.837270e+05 2.257828e+01 -1.055295e-01 1.929531e+00 1.589720e-05 2.763825e-04
6.309573e-03 5.190445e+00 8.616062e+03 1.034953e+00 2.785908e+05 2.216955e+01 1.035412e-01 2.972467e+00 1.628515e-05 2.916621e-04
6.456542e-03 5.135783e+00 8.407139e+03 9.432846e-01 2.668784e+05 2.123751e+01 -7.447253e-02 2.564217e+00 1.569551e-05 2.837824e-04
6.606934e-03 5.092875e+00 8.208025e+03 9.951872e-01 2.885627e+05 2.296309e+01 -5.751100e-03 3.967737e+00 1.662336e-05 3.076795e-04
6.760830e-03 5.048319e+00 8.014389e+03 9.943695e-01 3.035875e+05 2.415873e+01 -8.997484e-02 3.263372e+00 1.609375e-05 3.368276e-04
6.918310e-03 5.001563e+00 7.822662e+03 9.534507e-01 2.735009e+05 2.176451e+01 -4.155405e-02 3.484817e+00 1.752123e-05 3.037506e-04
7.079458e-03 4.958150e+00 7.637990e+03 9.890143e-01 2.845982e+05 2.264760e+01 -7.028654e-02 2.163157e+00 1.773493e-05 3.265403e-04
7.244360e-03 4.906764e+00 7.455402e+03 9.447869e-01 2.721797e+05 2.165937e+01 -9.877699e-02 2.707367e+00 1.755240e-05 3.124672e-04
7.413102e-03 4.863948e+00 7.278579e+03 1.009991e+00 2.695830e+05 2.145273e+01 -1.598994e-02 2.991276e+00 1.733942e-05 3.223947e-04
7.585776e-03 4.814540e+00 7.107048e+03 9.694341e-01 2.796032e+05 2.225011e+01 4.316795e-02 2.363079e+00 1.673304e-05 3.337913e-04
7.762471e-03 4.771954e+00 6.938422e+03 1.040549e+00 2.955297e+05 2.351751e+01 9.537483e-03 3.319849e+00 1.737206e-05 3.642416e-04
7.943282e-03 4.726239e+00 6.775893e+03 1.000029e+00 2.719546e+05 2.164146e+01 -1.269777e-01 3.820307e+00 1.622830e-05 3.467154e-04
8.128305e-03 4.676396e+00 6.614757e+03 1.009798e+00 2.696890e+05 2.146117e+01 -1.948283e-02 3.621718e+00 1.764279e-05 3.530965e-04
8.317638e-03 4.628513e+00 6.458920e+03 9.594782e-01 2.626179e+05 2.089847e+01 1.775641e-02 1.702969e+00 1.761914e-05 3.508858e-04
8.511380e-03 4.583760e+00 6.308869e+03 9.829697e-01 2.660674e+05 2.117297e+01 -1.609239e-02 1.799959e+00 1.781572e-05 3.567847e-04
8.709636e-03 4.536460e+00 6.159629e+03 1.002175e+00 2.656005e+05 2.113582e+01 3.171138e-03 1.620903e+00 1.720892e-05 3.733011e-04
8.912509e-03 4.494830e+00 6.015370e+03 9.674695e-01 2.595431e+05 2.065378e+01 -7.093893e-02 3.688708e+00 1.718973e-05 3.458703e-04
9.120108e-03 4.442342e+00 5.872592e+03 9.800697e-01 2.542272e+05 2.023075e+01 -5.732359e-02 3.838708e+00 1.831567e-05 3.737886e-04
9.332543e-03 4.395640e+00 5.736612e+03 1.007222e+00 2.569828e+05 2.045004e+01 2.965451e-02 2.774058e+00 1.782947e-05 3.707386e-04
9.549926e-03 4.353020e+00 5.602905e+03 9.801579e-01 2.526505e+05 2.010529e+01 6.452715e-02 1.666385e+00 1.694065e-05 3.797681e-04
9.772372e-03 4.305178e+00 5.472083e+03 1.044517e+00 2.739914e+05 2.180354e+01 -3.408976e-02 1.009484e+00 1.868220e-05 4.074484e-04
1.000000e-02 4.259687e+00 5.343246e+03 1.022293e+00 2.597349e+05 2.066904e+01 -1.630982e-02 2.091530e+00 1.846593e-05 4.061943e-04
1.023293e-02 4.208889e+00 5.218155e+03 1.011598e+00 2.465200e+05 1.961744e+01 1.133624e-02 2.531997e+00 1.921027e-05 3.918250e-04
1.047129e-02 4.157667e+00 5.095548e+03 9.316225e-01 2.252337e+05 1.792353e+01 2.320084e-02 2.714619e+00 1.890390e-05 3.714452e-04
1.071519e-02 4.117145e+00 4.976743e+03 9.781388e-01 2.469086e+05 1.964836e+01 3.516339e-02 3.048468e+00 1.823387e-05 3.866107e-04
1.096478e-02 4.072024e+00 4.861411e+03 9.493596e-01 2.284132e+05 1.817654e+01 5.173960e-02 2.108207e+00 1.831936e-05 3.856649e-04
1.122018e-02 4.023024e+00 4.748060e+03 1.009666e+00 2.427126e+05 1.931445e+01 -1.875350e-02 1.360707e+00 1.900531e-05 4.434696e-04
1.148154e-02 3.975556e+00 4.636997e+03 1.009885e+00 2.271892e+05 1.807914e+01 7.501050e-02 1.925304e+00 1.946893e-05 4.073513e-04
1.174898e-02 3.934365e+00 4.529832e+03 1.034538e+00 2.435143e+05 1.937825e+01 2.272055e-02 2.416075e+00 2.036907e-05 4.563242e-04
1.202264e-02 3.887547e+00 4.423069e+03 1.045640e+00 2.457988e+05 1.956005e+01 1.460344e-01 1.893040e+00 1.892171e-05 4.538289e-04
1.230269e-02 3.837880e+00 4.319811e+03 9.581278e-01 2.252650e+05 1.792602e+01 3.820932e-02 2.637548e+00 2.008270e-05 4.332166e-04
1.258925e-02 3.794894e+00 4.220450e+03 9.828298e-01 2.281089e+05 1.815233e+01 -2.891750e-02 1.509982e+00 1.994488e-05 4.329004e-04
1.288250e-02 3.749144e+00 4.122436e+03 9.584833e-01 2.104442e+05 1.674662e+01 -8.535477e-02 2.004480e+00 2.029265e-05 4.199109e-04
1.318257e-02 3.703969e+00 4.025574e+03 9.939909e-01 2.131144e+05 1.695911e+01 -2.936745e-02 1.520517e+00 2.067707e-05 4.326093e-04
1.348963e-02 3.655662e+00 3.931898e+03 1.018399e+00 2.266803e+05 1.803864e+01 -1.363616e-01 2.368817e+00 2.004602e-05 4.752348e-04
1.380384e-02 3.617283e+00 3.842338e+03 1.038308e+00 2.189004e+05 1.741954e+01 -1.029278e-02 1.874028e+00 2.044097e-05 4.834185e-04
1.412538e-02 3.574026e+00 3.753767e+03 1.013882e+00 2.198592e+05 1.749584e+01 -1.376731e-02 1.312350e+00 1.976773e-05 4.636616e-04
1.445440e-02 3.523027e+00 3.665228e+03 9.377619e-01 2.032469e+05 1.617387e+01 -2.654881e-02 2.442481e+00 2.022376e-05 4.538313e-04
1.479108e-02 3.479401e+00 3.580325e+03 9.747283e-01 1.916385e+05 1.525010e+01 1.039993e-02 1.499193e+00 2.063810e-05 4.383097e-04
1.513561e-02 3.434789e+00 3.498737e+03 9.778123e-01 1.990846e+05 1.584265e+01 8.945735e-02 1.298068e+00 1.979789e-05 4.868990e-04
1.548817e-02 3.394349e+00 3.417671e+03 1.043959e+00 2.058202e+05 1.637865e+01 -8.656550e-02 3.316629e+00 2.158171e-05 4.915271e-04
1.584893e-02 3.349593e+00 3.338786e+03 1.017033e+00 1.985746e+05 1.580207e+01 1.310557e-02 1.220496e+00 2.146277e-05 4.877311e-04
1.621810e-02 3.306480e+00 3.260401e+03 9.004553e-01 1.910921e+05 1.520663e+01 -1.704656e-02 1.475957e+00 2.135520e-05 4.948256e-04
1.659587e-02 3.259696e+00 3.185329e+03 9.266273e-01 1.758802e+05 1.399610e+01 -8.735266e-03 2.304075e+00 1.993789e-05 4.622897e-04
1.698244e-02 3.220044e+00 3.112137e+03 9.031143e-01 1.749156e+05 1.391934e+01 -6.651206e-02 7.409123e-01 2.041649e-05 4.763955e-04
1.737801e-02 3.171526e+00 3.039279e+03 1.008200e+00 1.797562e+05 1.430455e+01 7.445306e-03 6.341080e-01 2.197745e-05 5.044009e-04
1.778279e-02 3.130531e+00 2.970088e+03 1.009804e+00 1.737714e+05 1.382829e+01 -2.173344e-02 1.340913e+00 2.021329e-05 4.886156e-04
1.819701e-02 3.090441e+00 2.901634e+03 9.199746e-01 1.634540e+05 1.300726e+01 -3.090498e-02 5.887439e-01 2.028049e-05 4.754660e-04
1.862087e-02 3.052970e+00 2.835373e+03 1.031039e+00 1.782521e+05 1.418485e+01 -3.092794e-03 1.033305e+00 2.111812e-05 5.563309e-04
1.905461e-02 3.002755e+00 2.768886e+03 9.456166e-01 1.676112e+05 1.333808e+01 -2.350401e-02 3.956741e-01 2.221939e-05 5.275792e-04
1.949845e-02 2.963512e+00 2.705406e+03 1.010417e+00 1.731919e+05 1.378217e+01 -4.406823e-02 1.116591e+00 2.182467e-05 5.630665e-04
1.995262e-02 2.928172e+00 2.644040e+03 9.802658e-01 1.698870e+05 1.351918e+01 -7.472554e-02 7.726159e-01 2.305831e-05 5.555241e-04
2.041738e-02 2.882229e+00 2.582754e+03 9.811429e-01 1.599071e+05 1.272500e+01 -7.953997e-02 5.739363e-01 2.219865e-05 5.480336e-04
2.089296e-02 2.837599e+00 2.522912e+03 1.045629e+00 1.719485e+05 1.368323e+01 -5.104882e-02 1.003254e+00 2.163118e-05 6.042561e-04
2.137962e-02 2.800425e+00 2.464761e+03 9.755285e-01 1.586439e+05 1.262448e+01 -5.058481e-02 1.033112e+00 2.247964e-05 5.779808e-04
2.187762e-02 2.761813e+00 2.408870e+03 9.365480e-01 1.599316e+05 1.272695e+01 -1.028344e-01 1.131196e+00 2.359652e-05 5.978424e-04
2.238721e-02 2.720673e+00 2.352242e+03 8.802640e-01 1.502393e+05 1.195566e+01 -1.430319e-02 1.596879e+00 2.210059e-05 5.653695e-04
2.290868e-02 2.682227e+00 2.298811e+03 1.052941e+00 1.747287e+05 1.390447e+01 -8.334560e-02 7.248952e-01 2.420980e-05 6.803230e-04
2.344229e-02 2.639735e+00 2.245301e+03 9.658667e-01 1.468127e+05 1.168298e+01 -5.777264e-02 1.300190e+00 2.302610e-05 5.931944e-04
2.398833e-02 2.601186e+00 2.194428e+03 9.444440e-01 1.508903e+05 1.200747e+01 -7.145991e-02 7.382526e-01 2.308223e-05 6.373465e-04
2.454709e-02 2.566400e+00 2.144373e+03 9.507210e-01 1.406769e+05 1.119471e+01 -5.376394e-02 1.202885e+00 2.565787e-05 6.277750e-04
2.511886e-02 2.526307e+00 2.094612e+03 9.298927e-01 1.310989e+05 1.043252e+01 5.574770e-02 4.655621e-01 2.568903e-05 5.788641e-04
2.570396e-02 2.488989e+00 2.047584e+03 8.493870e-01 1.261174e+05 1.003610e+01 -5.579139e-03 5.170364e-01 2.404394e-05 5.768717e-04
2.630268e-02 2.447639e+00 1.999891e+03 8.907704e-01 1.377520e+05 1.096195e+01 -6.515409e-02 7.595954e-01 2.693311e-05 6.319853e-04
2.691535e-02 2.413032e+00 1.953806e+03 8.856976e-01 1.335184e+05 1.062506e+01 -4.740578e-02 6.128971e-01 2.551102e-05 6.422051e-04
2.754229e-02 2.377076e+00 1.909093e+03 9.175665e-01 1.266904e+05 1.008170e+01 -2.608523e-02 4.795628e-01 2.523475e-05 6.553654e-04
2.818383e-02 2.348061e+00 1.866481e+03 9.262638e-01 1.236890e+05 9.842858e+00 6.820355e-02 7.451604e-01 2.410685e-05 6.324689e-04
2.884032e-02 2.307542e+00 1.823106e+03 8.819139e-01 1.213394e+05 9.655879e+00 4.782832e-02 7.780721e-01 2.725522e-05 6.787695e-04
2.951209e-02 2.269231e+00 1.780716e+03 8.858531e-01 1.226643e+05 9.761312e+00 7.386429e-02 6.073541e-01 2.742913e-05 6.866340e-04
3.019952e-02 2.235749e+00 1.740410e+03 9.202889e-01 1.292938e+05 1.028887e+01 5.489791e-02 7.156952e-01 2.558629e-05 7.099359e-04
3.090295e-02 2.199298e+00 1.700441e+03 9.431487e-01 1.263564e+05 1.005513e+01 8.282103e-02 7.072076e-01 2.730740e-05 7.373706e-04
3.162278e-02 2.164740e+00 1.661726e+03 9.349986e-01 1.237233e+05 9.845590e+00 -1.395181e-02 3.951953e-01 2.526701e-05 7.541521e-04
3.235937e-02 2.131883e+00 1.623764e+03 9.040141e-01 1.152092e+05 9.168060e+00 -4.225396e-02 6.831938e-01 2.812568e-05 7.081664e-04
3.311311e-02 2.094977e+00 1.586197e+03 9.398669e-01 1.124855e+05 8.951314e+00 -2.222628e-02 6.322525e-01 2.631343e-05 7.187837e-04
3.388442e-02 2.061817e+00 1.549961e+03 8.820301e-01 1.125998e+05 8.960407e+00 -5.285596e-03 3.616628e-01 2.677199e-05 7.494020e-04
3.467369e-02 2.024805e+00 1.514253e+03 9.327170e-01 1.070312e+05 8.517270e+00 9.206603e-03 3.375033e-01 2.756164e-05 7.527228e-04
3.548134e-02 1.993956e+00 1.480071e+03 9.123792e-01 1.089746e+05 8.671922e+00 -9.101173e-02 6.415733e-01 2.783637e-05 7.919542e-04
3.630781e-02 1.962772e+00 1.446164e+03 9.679991e-01 1.121618e+05 8.925555e+00 -2.021748e-02 6.400966e-01 2.835175e-05 8.324997e-04
3.715352e-02 1.931230e+00 1.412767e+03 8.858906e-01 1.119869e+05 8.911637e+00 -4.971561e-02 6.405093e-01 3.110869e-05 8.143462e-04
3.801894e-02 1.901094e+00 1.380497e+03 9.303659e-01 1.072802e+05 8.537086e+00 -1.395772e-01 3.367640e-01 2.670831e-05 8.096543e-04
3.890451e-02 1.869825e+00 1.349147e+03 9.638954e-01 1.140250e+05 9.073819e+00 -1.354092e-01 1.680617e-01 3.062173e-05 9.175968e-04
3.981072e-02 1.832006e+00 1.318015e+03 9.504720e-01 1.120138e+05 8.913778e+00 -1.033947e-01 6.298077e-01 2.937110e-05 9.821235e-04
4.073803e-02 1.805170e+00 1.288694e+03 9.092903e-01 1.014294e+05 8.071495e+00 -1.409640e-01 4.699952e-01 2.987219e-05 8.716052e-04
4.168694e-02 1.774466e+00 1.258778e+03 9.262760e-01 1.000297e+05 7.960113e+00 -1.240536e-01 3.733132e-01 3.065816e-05 8.885679e-04
4.265795e-02 1.740035e+00 1.229583e+03 9.381128e-01 1.019945e+05 8.116463e+00 -6.285011e-02 2.395401e+00 3.219853e-05 9.542285e-04
4.365158e-02 1.717907e+00 1.201769e+03 9.015491e-01 9.513433e+04 7.570549e+00 -9.332572e-02 6.954519e-01 3.000174e-05 8.943667e-04
4.466836e-02 1.686033e+00 1.174290e+03 9.021636e-01 9.128550e+04 7.264269e+00 -9.659704e-02 4.031686e-01 3.130499e-05 9.054072e-04
4.570882e-02 1.655388e+00 1.147674e+03 1.005768e+00 1.052070e+05 8.372107e+00 -9.217821e-02 4.154453e-01 3.162552e-05 1.130910e-03
4.677351e-02 1.627238e+00 1.121045e+03 8.865315e-01 9.214546e+04 7.332702e+00 -6.825357e-02 3.770132e-01 3.270143e-05 9.857685e-04
4.786301e-02 1.599069e+00 1.095832e+03 9.563075e-01 1.009927e+05 8.036746e+00 -1.258292e-01 6.119028e-01 3.283580e-05 1.113876e-03
4.897788e-02 1.573821e+00 1.070504e+03 9.467192e-01 9.831333e+04 7.823526e+00 -1.412652e-01 5.747604e-01 3.390964e-05 1.107796e-03
5.011872e-02 1.546422e+00 1.046722e+03 8.544508e-01 8.718140e+04 6.937675e+00 -2.888517e-02 2.606659e-01 3.146180e-05 1.089019e-03
5.128614e-02 1.516183e+00 1.022579e+03 9.367416e-01 9.128831e+04 7.264493e+00 -1.086144e-01 2.683904e-01 3.223854e-05 1.110728e-03
5.248075e-02 1.487887e+00 9.988838e+02 9.194474e-01 9.130057e+04 7.265468e+00 -4.684079e-02 3.280857e-01 3.338221e-05 1.119065e-03
5.370318e-02 1.465156e+00 9.762466e+02 9.431725e-01 8.841179e+04 7.035587e+00 -8.765970e-02 1.556293e-01 3.389877e-05 1.197798e-03
5.495409e-02 1.438352e+00 9.541562e+02 9.741346e-01 8.900179e+04 7.082537e+00 -1.367818e-02 4.475287e-01 3.063782e-05 1.222310e-03
5.623413e-02 1.410292e+00 9.321812e+02 9.198337e-01 8.033320e+04 6.392713e+00 -6.146729e-02 1.997892e-01 3.354651e-05 1.184679e-03
5.754399e-02 1.384670e+00 9.105413e+02 8.785513e-01 8.343744e+04 6.639740e+00 5.509341e-03 2.897245e-01 3.542532e-05 1.262605e-03
5.888437e-02 1.362264e+00 8.902233e+02 9.565628e-01 8.466414e+04 6.737358e+00 -7.925464e-02 3.091946e-01 3.731324e-05 1.298718e-03
6.025596e-02 1.336500e+00 8.696470e+02 9.441957e-01 8.457108e+04 6.729952e+00 -3.744149e-02 8.091997e-01 3.672428e-05 1.347545e-03
6.165950e-02 1.313142e+00 8.499369e+02 9.514500e-01 8.334293e+04 6.632220e+00 -9.434627e-03 4.845535e-01 3.589732e-05 1.392648e-03
6.309573e-02 1.287404e+00 8.303103e+02 9.338667e-01 8.303466e+04 6.607688e+00 6.586904e-02 2.521498e-01 3.883009e-05 1.397568e-03
6.456542e-02 1.265566e+00 8.113543e+02 9.305032e-01 7.788830e+04 6.198154e+00 -1.461378e-02 3.477894e-01 3.740150e-05 1.389712e-03
6.606934e-02 1.241967e+00 7.927058e+02 9.226068e-01 8.126837e+04 6.467132e+00 4.909598e-02 4.205364e-01 3.953103e-05 1.470697e-03
6.760830e-02 1.220397e+00 7.745642e+02 9.973411e-01 8.995303e+04 7.158234e+00 -9.305478e-03 2.302601e-01 4.086402e-05 1.756457e-03
6.918310e-02 1.198566e+00 7.569322e+02 9.001132e-01 8.074928e+04 6.425823e+00 3.234699e-02 6.338985e-01 3.779686e-05 1.629531e-03
7.079458e-02 1.176095e+00 7.397372e+02 9.912318e-01 8.954545e+04 7.125800e+00 -3.199589e-02 2.196817e-01 4.064975e-05 1.825974e-03
7.244360e-02 1.155584e+00 7.230101e+02 1.008020e+00 8.714733e+04 6.934964e+00 3.387286e-02 1.008883e-01 4.180637e-05 1.823404e-03
7.413102e-02 1.130482e+00 7.062358e+02 8.714854e-01 7.656016e+04 6.092464e+00 -7.258563e-02 1.963805e-01 4.122575e-05 1.747414e-03
7.585776e-02 1.110618e+00 6.903944e+02 9.776118e-01 8.203669e+04 6.528272e+00 1.196471e-03 3.120764e-01 4.126699e-05 1.904746e-03
7.762471e-02 1.089414e+00 6.744498e+02 1.002548e+00 8.392294e+04 6.678375e+00 -3.376583e-02 2.617442e-01 4.155088e-05 2.060333e-03
7.943282e-02 1.070675e+00 6.593674e+02 9.175605e-01 8.048608e+04 6.404879e+00 -6.049197e-03 1.898463e-01 4.246266e-05 1.970066e-03
8.128305e-02 1.051403e+00 6.443503e+02 9.178672e-01 8.072600e+04 6.423971e+00 -1.275187e-01 1.691101e-01 4.225914e-05 2.059864e-03
8.317638e-02 1.030057e+00 6.294068e+02 9.685968e-01 7.906373e+04 6.291692e+00 -8.155907e-02 2.011099e-01 4.714718e-05 2.069789e-03
8.511380e-02 1.011281e+00 6.151427e+02 9.309741e-01 7.062227e+04 5.619942e+00 -5.013186e-03 1.609278e-01 4.742882e-05 1.996583e-03
8.709636e-02 9.919566e-01 6.010783e+02 9.705439e-01 7.925756e+04 6.307116e+00 -6.794791e-02 1.793207e-01 4.762588e-05 2.229289e-03
8.912509e-02 9.714898e-01 5.871687e+02 9.395519e-01 6.631912e+04 5.277508e+00 -9.411165e-03 2.448525e-01 4.902245e-05 1.978733e-03
9.120108e-02 9.550832e-01 5.739967e+02 9.779009e-01 7.811664e+04 6.216324e+00 2.027195e-03 2.007011e-01 5.013662e-05 2.421317e-03
9.332543e-02 9.361895e-01 5.612945e+02 1.001709e+00 7.450599e+04 5.928998e+00 -1.309628e-04 6.103969e-02 4.556964e-05 2.467297e-03
9.549926e-02 9.167982e-01 5.480589e+02 1.006335e+00 7.643402e+04 6.082426e+00 3.395679e-02 2.308747e-01 4.960484e-05 2.630765e-03
9.772372e-02 9.001384e-01 5.356425e+02 9.619043e-01 7.371740e+04 5.866244e+00 3.040901e-03 1.197936e-01 5.311373e-05 2.451623e-03
1.000000e-01 8.767557e-01 5.233420e+02 1.035361e+00 7.751750e+04 6.168646e+00 -5.360059e-02 7.233547e-01 5.160758e-05 2.742645e-03
1.023293e-01 8.658895e-01 5.116484e+02 1.013065e+00 7.046953e+04 5.607787e+00 -9.929567e-04 3.378489e-01 5.411734e-05 2.667308e-03
1.047129e-01 8.469961e-01 4.999578e+02 9.945763e-01 6.633776e+04 5.278991e+00 8.441203e-02 1.680031e-01 5.305819e-05 2.642098e-03
1.071519e-01 8.309122e-01 4.886061e+02 9.604387e-01 6.997939e+04 5.568783e+00 -2.855711e-02 1.279812e-01 5.791927e-05 2.806558e-03
1.096478e-01 8.146154e-01 4.772539e+02 9.210265e-01 6.590727e+04 5.244734e+00 -5.464715e-02 9.907025e-02 5.518706e-05 2.822493e-03
1.122018e-01 8.004226e-01 4.664817e+02 9.888373e-01 6.850342e+04 5.451329e+00 3.887156e-02 1.846148e-01 5.078260e-05 2.898920e-03
1.148154e-01 7.837263e-01 4.559509e+02 1.006249e+00 6.953611e+04 5.533508e+00 -6.199581e-02 -1.236548e-02 5.330020e-05 3.267719e-03
1.174898e-01 7.690592e-01 4.454542e+02 1.010378e+00 7.250204e+04 5.769529e+00 2.792283e-02 1.837545e-02 5.475604e-05 3.395602e-03
1.202264e-01 7.526338e-01 4.352265e+02 1.051582e+00 7.755066e+04 6.171285e+00 -3.711349e-02 3.404474e-02 5.800820e-05 3.720661e-03
1.230269e-01 7.361646e-01 4.253438e+02 1.043954e+00 7.330293e+04 5.833262e+00 -6.034034e-02 1.189411e-01 5.728705e-05 3.864136e-03
1.258925e-01 7.231030e-01 4.156753e+02 1.011438e+00 6.949074e+04 5.529898e+00 4.477024e-02 1.640895e-01 5.756005e-05 3.720966e-03
1.288250e-01 7.123420e-01 4.062405e+02 1.036481e+00 7.054190e+04 5.613546e+00 1.263842e-02 8.573451e-02 5.235678e-05 3.719210e-03
1.318257e-01 7.001841e-01 3.970521e+02 1.028139e+00 7.390964e+04 5.881542e+00 -5.843496e-02 1.249369e-01 5.620930e-05 4.190376e-03
1.348963e-01 6.856117e-01 3.879733e+02 1.032514e+00 7.040976e+04 5.603031e+00 8.372204e-02 1.260293e-01 5.603276e-05 4.263797e-03
1.380384e-01 6.677282e-01 3.791407e+02 9.623926e-01 6.133740e+04 4.881075e+00 -3.017677e-02 1.485142e-01 5.722625e-05 3.761270e-03
1.412538e-01 6.563076e-01 3.707229e+02 9.990017e-01 5.777140e+04 4.597302e+00 -8.839418e-02 3.104899e-02 5.644741e-05 3.809236e-03
1.445440e-01 6.418048e-01 3.621192e+02 9.519124e-01 6.222546e+04 4.951744e+00 -3.573483e-02 8.812409e-02 5.359916e-05 4.356408e-03
1.479108e-01 6.296145e-01 3.538974e+02 9.880639e-01 5.878950e+04 4.678320e+00 -1.143897e-01 6.068039e-02 5.979769e-05 4.207545e-03
1.513561e-01 6.191100e-01 3.458877e+02 1.029440e+00 5.793998e+04 4.610717e+00 -1.386104e-01 6.725217e-02 5.685515e-05 4.466611e-03
1.548817e-01 6.034966e-01 3.379707e+02 1.032934e+00 6.199556e+04 4.933450e+00 -1.653017e-01 1.345515e-01 5.899332e-05 4.779516e-03
1.584893e-01 5.897973e-01 3.302913e+02 9.861321e-01 6.095279e+04 4.850469e+00 -4.786305e-02 -9.415367e-02 6.358878e-05 4.921515e-03
1.621810e-01 5.826318e-01 3.228581e+02 1.010893e+00 6.256277e+04 4.978587e+00 -1.441256e-01 4.959043e-02 7.039485e-05 5.048856e-03
1.659587e-01 5.698638e-01 3.155009e+02 9.733902e-01 5.631037e+04 4.481036e+00 -1.335374e-01 4.739764e-02 6.752921e-05 4.801510e-03
1.698244e-01 5.579036e-01 3.082406e+02 9.843563e-01 5.637880e+04 4.486483e+00 -5.546734e-02 3.351718e-02 6.823759e-05 5.167579e-03
1.737801e-01 5.486095e-01 3.011681e+02 9.944128e-01 5.699749e+04 4.535716e+00 -5.160399e-02 2.605706e-02 6.928443e-05 5.384861e-03
1.778279e-01 5.391636e-01 2.945701e+02 9.618994e-01 5.249659e+04 4.177546e+00 -1.040608e-01 2.026613e-01 6.845428e-05 5.096893e-03
1.819701e-01 5.264493e-01 2.877682e+02 1.051155e+00 6.196494e+04 4.931013e+00 -9.821912e-02 3.248163e-02 6.933541e-05 6.175537e-03
1.862087e-01 5.132476e-01 2.812759e+02 9.467229e-01 5.400982e+04 4.297965e+00 -4.158783e-02 1.357379e-01 7.434592e-05 5.636174e-03
1.905461e-01 5.043330e-01 2.749018e+02 1.031222e+00 5.381252e+04 4.282264e+00 4.616763e-02 8.799091e-02 8.656465e-05 6.056930e-03
1.949845e-01 4.978832e-01 2.687235e+02 9.955192e-01 5.546032e+04 4.413392e+00 -1.170268e-02 -1.797146e-02 8.363227e-05 6.356940e-03
1.995262e-01 4.882707e-01 2.625427e+02 9.693483e-01 5.306671e+04 4.222915e+00 -1.063214e-01 1.699925e-01 7.468146e-05 6.256311e-03
2.041738e-01 4.748552e-01 2.564800e+02 1.042913e+00 5.605705e+04 4.460878e+00 6.763875e-02 9.319301e-02 8.442226e-05 7.022726e-03
2.089296e-01 4.667164e-01 2.505547e+02 1.058760e+00 6.129184e+04 4.877449e+00 1.647353e-02 1.144161e-01 8.678203e-05 7.800061e-03
2.137962e-01 4.557966e-01 2.448703e+02 1.048654e+00 5.293685e+04 4.212581e+00 3.156642e-02 8.035280e-02 9.635220e-05 7.343646e-03
2.187762e-01 4.472017e-01 2.393591e+02 1.078272e+00 6.008559e+04 4.781459e+00 5.917729e-02 3.396320e-02 9.393651e-05 8.360150e-03
2.238721e-01 4.396577e-01 2.339176e+02 1.003279e+00 5.329279e+04 4.240905e+00 9.393654e-02 9.948725e-02 1.018673e-04 7.982049e-03
2.290868e-01 4.320159e-01 2.284693e+02 9.901320e-01 5.042541e+04 4.012727e+00 -9.901284e-03 -1.016396e-02 9.379354e-05 7.705947e-03
2.344229e-01 4.255103e-01 2.234001e+02 1.029899e+00 5.509180e+04 4.384066e+00 5.601490e-02 1.343021e-01 1.068228e-04 8.420623e-03
2.398833e-01 4.142290e-01 2.183136e+02 9.798082e-01 5.025143e+04 3.998882e+00 -7.862048e-03 9.189503e-02 1.042947e-04 8.260600e-03
2.454709e-01 4.047672e-01 2.133139e+02 1.018627e+00 5.151681e+04 4.099577e+00 -4.399285e-02 5.639578e-02 9.422664e-05 8.916737e-03
2.511886e-01 3.968447e-01 2.083560e+02 1.011192e+00 5.543908e+04 4.411702e+00 -2.956872e-02 5.173854e-02 1.039675e-04 9.905600e-03
2.570396e-01 3.864202e-01 2.036160e+02 9.739035e-01 5.275823e+04 4.198366e+00 9.485410e-02 1.469889e-01 1.125855e-04 9.824589e-03
2.630268e-01 3.808700e-01 1.991357e+02 9.623813e-01 5.416168e+04 4.310050e+00 -4.258791e-02 8.059533e-02 1.073871e-04 1.024478e-02
2.691535e-01 3.714367e-01 1.944320e+02 1.045391e+00 5.453436e+04 4.339706e+00 -5.235907e-02 2.585785e-02 1.116441e-04 1.117109e-02
2.754229e-01 3.614896e-01 1.898847e+02 1.006970e+00 4.903601e+04 3.902162e+00 -4.440832e-02 8.395787e-02 1.196560e-04 1.066654e-02
2.818383e-01 3.592089e-01 1.856857e+02 1.015051e+00 4.907222e+04 3.905043e+00 -5.196477e-02 6.504877e-02 1.167730e-04 1.060187e-02
2.884032e-01 3.491772e-01 1.814561e+02 1.006678e+00 5.138798e+04 4.089325e+00 -1.451919e-01 4.040211e-02 1.252745e-04 1.180060e-02
2.951209e-01 3.478004e-01 1.774188e+02 9.526303e-01 4.329544e+04 3.445341e+00 -1.011099e-02 2.716523e-02 1.227641e-04 1.040756e-02
3.019952e-01 3.344015e-01 1.732067e+02 1.079468e+00 5.386378e+04 4.286344e+00 -1.224833e-01 1.365349e-01 1.146339e-04 1.334281e-02
3.090295e-01 3.270290e-01 1.693408e+02 9.933159e-01 4.975096e+04 3.959055e+00 -4.469194e-02 3.649036e-04 1.312630e-04 1.339850e-02
3.162278e-01 3.194108e-01 1.653933e+02 1.053795e+00 4.834048e+04 3.846813e+00 -1.436770e-01 5.090624e-02 1.361621e-04 1.333187e-02
3.235937e-01 3.116345e-01 1.616129e+02 1.072668e+00 5.085146e+04 4.046631e+00 -1.213250e-01 1.097655e-01 1.253477e-04 1.447603e-02
3.311311e-01 3.082865e-01 1.580438e+02 1.000053e+00 4.638551e+04 3.691241e+00 -4.750365e-02 8.455567e-04 1.277074e-04 1.349111e-02
3.388442e-01 3.016176e-01 1.543770e+02 9.886315e-01 5.209018e+04 4.145205e+00 -1.290362e-01 -2.612630e-02 1.321547e-04 1.547544e-02
3.467369e-01 2.982146e-01 1.509536e+02 9.335991e-01 4.374153e+04 3.480840e+00 -7.563063e-02 6.645962e-02 1.251687e-04 1.345434e-02
3.548134e-01 2.912940e-01 1.474262e+02 9.080748e-01 4.208095e+04 3.348696e+00 -1.513864e-02 3.715061e-02 1.301144e-04 1.400521e-02
3.630781e-01 2.847396e-01 1.441479e+02 9.964671e-01 4.393324e+04 3.496096e+00 1.747008e-03 3.195975e-02 1.472053e-04 1.533329e-02
3.715352e-01 2.800188e-01 1.407451e+02 9.964934e-01 4.322247e+04 3.439535e+00 -1.757926e-02 -2.721842e-03 1.395043e-04 1.519593e-02
3.801894e-01 2.752237e-01 1.376094e+02 1.065050e+00 4.668956e+04 3.715437e+00 -1.168671e-01 2.905943e-02 1.394219e-04 1.717818e-02
3.890451e-01 2.685150e-01 1.343889e+02 1.092108e+00 5.065811e+04 4.031244e+00 -1.281063e-01 -6.455959e-02 1.488642e-04 1.963987e-02
3.981072e-01 2.656533e-01 1.314801e+02 1.055200e+00 4.899208e+04 3.898666e+00 5.189379e-03 -2.842436e-02 1.477379e-04 1.892354e-02
4.073803e-01 2.622043e-01 1.285767e+02 1.001874e+00 4.433817e+04 3.528319e+00 -7.738632e-02 4.519509e-02 1.624855e-04 1.833069e-02
4.168694e-01 2.536249e-01 1.255329e+02 9.555347e-01 4.029312e+04 3.206424e+00 1.076444e-02 -2.399735e-02 1.593684e-04 1.801200e-02
4.265795e-01 2.505155e-01 1.226385e+02 9.834548e-01 4.173957e+04 3.321530e+00 -6.331029e-02 1.354804e-02 1.560306e-04 1.796991e-02
4.365158e-01 2.462505e-01 1.198461e+02 1.031306e+00 4.542316e+04 3.614660e+00 -1.529877e-01 4.274059e-02 1.893086e-04 2.104995e-02
4.466836e-01 2.440060e-01 1.171253e+02 1.042852e+00 4.504504e+04 3.584570e+00 -1.128683e-01 -2.418267e-03 1.930798e-04 2.043157e-02
4.570882e-01 2.385789e-01 1.144858e+02 1.051141e+00 4.243558e+04 3.376916e+00 3.646584e-02 3.806866e-02 2.026236e-04 2.051762e-02
4.677351e-01 2.338699e-01 1.119268e+02 1.007967e+00 4.042728e+04 3.217101e+00 -7.841844e-02 -9.499213e-02 1.739963e-04 2.100355e-02
4.786301e-01 2.296724e-01 1.092428e+02 9.108087e-01 3.644029e+04 2.899826e+00 -1.156619e-01 2.320452e-02 1.984765e-04 1.991075e-02
4.897788e-01 2.259179e-01 1.067757e+02 1.014091e+00 3.980708e+04 3.167746e+00 -1.240411e-01 3.908323e-02 2.037400e-04 2.221358e-02
5.011872e-01 2.150456e-01 1.043189e+02 9.619196e-01 3.403551e+04 2.708460e+00 -9.970017e-02 -6.148047e-02 2.127269e-04 2.161473e-02
5.128614e-01 2.156438e-01 1.020131e+02 1.067746e+00 4.561188e+04 3.629678e+00 1.671678e-01 7.178399e-02 1.856923e-04 2.721729e-02
5.248075e-01 2.095450e-01 9.970455e+01 9.851443e-01 4.099107e+04 3.261966e+00 8.006199e-02 3.611338e-02 1.977371e-04 2.638562e-02
5.370318e-01 2.049623e-01 9.736911e+01 1.035875e+00 4.209868e+04 3.350106e+00 4.495484e-02 3.479619e-03 2.097420e-04 2.824472e-02
5.495409e-01 2.038194e-01 9.506789e+01 9.694962e-01 4.176004e+04 3.323159e+00 -2.437602e-03 -4.615181e-02 2.028143e-04 2.777310e-02
5.623413e-01 1.991358e-01 9.302566e+01 9.508073e-01 3.966447e+04 3.156398e+00 1.339434e-01 -6.799363e-02 1.895815e-04 2.879908e-02
5.754399e-01 1.940231e-01 9.080697e+01 1.102636e+00 4.684743e+04 3.728000e+00 7.942473e-04 4.902304e-02 2.255322e-04 3.447259e-02
5.888437e-01 1.934385e-01 8.882326e+01 1.031544e+00 3.833096e+04 3.050281e+00 -6.879128e-02 7.125319e-02 2.267475e-04 2.845830e-02
6.025596e-01 1.882627e-01 8.680049e+01 1.044782e+00 4.020156e+04 3.199139e+00 -1.488173e-02 -1.353763e-02 2.294508e-04 3.029499e-02
6.165950e-01 1.857839e-01 8.486428e+01 1.050422e+00 3.771717e+04 3.001437e+00 5.432921e-02 7.038822e-02 2.028967e-04 3.137715e-02
6.309573e-01 1.815914e-01 8.291044e+01 9.924486e-01 3.420104e+04 2.721632e+00 5.335164e-02 -3.993162e-02 2.370359e-04 2.934329e-02
6.456542e-01 1.797551e-01 8.094010e+01 1.016225e+00 3.969538e+04 3.158858e+00 -3.110918e-02 1.409810e-01 2.293734e-04 3.525342e-02
6.606934e-01 1.763073e-01 7.920464e+01 1.048873e+00 4.225389e+04 3.362457e+00 -6.296640e-02 -1.917190e-02 2.550112e-04 3.701033e-02
6.760830e-01 1.738388e-01 7.734203e+01 1.015732e+00 4.101758e+04 3.264075e+00 5.277507e-02 1.220632e-01 2.638780e-04 3.787432e-02
6.918310e-01 1.703128e-01 7.568849e+01 9.855250e-01 3.576131e+04 2.845795e+00 2.720584e-02 8.956788e-02 2.553133e-04 3.445832e-02
7.079458e-01 1.662613e-01 7.388993e+01 1.049288e+00 3.891720e+04 3.096932e+00 -1.074747e-01 7.153390e-02 2.559621e-04 4.097934e-02
7.244360e-01 1.639546e-01 7.226328e+01 1.017282e+00 3.758841e+04 2.991191e+00 -9.962604e-02 -3.140929e-02 2.692026e-04 3.995110e-02
7.413102e-01 1.587700e-01 7.059393e+01 9.892637e-01 3.662320e+04 2.914382e+00 -3.314384e-02 7.675049e-02 2.886676e-04 4.074227e-02
7.585776e-01 1.572617e-01 6.898858e+01 9.949685e-01 3.633691e+04 2.891599e+00 3.637636e-02 1.544923e-02 2.842361e-04 4.237699e-02
7.762471e-01 1.544960e-01 6.743512e+01 1.008246e+00 3.809183e+04 3.031251e+00 -8.310468e-02 1.058906e-01 3.099625e-04 4.482141e-02
7.943282e-01 1.533353e-01 6.591954e+01 9.795636e-01 3.711820e+04 2.953773e+00 -5.805687e-03 -5.962511e-03 3.124240e-04 4.392631e-02
8.128305e-01 1.506146e-01 6.438719e+01 1.000250e+00 3.767368e+04 2.997976e+00 2.258137e-02 1.267722e-02 3.454055e-04 4.661566e-02
8.317638e-01 1.468326e-01 6.294119e+01 1.030360e+00 3.630330e+04 2.888925e+00 7.348667e-02 2.311187e-02 2.989672e-04 4.960775e-02
8.511380e-01 1.451395e-01 6.147923e+01 1.086649e+00 3.986086e+04 3.172026e+00 9.459675e-02 -1.651166e-02 2.881754e-04 5.149555e-02
8.709636e-01 1.401402e-01 6.016601e+01 1.010794e+00 3.603509e+04 2.867581e+00 -5.217687e-02 -7.387452e-02 2.911780e-04 5.040883e-02
8.912509e-01 1.416962e-01 5.879602e+01 9.119245e-01 3.347042e+04 2.663491e+00 1.252439e-01 8.843133e-02 3.487048e-04 4.617981e-02
9.120108e-01 1.353757e-01 5.745402e+01 1.038334e+00 4.174499e+04 3.321961e+00 -2.870862e-03 5.260922e-03 3.688928e-04 6.394048e-02
9.332543e-01 1.307497e-01 5.619770e+01 1.026411e+00 3.618299e+04 2.879351e+00 -5.862186e-02 -1.982135e-02 3.455560e-04 5.914501e-02
9.549926e-01 1.287121e-01 5.489423e+01 1.080685e+00 3.755675e+04 2.988671e+00 -7.345398e-02 4.841809e-03 3.235539e-04 6.190634e-02
9.772372e-01 1.292015e-01 5.361988e+01 1.005344e+00 3.563380e+04 2.835648e+00 -3.185299e-03 1.288593e-02 3.256892e-04 6.102369e-02
