#./double_munderdamped_3d --dev=1 --amp=10.0 --omega=1 --mass=0.0 --force=0 --Dg=0.01 --block=256 --paths=1024 --periods=1000 --trans=100 --samples=10000 --spp=10000 --algorithm=euler --pav=1 --mode=moments --domain=1d --domainx=g:-3:0:300:1 --domainy=s:-1:2:100:1 --domainz=a:-1:2.5:100:1 --q=2 --eps=0 --phi=1.57079632679 --lambda=50.0 --zeta=0.02 --comp=0 --mean=1.0 --second=2.0 --skew=0.99 --distribution=s>> 1D_double_g:-3:0:300:1_2.0_50.0_0.99_1.0_10.0.dat
#g <<v>> <<v^2>> qnu(q) mu_q Dx Gx Gv EBx EBv
1.000000e-03 1.423868e+00 7.287817e+04 9.581407e-01 6.317170e+05 5.027044e+01 -3.047254e-03 1.632788e+01 1.535713e-05 8.480542e-03
1.023293e-03 1.431871e+00 7.051527e+04 9.559627e-01 6.258571e+05 4.980412e+01 -3.432022e-02 1.605782e+01 1.360687e-05 8.928707e-03
1.047129e-03 1.421396e+00 6.819550e+04 9.275829e-01 6.031305e+05 4.799560e+01 -3.460156e-02 1.441776e+01 1.421093e-05 8.265968e-03
1.071519e-03 1.422893e+00 6.599944e+04 1.020446e+00 6.371587e+05 5.070348e+01 -5.094440e-03 1.932929e+01 1.479248e-05 9.040167e-03
1.096478e-03 1.433148e+00 6.391342e+04 9.145883e-01 5.807434e+05 4.621409e+01 -4.187068e-02 1.646146e+01 1.377059e-05 8.052344e-03
1.122018e-03 1.430639e+00 6.189731e+04 9.737703e-01 6.120909e+05 4.870865e+01 1.284209e-01 3.293586e+01 1.353387e-05 8.477606e-03
1.148154e-03 1.420792e+00 5.994172e+04 9.882246e-01 5.971034e+05 4.751598e+01 -2.044344e-02 4.321144e+01 1.452341e-05 8.773111e-03
1.174898e-03 1.425863e+00 5.807950e+04 9.800169e-01 6.096660e+05 4.851568e+01 -4.036023e-02 2.403064e+01 1.479955e-05 8.470582e-03
1.202264e-03 1.423487e+00 5.629064e+04 8.812881e-01 5.547538e+05 4.414590e+01 -5.675114e-02 1.139012e+01 1.488646e-05 7.728595e-03
1.230269e-03 1.422569e+00 5.457405e+04 1.008972e+00 6.235231e+05 4.961839e+01 -2.339591e-02 3.426327e+01 1.504588e-05 8.778778e-03
1.258925e-03 1.415607e+00 5.290625e+04 9.244890e-01 6.049390e+05 4.813951e+01 -2.068662e-02 2.170193e+01 1.448144e-05 8.639223e-03
1.288250e-03 1.429742e+00 5.133314e+04 1.000095e+00 6.320443e+05 5.029649e+01 -3.052034e-02 1.401336e+01 1.471775e-05 8.807394e-03
1.318257e-03 1.421636e+00 4.979821e+04 9.977713e-01 6.424882e+05 5.112759e+01 2.553225e-02 2.040090e+01 1.486065e-05 8.989795e-03
1.348963e-03 1.420493e+00 4.831120e+04 9.377933e-01 5.980570e+05 4.759187e+01 8.411369e-03 8.019423e+00 1.554832e-05 8.300301e-03
1.380384e-03 1.426802e+00 4.689328e+04 9.346962e-01 6.117816e+05 4.868404e+01 4.899898e-02 1.846970e+01 1.403961e-05 8.323500e-03
1.412538e-03 1.418273e+00 4.550939e+04 9.565758e-01 6.153047e+05 4.896439e+01 -2.351948e-02 1.642955e+01 1.441328e-05 8.533580e-03
1.445440e-03 1.428229e+00 4.419840e+04 9.005726e-01 5.921855e+05 4.712462e+01 -3.517532e-02 1.124679e+01 1.462743e-05 7.969372e-03
1.479108e-03 1.423592e+00 4.291924e+04 9.699507e-01 6.089475e+05 4.845850e+01 2.775100e-02 1.999131e+01 1.468891e-05 8.594437e-03
1.513561e-03 1.416517e+00 4.168275e+04 8.833486e-01 5.684022e+05 4.523201e+01 1.315216e-02 3.008880e+01 1.472259e-05 8.084308e-03
1.548817e-03 1.420001e+00 4.049254e+04 9.302286e-01 5.890823e+05 4.687768e+01 1.798267e-03 7.887532e+00 1.511493e-05 8.149126e-03
1.584893e-03 1.422471e+00 3.933729e+04 9.011816e-01 6.086763e+05 4.843692e+01 -1.931332e-02 1.004240e+01 1.479175e-05 8.457586e-03
1.621810e-03 1.419434e+00 3.823650e+04 9.958390e-01 6.143984e+05 4.889227e+01 -2.304192e-02 1.430505e+01 1.429312e-05 8.458427e-03
1.659587e-03 1.418209e+00 3.715905e+04 1.000920e+00 6.209214e+05 4.941136e+01 4.387093e-02 8.058242e+00 1.495251e-05 8.890340e-03
1.698244e-03 1.422634e+00 3.613149e+04 9.152173e-01 5.946009e+05 4.731683e+01 -5.481876e-02 8.460965e+00 1.518178e-05 8.401601e-03
1.737801e-03 1.423272e+00 3.512490e+04 9.449535e-01 6.398915e+05 5.092095e+01 -1.722024e-02 2.344930e+01 1.502365e-05 8.741061e-03
1.778279e-03 1.429868e+00 3.415552e+04 8.846408e-01 5.784740e+05 4.603349e+01 2.726826e-02 1.140938e+01 1.527789e-05 7.888786e-03
1.819701e-03 1.423190e+00 3.321346e+04 8.722282e-01 5.861196e+05 4.664191e+01 -5.140542e-02 1.373613e+01 1.397863e-05 8.121257e-03
1.862087e-03 1.422009e+00 3.229941e+04 9.378819e-01 5.846015e+05 4.652111e+01 -2.962534e-02 1.161115e+01 1.409599e-05 8.263612e-03
1.905461e-03 1.424326e+00 3.141861e+04 8.992183e-01 5.891332e+05 4.688173e+01 -1.477995e-02 2.260314e+01 1.464751e-05 8.347267e-03
1.949845e-03 1.416038e+00 3.056746e+04 9.341970e-01 6.112280e+05 4.863998e+01 -1.526429e-02 1.350746e+01 1.479728e-05 8.824028e-03
1.995262e-03 1.417154e+00 2.973857e+04 8.790904e-01 5.875994e+05 4.675967e+01 2.117145e-02 1.221176e+01 1.523778e-05 8.091006e-03
2.041738e-03 1.421643e+00 2.893824e+04 9.399284e-01 5.685204e+05 4.524141e+01 1.088915e-02 1.447809e+01 1.409346e-05 8.012083e-03
2.089296e-03 1.424837e+00 2.816983e+04 1.021631e+00 6.714068e+05 5.342885e+01 1.601464e-02 7.108213e+00 1.563072e-05 9.196891e-03
2.137962e-03 1.423547e+00 2.741940e+04 8.775937e-01 5.867571e+05 4.669264e+01 -6.528314e-02 1.831461e+01 1.445431e-05 8.088285e-03
2.187762e-03 1.421136e+00 2.669292e+04 9.176723e-01 5.929721e+05 4.718722e+01 6.866006e-02 1.284629e+01 1.415545e-05 8.235375e-03
2.238721e-03 1.415465e+00 2.597978e+04 9.931994e-01 6.024993e+05 4.794537e+01 3.415985e-02 1.138935e+01 1.557782e-05 8.702697e-03
2.290868e-03 1.416442e+00 2.529461e+04 9.606701e-01 6.288901e+05 5.004549e+01 -7.004504e-02 1.030674e+01 1.551727e-05 8.619315e-03
2.344229e-03 1.418096e+00 2.463094e+04 9.214700e-01 5.996823e+05 4.772120e+01 1.002062e-01 9.345159e+00 1.447720e-05 8.316668e-03
2.398833e-03 1.418892e+00 2.398551e+04 9.837645e-01 6.339855e+05 5.045096e+01 1.687291e-02 1.012736e+01 1.441727e-05 9.151431e-03
2.454709e-03 1.416549e+00 2.335475e+04 9.567922e-01 5.873432e+05 4.673929e+01 2.104396e-02 5.897880e+00 1.516828e-05 8.390137e-03
2.511886e-03 1.416131e+00 2.275161e+04 9.913429e-01 5.990203e+05 4.766852e+01 -8.052341e-02 6.764351e+00 1.537444e-05 8.590447e-03
2.570396e-03 1.417867e+00 2.216355e+04 8.944634e-01 6.096879e+05 4.851742e+01 1.637605e-02 1.160961e+01 1.463675e-05 8.503204e-03
2.630268e-03 1.415440e+00 2.158717e+04 8.962778e-01 6.161997e+05 4.903561e+01 -5.083952e-02 6.505972e+00 1.637998e-05 8.792273e-03
2.691535e-03 1.414833e+00 2.102865e+04 9.647606e-01 5.710176e+05 4.544013e+01 -1.872748e-02 1.743080e+01 1.559425e-05 8.147943e-03
2.754229e-03 1.416277e+00 2.048882e+04 9.920467e-01 6.510993e+05 5.181283e+01 -5.383019e-02 2.267489e+01 1.576470e-05 9.360428e-03
2.818383e-03 1.413649e+00 1.996507e+04 9.884456e-01 6.604825e+05 5.255953e+01 -5.986453e-02 7.529018e+00 1.567774e-05 9.387612e-03
2.884032e-03 1.402923e+00 1.945159e+04 9.307928e-01 6.111874e+05 4.863675e+01 -5.634745e-02 9.336701e+00 1.637418e-05 8.785489e-03
2.951209e-03 1.422027e+00 1.896452e+04 9.616693e-01 6.007367e+05 4.780510e+01 3.158636e-02 7.742623e+00 1.457341e-05 8.548664e-03
3.019952e-03 1.401540e+00 1.847984e+04 9.740573e-01 6.178153e+05 4.916418e+01 1.509236e-02 6.889090e+00 1.438950e-05 8.960315e-03
3.090295e-03 1.416914e+00 1.801667e+04 9.651845e-01 6.095996e+05 4.851039e+01 5.340126e-02 7.000526e+00 1.544587e-05 8.669528e-03
3.162278e-03 1.413372e+00 1.755749e+04 1.032873e+00 6.763852e+05 5.382503e+01 2.337843e-02 5.895077e+00 1.574321e-05 9.864458e-03
3.235937e-03 1.417636e+00 1.711373e+04 8.755024e-01 5.640465e+05 4.488539e+01 2.112388e-03 8.885611e+00 1.467807e-05 7.980729e-03
3.311311e-03 1.411685e+00 1.668344e+04 9.782494e-01 6.024079e+05 4.793809e+01 -7.764100e-03 8.478449e+00 1.623054e-05 8.375550e-03
3.388442e-03 1.410494e+00 1.626557e+04 9.646948e-01 6.283611e+05 5.000339e+01 -6.143398e-02 5.965054e+00 1.628639e-05 8.808076e-03
3.467369e-03 1.403898e+00 1.585538e+04 9.780476e-01 6.536914e+05 5.201911e+01 -1.998398e-02 1.236676e+01 1.547972e-05 8.921826e-03
3.548134e-03 1.416033e+00 1.546510e+04 9.057005e-01 5.910942e+05 4.703778e+01 -4.657218e-02 5.042544e+00 1.541873e-05 8.324822e-03
3.630781e-03 1.413294e+00 1.507785e+04 9.304758e-01 5.985522e+05 4.763127e+01 -7.239115e-02 1.057990e+01 1.584085e-05 8.375569e-03
3.715352e-03 1.410046e+00 1.470225e+04 9.740530e-01 6.300812e+05 5.014027e+01 -5.224986e-02 5.186807e+00 1.415971e-05 8.928872e-03
3.801894e-03 1.414784e+00 1.433737e+04 9.622748e-01 6.218240e+05 4.948318e+01 -2.030657e-02 3.769535e+00 1.510327e-05 8.759683e-03
3.890451e-03 1.407617e+00 1.398056e+04 9.974299e-01 6.116954e+05 4.867717e+01 -6.809443e-02 8.334847e+00 1.574865e-05 8.677520e-03
3.981072e-03 1.406632e+00 1.363610e+04 9.693995e-01 5.730194e+05 4.559944e+01 3.637482e-02 3.766486e+00 1.548213e-05 8.438074e-03
4.073803e-03 1.407183e+00 1.329885e+04 1.001082e+00 6.623111e+05 5.270504e+01 -4.458993e-02 4.614271e+00 1.599282e-05 9.617530e-03
4.168694e-03 1.409465e+00 1.297272e+04 9.498193e-01 6.065502e+05 4.826773e+01 1.407113e-02 5.381273e+00 1.471906e-05 8.490767e-03
4.265795e-03 1.402162e+00 1.265200e+04 9.346948e-01 6.058319e+05 4.821057e+01 -1.523657e-02 1.607942e+01 1.508470e-05 8.844503e-03
4.365158e-03 1.410236e+00 1.234655e+04 9.544042e-01 6.060505e+05 4.822797e+01 9.615148e-03 1.019961e+01 1.496991e-05 8.366882e-03
4.466836e-03 1.404052e+00 1.204005e+04 9.577084e-01 6.174694e+05 4.913665e+01 -9.800621e-03 5.099294e+00 1.528839e-05 9.024652e-03
4.570882e-03 1.409739e+00 1.174833e+04 9.743583e-01 6.379094e+05 5.076321e+01 -6.393329e-02 3.474693e+00 1.660718e-05 9.225202e-03
4.677351e-03 1.405910e+00 1.146030e+04 9.002107e-01 5.695618e+05 4.532429e+01 3.220073e-03 5.439255e+00 1.464877e-05 8.194136e-03
4.786301e-03 1.406965e+00 1.118261e+04 9.534716e-01 6.324873e+05 5.033174e+01 -1.251960e-02 6.350782e+00 1.604210e-05 9.225819e-03
4.897788e-03 1.405279e+00 1.090983e+04 9.495379e-01 5.702219e+05 4.537682e+01 2.513180e-02 4.862647e+00 1.562057e-05 8.350653e-03
5.011872e-03 1.402052e+00 1.064553e+04 9.466631e-01 6.255504e+05 4.977972e+01 6.066429e-02 3.390002e+00 1.655694e-05 8.897445e-03
5.128614e-03 1.400117e+00 1.038518e+04 9.703300e-01 6.289807e+05 5.005269e+01 1.572226e-02 6.032291e+00 1.653073e-05 8.898632e-03
5.248075e-03 1.405062e+00 1.013670e+04 9.298405e-01 5.985906e+05 4.763432e+01 4.441132e-02 4.060288e+00 1.527738e-05 8.452678e-03
5.370318e-03 1.401479e+00 9.890493e+03 9.619485e-01 5.886025e+05 4.683950e+01 -6.496798e-02 3.421365e+00 1.620866e-05 8.537033e-03
5.495409e-03 1.390674e+00 9.651317e+03 9.428196e-01 5.777592e+05 4.597662e+01 -3.648911e-02 3.868277e+00 1.620622e-05 8.407417e-03
5.623413e-03 1.391671e+00 9.417725e+03 9.651626e-01 6.034058e+05 4.801751e+01 -5.535722e-02 3.006387e+00 1.688649e-05 8.871052e-03
5.754399e-03 1.397547e+00 9.193923e+03 1.006469e+00 6.155118e+05 4.898088e+01 -4.317590e-02 5.759821e+00 1.637263e-05 9.426389e-03
5.888437e-03 1.388833e+00 8.970051e+03 9.755852e-01 5.966714e+05 4.748160e+01 -8.710588e-03 5.127284e+00 1.609902e-05 8.747901e-03
6.025596e-03 1.393997e+00 8.755142e+03 9.294806e-01 6.113542e+05 4.865002e+01 1.126365e-01 4.340260e+00 1.743102e-05 8.848469e-03
6.165950e-03 1.402921e+00 8.545730e+03 9.937038e-01 6.774381e+05 5.390881e+01 2.710311e-02 7.667637e+00 1.650497e-05 9.544880e-03
6.309573e-03 1.391871e+00 8.341336e+03 9.327891e-01 6.110403e+05 4.862504e+01 2.371939e-02 2.584095e+00 1.699217e-05 9.295489e-03
6.456542e-03 1.388325e+00 8.141454e+03 9.079289e-01 5.572887e+05 4.434762e+01 -4.751747e-03 4.474870e+00 1.630658e-05 8.366570e-03
6.606934e-03 1.385621e+00 7.945469e+03 9.108128e-01 5.953304e+05 4.737489e+01 -5.310737e-02 2.110511e+00 1.688166e-05 8.874981e-03
6.760830e-03 1.386056e+00 7.755999e+03 9.042542e-01 6.050366e+05 4.814728e+01 -3.334747e-02 3.901882e+00 1.793843e-05 8.771669e-03
6.918310e-03 1.382681e+00 7.570523e+03 9.585069e-01 6.218234e+05 4.948313e+01 -2.441198e-02 3.275754e+00 1.879300e-05 9.159375e-03
7.079458e-03 1.378523e+00 7.390993e+03 9.137108e-01 6.125860e+05 4.874804e+01 -8.227617e-02 3.795111e+00 1.713172e-05 8.870832e-03
7.244360e-03 1.387234e+00 7.214217e+03 9.590688e-01 6.499119e+05 5.171834e+01 -9.530018e-02 5.514304e+00 1.692397e-05 9.335284e-03
7.413102e-03 1.380235e+00 7.044599e+03 9.182657e-01 5.884329e+05 4.682600e+01 -1.215149e-02 3.648703e+00 1.748094e-05 8.535065e-03
7.585776e-03 1.388704e+00 6.878779e+03 9.811259e-01 6.166587e+05 4.907214e+01 -4.235229e-02 3.640094e+00 1.782250e-05 9.050751e-03
7.762471e-03 1.383239e+00 6.715307e+03 9.987359e-01 6.308783e+05 5.020370e+01 -4.585920e-02 3.856544e+00 1.841747e-05 9.412664e-03
7.943282e-03 1.380701e+00 6.553983e+03 8.491445e-01 5.603838e+05 4.459392e+01 3.128514e-03 2.689548e+00 1.784003e-05 8.317598e-03
8.128305e-03 1.372295e+00 6.399723e+03 9.647179e-01 6.119627e+05 4.869844e+01 -6.369194e-02 3.336025e+00 1.816442e-05 9.232805e-03
8.317638e-03 1.375267e+00 6.248857e+03 9.350170e-01 5.955776e+05 4.739456e+01 2.084588e-02 3.000854e+00 1.791952e-05 9.013664e-03
8.511380e-03 1.376722e+00 6.100798e+03 9.226921e-01 6.055446e+05 4.818771e+01 -6.709838e-02 3.140620e+00 1.838686e-05 8.834206e-03
8.709636e-03 1.379937e+00 5.957421e+03 8.661162e-01 5.410088e+05 4.305211e+01 5.511603e-02 3.204411e+00 1.765234e-05 8.184524e-03
8.912509e-03 1.373555e+00 5.816356e+03 9.352115e-01 5.688925e+05 4.527103e+01 2.309859e-02 3.353785e+00 1.720170e-05 8.490531e-03
9.120108e-03 1.370761e+00 5.678046e+03 9.225928e-01 5.986264e+05 4.763717e+01 -3.736982e-02 2.397280e+00 1.890069e-05 9.151508e-03
9.332543e-03 1.372243e+00 5.545533e+03 9.524499e-01 6.268400e+05 4.988234e+01 -4.754058e-02 2.462501e+00 1.891728e-05 9.341133e-03
9.549926e-03 1.367904e+00 5.414421e+03 9.441128e-01 5.787443e+05 4.605500e+01 -2.746258e-02 2.616416e+00 1.828066e-05 8.936543e-03
9.772372e-03 1.368442e+00 5.287757e+03 9.034346e-01 6.167880e+05 4.908243e+01 2.992893e-02 1.682016e+00 1.778629e-05 9.017778e-03
1.000000e-02 1.370499e+00 5.163822e+03 9.279921e-01 5.731991e+05 4.561373e+01 -1.006540e-01 2.209136e+00 1.918996e-05 8.687330e-03
1.023293e-02 1.365600e+00 5.042054e+03 9.063620e-01 5.895278e+05 4.691313e+01 -8.049742e-02 3.450945e+00 1.763984e-05 8.869439e-03
1.047129e-02 1.368085e+00 4.924050e+03 8.733329e-01 5.819761e+05 4.631219e+01 -4.673507e-02 1.410043e+00 1.934778e-05 8.923113e-03
1.071519e-02 1.369481e+00 4.809415e+03 9.866377e-01 6.312100e+05 5.023009e+01 1.312427e-02 2.462755e+00 1.872450e-05 9.473671e-03
1.096478e-02 1.366610e+00 4.695861e+03 1.009037e+00 6.146082e+05 4.890897e+01 -3.899413e-02 2.099271e+00 1.921865e-05 9.832168e-03
1.122018e-02 1.357808e+00 4.586443e+03 9.105099e-01 5.746244e+05 4.572716e+01 -5.799310e-02 1.624653e+00 1.849296e-05 8.918055e-03
1.148154e-02 1.362590e+00 4.479114e+03 9.934706e-01 5.945036e+05 4.730909e+01 2.057186e-02 4.125898e+00 1.862811e-05 9.346937e-03
1.174898e-02 1.364237e+00 4.374837e+03 1.024976e+00 6.637652e+05 5.282076e+01 -1.848331e-02 1.902017e+00 1.959964e-05 1.000670e-02
1.202264e-02 1.364690e+00 4.272608e+03 1.014370e+00 6.129907e+05 4.878025e+01 -2.216730e-02 2.025350e+00 1.923925e-05 9.355841e-03
1.230269e-02 1.356109e+00 4.172622e+03 8.717917e-01 5.477420e+05 4.358792e+01 -4.434708e-02 1.720908e+00 1.858898e-05 8.295908e-03
1.258925e-02 1.354216e+00 4.074466e+03 9.894933e-01 6.113637e+05 4.865078e+01 6.395210e-03 1.474560e+00 1.987718e-05 9.040733e-03
1.288250e-02 1.361100e+00 3.980677e+03 9.762918e-01 6.032200e+05 4.800272e+01 9.825260e-03 2.351690e+00 1.898262e-05 9.247350e-03
1.318257e-02 1.352126e+00 3.887530e+03 9.141130e-01 5.939930e+05 4.726846e+01 2.080401e-02 2.024844e+00 2.127890e-05 9.249909e-03
1.348963e-02 1.353055e+00 3.796419e+03 9.833652e-01 5.915406e+05 4.707330e+01 1.755953e-02 1.945705e+00 1.864911e-05 9.380013e-03
1.380384e-02 1.350715e+00 3.708053e+03 9.153894e-01 5.908088e+05 4.701507e+01 -1.300086e-02 1.893445e+00 1.847693e-05 9.013708e-03
1.412538e-02 1.353278e+00 3.622361e+03 9.473192e-01 5.999097e+05 4.773930e+01 -3.144586e-02 1.707075e+00 1.988248e-05 9.302453e-03
1.445440e-02 1.349023e+00 3.537916e+03 9.530066e-01 6.511292e+05 5.181522e+01 -5.115757e-02 2.215498e+00 1.968253e-05 9.974342e-03
1.479108e-02 1.344979e+00 3.455779e+03 9.566713e-01 5.791316e+05 4.608582e+01 2.697484e-02 1.175567e+00 1.954492e-05 9.426921e-03
1.513561e-02 1.350817e+00 3.375266e+03 9.271026e-01 5.795128e+05 4.611616e+01 -7.917059e-03 1.211462e+00 2.144387e-05 8.879489e-03
1.548817e-02 1.339105e+00 3.296583e+03 9.563062e-01 6.244275e+05 4.969036e+01 -2.911715e-02 1.918134e+00 2.081336e-05 9.616526e-03
1.584893e-02 1.338387e+00 3.219898e+03 9.101618e-01 5.984939e+05 4.762663e+01 -1.625859e-02 1.586689e+00 2.148761e-05 9.158056e-03
1.621810e-02 1.341434e+00 3.145532e+03 9.011559e-01 5.636372e+05 4.485282e+01 7.232762e-02 1.140513e+00 1.964578e-05 8.909341e-03
1.659587e-02 1.333866e+00 3.072564e+03 9.840240e-01 6.004425e+05 4.778169e+01 1.900415e-02 2.227432e+00 2.055969e-05 9.556868e-03
1.698244e-02 1.331092e+00 3.000875e+03 9.379385e-01 5.755543e+05 4.580115e+01 -4.739861e-02 2.410181e+00 2.183217e-05 8.734571e-03
1.737801e-02 1.334106e+00 2.932295e+03 9.057633e-01 5.707036e+05 4.541515e+01 -3.633951e-02 8.355303e-01 2.037687e-05 9.251689e-03
1.778279e-02 1.329517e+00 2.864268e+03 9.857219e-01 6.459401e+05 5.140228e+01 -4.489996e-02 2.094853e+00 2.086334e-05 1.011878e-02
1.819701e-02 1.328476e+00 2.797568e+03 9.586420e-01 5.823409e+05 4.634122e+01 -6.399890e-02 1.983266e+00 2.176459e-05 9.628293e-03
1.862087e-02 1.321811e+00 2.732655e+03 9.478821e-01 6.101385e+05 4.855328e+01 -2.045955e-02 1.227862e+00 2.178556e-05 9.729255e-03
1.905461e-02 1.328801e+00 2.669422e+03 8.767329e-01 5.616332e+05 4.469335e+01 -7.390022e-03 7.230892e-01 2.233015e-05 8.968131e-03
1.949845e-02 1.330534e+00 2.608675e+03 9.928008e-01 6.080817e+05 4.838961e+01 1.835026e-03 1.503553e+00 2.211417e-05 9.606663e-03
1.995262e-02 1.324507e+00 2.547405e+03 9.400587e-01 6.069358e+05 4.829841e+01 -2.779739e-02 1.059696e+00 2.250672e-05 9.599848e-03
2.041738e-02 1.321922e+00 2.488669e+03 9.702873e-01 6.154284e+05 4.897424e+01 -5.553588e-02 1.587688e+00 2.218645e-05 1.002598e-02
2.089296e-02 1.319034e+00 2.431543e+03 8.985824e-01 5.622296e+05 4.474081e+01 -1.013163e-01 1.092898e+00 2.189407e-05 9.118902e-03
2.137962e-02 1.320737e+00 2.375291e+03 9.637798e-01 6.146109e+05 4.890918e+01 -3.889600e-02 9.414696e-01 2.198044e-05 9.877365e-03
2.187762e-02 1.312251e+00 2.320538e+03 9.495932e-01 5.940821e+05 4.727555e+01 -5.113390e-02 1.039117e+00 2.163673e-05 9.812342e-03
2.238721e-02 1.313866e+00 2.266832e+03 9.301918e-01 5.806748e+05 4.620863e+01 7.290501e-03 9.723479e-01 2.265063e-05 9.494700e-03
2.290868e-02 1.309134e+00 2.214525e+03 9.103109e-01 5.966169e+05 4.747726e+01 7.742113e-03 1.542051e+00 2.517868e-05 9.732993e-03
2.344229e-02 1.298086e+00 2.163047e+03 9.150528e-01 5.703372e+05 4.538599e+01 2.306802e-02 5.401568e-01 2.250920e-05 9.486389e-03
2.398833e-02 1.306957e+00 2.113556e+03 9.426412e-01 5.953613e+05 4.737735e+01 -1.450316e-02 7.320138e-01 2.251878e-05 9.714292e-03
2.454709e-02 1.295214e+00 2.064512e+03 9.920268e-01 6.131886e+05 4.879600e+01 -7.528522e-04 1.141990e+00 2.323130e-05 1.030701e-02
2.511886e-02 1.301523e+00 2.016999e+03 9.943481e-01 5.907459e+05 4.701006e+01 -9.053400e-03 7.163106e-01 2.261741e-05 1.012661e-02
2.570396e-02 1.300691e+00 1.971542e+03 8.894011e-01 5.408452e+05 4.303910e+01 -1.072237e-03 1.304482e+00 2.199965e-05 8.787952e-03
2.630268e-02 1.292100e+00 1.925614e+03 9.627107e-01 6.045680e+05 4.810999e+01 -6.395539e-02 9.427087e-01 2.568255e-05 1.035243e-02
2.691535e-02 1.290401e+00 1.881000e+03 1.015530e+00 5.941398e+05 4.728014e+01 5.737332e-03 1.132701e+00 2.626659e-05 1.053290e-02
2.754229e-02 1.293120e+00 1.837802e+03 9.188565e-01 5.862280e+05 4.665054e+01 4.083118e-02 9.117197e-01 2.412851e-05 9.953133e-03
2.818383e-02 1.294326e+00 1.795855e+03 9.622502e-01 6.076571e+05 4.835581e+01 1.067233e-03 8.007491e-01 2.490505e-05 1.026865e-02
2.884032e-02 1.286056e+00 1.753932e+03 9.629555e-01 5.586225e+05 4.445377e+01 3.958276e-02 9.502757e-01 2.383750e-05 9.417694e-03
2.951209e-02 1.289106e+00 1.714062e+03 9.412459e-01 6.245422e+05 4.969949e+01 -2.662927e-02 1.137254e+00 2.397704e-05 1.034197e-02
3.019952e-02 1.281742e+00 1.674593e+03 9.470037e-01 6.154589e+05 4.897666e+01 4.517201e-02 8.498678e-01 2.421464e-05 1.065382e-02
3.090295e-02 1.281231e+00 1.636201e+03 9.809381e-01 6.067313e+05 4.828214e+01 -6.963811e-02 1.065796e+00 2.655700e-05 1.066884e-02
3.162278e-02 1.276987e+00 1.598987e+03 9.027760e-01 5.815215e+05 4.627601e+01 -1.373847e-02 5.780592e-01 2.452856e-05 9.656478e-03
3.235937e-02 1.270249e+00 1.561525e+03 9.601949e-01 6.079395e+05 4.837828e+01 -2.528838e-02 6.009387e-01 2.771501e-05 1.059571e-02
3.311311e-02 1.274479e+00 1.526108e+03 1.017728e+00 6.364288e+05 5.064539e+01 -3.113550e-02 6.859919e-01 2.488838e-05 1.090327e-02
3.388442e-02 1.275790e+00 1.491003e+03 9.142516e-01 6.059414e+05 4.821928e+01 -6.079013e-02 6.338477e-01 2.677801e-05 1.049839e-02
3.467369e-02 1.273877e+00 1.456687e+03 9.446059e-01 5.947018e+05 4.732486e+01 5.762555e-02 4.048483e-01 2.385700e-05 9.904736e-03
3.548134e-02 1.266048e+00 1.423330e+03 9.396294e-01 5.980144e+05 4.758847e+01 -2.600892e-02 8.281343e-01 2.688830e-05 1.033623e-02
3.630781e-02 1.268253e+00 1.390911e+03 9.779662e-01 5.682013e+05 4.521602e+01 -2.402670e-02 2.886404e-01 2.860558e-05 1.025001e-02
3.715352e-02 1.259245e+00 1.358472e+03 9.741161e-01 6.130852e+05 4.878777e+01 1.385035e-02 4.143737e-01 2.778374e-05 1.081622e-02
3.801894e-02 1.261099e+00 1.327668e+03 9.257966e-01 5.743857e+05 4.570816e+01 6.922326e-02 5.288524e-01 2.746618e-05 1.001439e-02
3.890451e-02 1.258114e+00 1.297094e+03 9.931348e-01 6.138461e+05 4.884832e+01 4.787687e-03 8.223000e-01 2.843907e-05 1.051428e-02
3.981072e-02 1.250699e+00 1.267324e+03 9.216959e-01 5.632565e+05 4.482253e+01 4.313016e-03 5.147257e-01 2.868434e-05 1.019198e-02
4.073803e-02 1.253141e+00 1.238435e+03 9.846617e-01 6.241858e+05 4.967113e+01 3.298566e-02 6.151406e-01 2.820474e-05 1.137376e-02
4.168694e-02 1.250975e+00 1.209802e+03 9.651223e-01 5.890414e+05 4.687442e+01 1.010563e-03 4.236332e-01 3.139187e-05 1.092860e-02
4.265795e-02 1.250257e+00 1.182250e+03 9.428109e-01 6.270869e+05 4.990199e+01 -7.222632e-03 7.615258e-01 2.896540e-05 1.115366e-02
4.365158e-02 1.241472e+00 1.155630e+03 9.349465e-01 6.066290e+05 4.827400e+01 1.296658e-02 4.384900e-01 2.867745e-05 1.110054e-02
4.466836e-02 1.233132e+00 1.129001e+03 8.971604e-01 5.979255e+05 4.758140e+01 4.289513e-02 4.914500e-01 2.906667e-05 1.117769e-02
4.570882e-02 1.237675e+00 1.102810e+03 9.433876e-01 6.008367e+05 4.781306e+01 4.213286e-02 4.642743e-01 2.990672e-05 1.126517e-02
4.677351e-02 1.238864e+00 1.077803e+03 9.851661e-01 5.944242e+05 4.730277e+01 5.734479e-02 2.586955e-01 3.029843e-05 1.124499e-02
4.786301e-02 1.227504e+00 1.052737e+03 9.047200e-01 5.690288e+05 4.528187e+01 3.479682e-04 3.326384e-01 3.012417e-05 1.090711e-02
4.897788e-02 1.225261e+00 1.028758e+03 9.498098e-01 6.078982e+05 4.837500e+01 6.954468e-02 3.109320e-01 3.229646e-05 1.151092e-02
5.011872e-02 1.225124e+00 1.005230e+03 9.498755e-01 5.697457e+05 4.533892e+01 1.009301e-01 6.595460e-01 3.236118e-05 1.067341e-02
5.128614e-02 1.229735e+00 9.824169e+02 9.705114e-01 6.273777e+05 4.992513e+01 -7.164071e-03 3.020151e-01 3.115069e-05 1.167004e-02
5.248075e-02 1.225358e+00 9.600524e+02 8.678650e-01 5.239075e+05 4.169123e+01 4.363251e-02 6.892896e-01 3.024192e-05 9.990225e-03
5.370318e-02 1.220030e+00 9.379879e+02 9.475728e-01 5.846884e+05 4.652803e+01 1.043213e-02 5.452268e-01 3.615119e-05 1.099437e-02
5.495409e-02 1.223019e+00 9.167201e+02 9.438106e-01 5.871148e+05 4.672111e+01 4.055786e-03 3.643066e-01 3.567772e-05 1.129921e-02
5.623413e-02 1.211848e+00 8.955636e+02 8.725446e-01 5.428600e+05 4.319943e+01 1.831889e-02 4.071010e-01 3.472765e-05 1.040968e-02
5.754399e-02 1.204370e+00 8.749491e+02 9.401147e-01 5.767161e+05 4.589361e+01 -1.677601e-02 4.321204e-01 3.489517e-05 1.134254e-02
5.888437e-02 1.206062e+00 8.551084e+02 9.528292e-01 5.613154e+05 4.466806e+01 4.705944e-02 3.936361e-01 3.437313e-05 1.112280e-02
6.025596e-02 1.208390e+00 8.356520e+02 1.030365e+00 6.421846e+05 5.110342e+01 4.487177e-02 5.805592e-01 3.836916e-05 1.269186e-02
6.165950e-02 1.210406e+00 8.164775e+02 9.464603e-01 5.905187e+05 4.699198e+01 8.319247e-02 3.811093e-01 3.529105e-05 1.066269e-02
6.309573e-02 1.205046e+00 7.978045e+02 8.742143e-01 5.556852e+05 4.422002e+01 3.878917e-02 4.804644e-01 3.680044e-05 1.075117e-02
6.456542e-02 1.199866e+00 7.793361e+02 9.284041e-01 5.956149e+05 4.739753e+01 1.315965e-02 6.697963e-01 3.607133e-05 1.137939e-02
6.606934e-02 1.185747e+00 7.618008e+02 9.348033e-01 5.808007e+05 4.621865e+01 6.733133e-02 2.839379e-01 3.567594e-05 1.196512e-02
6.760830e-02 1.188601e+00 7.442378e+02 9.161074e-01 5.617432e+05 4.470210e+01 5.853796e-02 2.752415e-01 3.401575e-05 1.112530e-02
6.918310e-02 1.190877e+00 7.272989e+02 8.972894e-01 5.430679e+05 4.321597e+01 2.027196e-01 2.368555e-01 4.075856e-05 1.128780e-02
7.079458e-02 1.186931e+00 7.106481e+02 9.213766e-01 5.602404e+05 4.458252e+01 2.236095e-02 3.028083e-01 3.716084e-05 1.152670e-02
7.244360e-02 1.186122e+00 6.947824e+02 9.125497e-01 5.701315e+05 4.536962e+01 1.349130e-01 1.670503e-01 4.119909e-05 1.178013e-02
7.413102e-02 1.183812e+00 6.785574e+02 9.545125e-01 5.952495e+05 4.736845e+01 1.010452e-01 2.238127e-01 4.165248e-05 1.177810e-02
7.585776e-02 1.180577e+00 6.632239e+02 9.562682e-01 6.302571e+05 5.015427e+01 7.045403e-02 3.605994e-01 4.023751e-05 1.249514e-02
7.762471e-02 1.177717e+00 6.479669e+02 8.986783e-01 5.693251e+05 4.530545e+01 3.928417e-02 8.573497e-02 4.150259e-05 1.110604e-02
7.943282e-02 1.174087e+00 6.332503e+02 9.231640e-01 5.733131e+05 4.562281e+01 8.524986e-02 5.187407e-01 3.991378e-05 1.183241e-02
8.128305e-02 1.170629e+00 6.191135e+02 9.201702e-01 5.350612e+05 4.257882e+01 3.677347e-02 3.383186e-01 4.378460e-05 1.145459e-02
8.317638e-02 1.165978e+00 6.047648e+02 9.420130e-01 5.720382e+05 4.552136e+01 2.027311e-01 2.019757e-01 4.368354e-05 1.172531e-02
8.511380e-02 1.167733e+00 5.912254e+02 9.661829e-01 5.944942e+05 4.730834e+01 3.620646e-02 2.367019e-01 4.718499e-05 1.258649e-02
8.709636e-02 1.172570e+00 5.773568e+02 9.167385e-01 5.960517e+05 4.743228e+01 -1.966791e-02 2.119717e-01 4.145518e-05 1.229041e-02
8.912509e-02 1.165466e+00 5.643301e+02 9.310331e-01 5.870414e+05 4.671527e+01 2.793897e-03 2.437366e-01 4.422414e-05 1.199839e-02
9.120108e-02 1.155224e+00 5.514957e+02 9.572202e-01 5.432373e+05 4.322945e+01 -1.191968e-02 3.353345e-01 4.445995e-05 1.168081e-02
9.332543e-02 1.158945e+00 5.387556e+02 9.009310e-01 5.590339e+05 4.448650e+01 4.772724e-02 1.689438e-01 5.159898e-05 1.190703e-02
9.549926e-02 1.150171e+00 5.266777e+02 9.192830e-01 5.408962e+05 4.304315e+01 2.062505e-02 1.541156e-01 5.159990e-05 1.154801e-02
9.772372e-02 1.150659e+00 5.144656e+02 9.598176e-01 5.688533e+05 4.526791e+01 4.831592e-03 1.143639e-01 4.959244e-05 1.225859e-02
1.000000e-01 1.153274e+00 5.029264e+02 9.978770e-01 5.753674e+05 4.578628e+01 -7.113649e-02 2.959339e-01 5.102010e-05 1.261457e-02
1.023293e-01 1.151093e+00 4.914107e+02 9.420346e-01 5.748294e+05 4.574347e+01 -1.176773e-02 2.773754e-01 5.159748e-05 1.261973e-02
1.047129e-01 1.141005e+00 4.802672e+02 8.765703e-01 5.322862e+05 4.235799e+01 -1.451550e-02 2.247244e-01 5.372449e-05 1.153222e-02
1.071519e-01 1.131515e+00 4.690845e+02 8.930132e-01 5.465795e+05 4.349541e+01 1.299557e-02 4.571017e-01 5.587605e-05 1.181956e-02
1.096478e-01 1.140853e+00 4.586662e+02 9.678735e-01 5.893284e+05 4.689726e+01 2.624734e-02 1.637126e-01 5.702511e-05 1.326955e-02
1.122018e-01 1.140667e+00 4.481063e+02 9.440201e-01 5.710701e+05 4.544431e+01 -6.602774e-02 2.867392e-01 5.298183e-05 1.262303e-02
1.148154e-01 1.134791e+00 4.379228e+02 9.026046e-01 5.776880e+05 4.597095e+01 3.277190e-02 2.033083e-02 5.806051e-05 1.280228e-02
1.174898e-01 1.137835e+00 4.281632e+02 9.455605e-01 6.010249e+05 4.782804e+01 -1.055468e-01 1.921111e-01 5.601689e-05 1.297833e-02
1.202264e-01 1.126463e+00 4.182684e+02 9.111991e-01 5.372282e+05 4.275126e+01 -5.004088e-02 2.667902e-01 5.959089e-05 1.163839e-02
1.230269e-01 1.127250e+00 4.087122e+02 9.073965e-01 5.786305e+05 4.604595e+01 -7.422060e-02 1.121243e-01 6.161882e-05 1.291737e-02
1.258925e-01 1.118926e+00 3.993057e+02 8.619662e-01 5.247270e+05 4.175645e+01 -8.470831e-03 2.004301e-01 6.066665e-05 1.192160e-02
1.288250e-01 1.121582e+00 3.903037e+02 9.786268e-01 6.034389e+05 4.802014e+01 5.160486e-02 1.316558e-01 6.233595e-05 1.369098e-02
1.318257e-01 1.117499e+00 3.813213e+02 9.194533e-01 5.514811e+05 4.388547e+01 5.902076e-02 2.665912e-01 6.266382e-05 1.276856e-02
1.348963e-01 1.120717e+00 3.727141e+02 9.017169e-01 5.457684e+05 4.343087e+01 -1.283892e-02 2.614449e-01 6.434971e-05 1.247598e-02
1.380384e-01 1.112049e+00 3.643128e+02 8.925970e-01 5.064837e+05 4.030469e+01 1.314141e-02 -2.071732e-02 6.824139e-05 1.155812e-02
1.412538e-01 1.111763e+00 3.559718e+02 9.299566e-01 5.861889e+05 4.664743e+01 -2.228706e-02 1.441002e-01 6.711328e-05 1.372574e-02
1.445440e-01 1.108754e+00 3.479676e+02 8.565490e-01 4.947860e+05 3.937382e+01 -1.948311e-02 8.914829e-02 6.804054e-05 1.187367e-02
1.479108e-01 1.108346e+00 3.399831e+02 9.347443e-01 5.853392e+05 4.657981e+01 -5.267761e-04 3.659072e-01 6.987083e-05 1.354147e-02
1.513561e-01 1.098888e+00 3.323579e+02 8.970061e-01 5.628436e+05 4.478967e+01 -3.123414e-02 1.242585e-01 7.187125e-05 1.311150e-02
1.548817e-01 1.098438e+00 3.245174e+02 9.156644e-01 5.517341e+05 4.390561e+01 1.897978e-02 1.819245e-01 6.941696e-05 1.265639e-02
1.584893e-01 1.093546e+00 3.172764e+02 9.116036e-01 5.584955e+05 4.444366e+01 2.261569e-02 7.736716e-02 7.836071e-05 1.312278e-02
1.621810e-01 1.097464e+00 3.101542e+02 9.275195e-01 5.654167e+05 4.499443e+01 -2.484682e-02 1.718679e-01 7.709726e-05 1.353068e-02
1.659587e-01 1.098148e+00 3.029862e+02 9.214752e-01 5.414730e+05 4.308905e+01 -7.009646e-02 3.719118e-01 7.289252e-05 1.293158e-02
1.698244e-01 1.094674e+00 2.961227e+02 9.349881e-01 5.687538e+05 4.525999e+01 1.554896e-02 6.016822e-02 8.389991e-05 1.327980e-02
1.737801e-01 1.094299e+00 2.894892e+02 8.801645e-01 5.565269e+05 4.428701e+01 5.577778e-02 9.313016e-02 8.484739e-05 1.339032e-02
1.778279e-01 1.084508e+00 2.828756e+02 9.356385e-01 5.628670e+05 4.479153e+01 -5.781698e-02 1.190425e-01 8.470443e-05 1.382217e-02
1.819701e-01 1.080038e+00 2.764917e+02 9.110869e-01 5.414516e+05 4.308735e+01 3.534631e-02 1.363749e-01 7.531581e-05 1.389821e-02
1.862087e-01 1.076716e+00 2.702228e+02 8.999112e-01 5.628130e+05 4.478724e+01 5.610269e-02 2.920228e-02 8.336327e-05 1.374374e-02
1.905461e-01 1.069999e+00 2.640446e+02 9.148531e-01 5.738509e+05 4.566560e+01 7.313330e-02 1.554360e-01 8.833442e-05 1.427764e-02
1.949845e-01 1.074936e+00 2.580811e+02 9.125682e-01 5.625571e+05 4.476687e+01 -4.617910e-02 2.748991e-02 8.900240e-05 1.378593e-02
1.995262e-01 1.075799e+00 2.522238e+02 8.807090e-01 5.689226e+05 4.527342e+01 -6.166435e-02 3.952629e-02 9.317311e-05 1.383955e-02
2.041738e-01 1.065192e+00 2.464751e+02 8.448345e-01 5.422697e+05 4.315245e+01 -2.769206e-02 3.411708e-02 9.787888e-05 1.351968e-02
2.089296e-01 1.056865e+00 2.408513e+02 9.366477e-01 5.166363e+05 4.111261e+01 5.832116e-02 1.389045e-01 9.906291e-05 1.347025e-02
2.137962e-01 1.058738e+00 2.354854e+02 8.938524e-01 5.326570e+05 4.238750e+01 -2.901274e-02 -1.783011e-02 1.023055e-04 1.339738e-02
2.187762e-01 1.052965e+00 2.300946e+02 9.700513e-01 5.571741e+05 4.433851e+01 -3.840861e-02 5.488925e-02 8.741936e-05 1.485230e-02
2.238721e-01 1.053762e+00 2.247708e+02 8.719625e-01 5.262027e+05 4.187388e+01 -6.275265e-03 6.913621e-02 9.951537e-05 1.347401e-02
2.290868e-01 1.052281e+00 2.198178e+02 9.049264e-01 5.816066e+05 4.628278e+01 -2.004911e-02 1.550653e-01 9.534974e-05 1.482947e-02
2.344229e-01 1.051038e+00 2.148753e+02 9.348029e-01 5.298133e+05 4.216120e+01 3.342410e-02 2.781288e-02 9.899148e-05 1.397046e-02
2.398833e-01 1.058925e+00 2.100038e+02 9.562797e-01 5.436507e+05 4.326235e+01 2.763842e-02 7.220490e-02 1.056451e-04 1.363420e-02
2.454709e-01 1.046086e+00 2.052119e+02 8.690646e-01 5.217703e+05 4.152116e+01 -7.714651e-03 3.332981e-02 1.149670e-04 1.400518e-02
2.511886e-01 1.043975e+00 2.006112e+02 9.437266e-01 5.608519e+05 4.463117e+01 1.206119e-02 1.392740e-01 1.212054e-04 1.483189e-02
2.570396e-01 1.036598e+00 1.959302e+02 9.176767e-01 5.328254e+05 4.240089e+01 2.984025e-02 4.633183e-02 1.108428e-04 1.459867e-02
2.630268e-01 1.041532e+00 1.914680e+02 9.021944e-01 5.441320e+05 4.330065e+01 4.543875e-02 7.678625e-02 1.205325e-04 1.401976e-02
2.691535e-01 1.035425e+00 1.871369e+02 9.331841e-01 5.488186e+05 4.367359e+01 4.726440e-02 8.780184e-03 1.191831e-04 1.433892e-02
2.754229e-01 1.036261e+00 1.830823e+02 9.186028e-01 5.802977e+05 4.617862e+01 3.066561e-02 1.119502e-01 1.240876e-04 1.519588e-02
2.818383e-01 1.030696e+00 1.788290e+02 9.494278e-01 5.459844e+05 4.344806e+01 9.188693e-02 7.708889e-02 1.234342e-04 1.468169e-02
2.884032e-01 1.028459e+00 1.747325e+02 9.887251e-01 5.848959e+05 4.654453e+01 7.304150e-02 4.916245e-02 1.289897e-04 1.620622e-02
2.951209e-01 1.030046e+00 1.707858e+02 9.447151e-01 5.645359e+05 4.492434e+01 -2.373574e-03 1.267666e-02 1.262591e-04 1.486729e-02
3.019952e-01 1.033255e+00 1.670154e+02 1.032879e+00 6.095043e+05 4.850281e+01 3.361282e-03 1.068760e-01 1.278103e-04 1.628037e-02
3.090295e-01 1.026973e+00 1.629739e+02 1.022029e+00 6.130327e+05 4.878359e+01 7.942389e-02 1.282868e-01 1.444607e-04 1.609718e-02
3.162278e-01 1.028891e+00 1.593687e+02 9.792424e-01 5.613192e+05 4.466836e+01 -6.039240e-02 7.431761e-02 1.413165e-04 1.495386e-02
3.235937e-01 1.019617e+00 1.558438e+02 1.010969e+00 6.044849e+05 4.810338e+01 -1.466783e-02 5.780606e-02 1.397439e-04 1.636092e-02
3.311311e-01 1.017515e+00 1.521757e+02 9.144356e-01 5.335374e+05 4.245755e+01 -2.721806e-02 1.079015e-01 1.384619e-04 1.433873e-02
3.388442e-01 1.016184e+00 1.487664e+02 9.183288e-01 5.497967e+05 4.375143e+01 9.506826e-02 1.024169e-01 1.465068e-04 1.504522e-02
3.467369e-01 1.010593e+00 1.455134e+02 9.486688e-01 5.853119e+05 4.657764e+01 2.085263e-01 3.893523e-02 1.536192e-04 1.618349e-02
3.548134e-01 1.008554e+00 1.421252e+02 9.260538e-01 5.827091e+05 4.637052e+01 9.397768e-02 9.394273e-02 1.471958e-04 1.580251e-02
3.630781e-01 1.009596e+00 1.388999e+02 9.234407e-01 5.532636e+05 4.402732e+01 -6.134948e-03 3.099426e-02 1.620725e-04 1.495651e-02
3.715352e-01 1.002527e+00 1.357179e+02 9.203060e-01 5.038865e+05 4.009801e+01 1.265815e-01 9.847318e-02 1.537334e-04 1.407801e-02
3.801894e-01 1.005360e+00 1.326795e+02 9.733264e-01 5.621521e+05 4.473464e+01 7.883184e-02 1.015700e-02 1.700302e-04 1.567427e-02
3.890451e-01 1.006065e+00 1.296863e+02 9.476481e-01 5.927627e+05 4.717056e+01 4.307156e-02 1.551732e-01 1.558684e-04 1.628526e-02
3.981072e-01 1.004314e+00 1.267343e+02 9.355353e-01 5.236005e+05 4.166680e+01 1.781881e-01 2.805569e-02 1.638807e-04 1.496142e-02
4.073803e-01 1.000912e+00 1.239848e+02 9.554611e-01 5.426734e+05 4.318458e+01 8.695166e-02 6.456067e-02 1.763284e-04 1.579664e-02
4.168694e-01 9.984718e-01 1.211190e+02 8.843475e-01 4.879184e+05 3.882731e+01 3.529061e-02 1.362374e-01 1.920698e-04 1.418999e-02
4.265795e-01 9.999049e-01 1.183670e+02 9.568436e-01 5.329511e+05 4.241090e+01 4.580210e-02 -4.310976e-02 1.820790e-04 1.519470e-02
4.365158e-01 9.914905e-01 1.157372e+02 9.469974e-01 5.393063e+05 4.291663e+01 1.626469e-02 4.797415e-04 2.023587e-04 1.561533e-02
4.466836e-01 9.858157e-01 1.130251e+02 9.713079e-01 5.288009e+05 4.208064e+01 -3.039572e-02 1.283757e-01 1.930397e-04 1.590804e-02
4.570882e-01 9.859238e-01 1.104618e+02 9.811524e-01 5.662058e+05 4.505722e+01 1.273635e-02 1.498772e-01 1.999479e-04 1.655864e-02
4.677351e-01 9.766246e-01 1.080244e+02 9.522030e-01 5.308359e+05 4.224258e+01 -1.069119e-01 2.802604e-02 1.963449e-04 1.517599e-02
4.786301e-01 9.849583e-01 1.055175e+02 9.882908e-01 5.389145e+05 4.288545e+01 1.978721e-02 -5.789330e-02 2.042441e-04 1.639955e-02
4.897788e-01 9.828410e-01 1.032048e+02 9.766804e-01 5.572004e+05 4.434059e+01 -2.372470e-02 1.206206e-01 2.177493e-04 1.595214e-02
5.011872e-01 9.757831e-01 1.008504e+02 9.174951e-01 5.471517e+05 4.354095e+01 -9.675342e-02 -1.878058e-02 2.251065e-04 1.659910e-02
5.128614e-01 9.724864e-01 9.854321e+01 9.649518e-01 5.444283e+05 4.332423e+01 6.435311e-02 -2.607588e-03 2.092009e-04 1.630017e-02
5.248075e-01 9.725660e-01 9.643144e+01 9.790249e-01 5.709787e+05 4.543704e+01 -1.049466e-02 9.978802e-02 2.256159e-04 1.735466e-02
5.370318e-01 9.746085e-01 9.415309e+01 9.789545e-01 5.432276e+05 4.322868e+01 -5.918080e-02 6.047401e-02 2.388274e-04 1.615045e-02
5.495409e-01 9.710222e-01 9.204227e+01 9.850422e-01 5.868085e+05 4.669674e+01 -3.653812e-02 4.283170e-04 2.389484e-04 1.764565e-02
5.623413e-01 9.689798e-01 9.004049e+01 8.894543e-01 5.503735e+05 4.379733e+01 -2.968528e-02 -2.586367e-02 2.357693e-04 1.706174e-02
5.754399e-01 9.603765e-01 8.791079e+01 1.050050e+00 5.680441e+05 4.520351e+01 4.375443e-03 2.621085e-02 2.590579e-04 1.802815e-02
5.888437e-01 9.714102e-01 8.597369e+01 9.626333e-01 5.684942e+05 4.523933e+01 -2.956857e-02 -5.489306e-02 2.393689e-04 1.729627e-02
6.025596e-01 9.668512e-01 8.402081e+01 9.003010e-01 5.103956e+05 4.061599e+01 3.749054e-02 5.592817e-02 2.488133e-04 1.571872e-02
6.165950e-01 9.572912e-01 8.202936e+01 9.169345e-01 5.255439e+05 4.182146e+01 -5.930211e-02 -2.915465e-02 2.355930e-04 1.692215e-02
6.309573e-01 9.565173e-01 8.023371e+01 9.315031e-01 5.448778e+05 4.336000e+01 -8.650962e-02 1.672999e-02 2.544902e-04 1.685057e-02
6.456542e-01 9.547714e-01 7.845291e+01 9.674118e-01 5.493408e+05 4.371515e+01 -2.601772e-02 -4.212639e-03 2.489335e-04 1.681950e-02
6.606934e-01 9.554726e-01 7.661842e+01 9.405872e-01 5.648865e+05 4.495224e+01 3.055686e-03 9.618442e-03 2.847387e-04 1.743617e-02
6.760830e-01 9.559082e-01 7.497705e+01 9.955441e-01 5.389549e+05 4.288867e+01 -8.079521e-02 5.417135e-02 2.714064e-04 1.772039e-02
6.918310e-01 9.547197e-01 7.328036e+01 9.042188e-01 5.497305e+05 4.374616e+01 -1.926419e-02 4.303487e-02 2.971994e-04 1.709455e-02
7.079458e-01 9.461058e-01 7.165568e+01 9.045269e-01 5.080563e+05 4.042984e+01 -4.962004e-02 4.452563e-02 2.865567e-04 1.617694e-02
7.244360e-01 9.482786e-01 7.002364e+01 9.891961e-01 5.646654e+05 4.493464e+01 -7.116047e-02 1.241944e-01 3.094229e-04 1.787857e-02
7.413102e-01 9.480303e-01 6.840560e+01 9.039198e-01 5.057807e+05 4.024875e+01 7.196734e-02 9.437897e-02 3.266610e-04 1.605901e-02
7.585776e-01 9.420962e-01 6.686897e+01 1.003057e+00 5.560546e+05 4.424941e+01 -8.397860e-02 -8.291770e-04 3.031923e-04 1.780670e-02
7.762471e-01 9.413253e-01 6.539040e+01 9.875808e-01 5.272988e+05 4.196111e+01 -3.305383e-02 6.966770e-02 3.003704e-04 1.743853e-02
7.943282e-01 9.342537e-01 6.393610e+01 9.581591e-01 5.313047e+05 4.227988e+01 -6.256317e-02 4.090019e-02 3.038629e-04 1.705995e-02
8.128305e-01 9.465302e-01 6.252824e+01 1.007414e+00 5.741713e+05 4.569110e+01 -6.215197e-02 6.597492e-02 3.556173e-04 1.799302e-02
8.317638e-01 9.368868e-01 6.109241e+01 8.809601e-01 5.110676e+05 4.066947e+01 1.512756e-02 -5.683546e-03 3.245144e-04 1.680536e-02
8.511380e-01 9.315267e-01 5.970285e+01 9.302780e-01 5.600419e+05 4.456672e+01 -4.068210e-02 -4.873311e-02 3.386354e-04 1.790628e-02
8.709636e-01 9.281106e-01 5.837698e+01 9.699496e-01 5.700067e+05 4.535969e+01 -7.352114e-02 -2.048617e-02 3.295012e-04 1.897448e-02
8.912509e-01 9.269732e-01 5.701567e+01 9.945010e-01 5.784140e+05 4.602872e+01 -5.670864e-02 1.765022e-02 3.532018e-04 1.881515e-02
9.120108e-01 9.139551e-01 5.572274e+01 9.695803e-01 5.440467e+05 4.329386e+01 -8.455815e-02 5.541391e-03 3.652540e-04 1.828449e-02
9.332543e-01 9.323301e-01 5.457830e+01 9.133887e-01 5.002526e+05 3.980884e+01 -6.549588e-02 3.460525e-02 3.639065e-04 1.624232e-02
9.549926e-01 9.219005e-01 5.328700e+01 9.001869e-01 5.074857e+05 4.038443e+01 -1.546849e-02 7.796579e-02 4.048342e-04 1.654061e-02
9.772372e-01 9.214934e-01 5.205672e+01 9.750515e-01 5.353890e+05 4.260491e+01 -5.930469e-02 1.130889e-01 3.852515e-04 1.852667e-02
