#./double_munderdamped_3d --dev=1 --amp=200.0 --omega=1 --mass=0.0 --force=0 --Dg=0.01 --block=256 --paths=1024 --periods=1000 --trans=100 --samples=10000 --spp=10000 --algorithm=euler --pav=1 --mode=moments --domain=1d --domainx=g:-3:0:300:1 --domainy=s:-1:2:100:1 --domainz=a:-1:2.5:100:1 --q=2 --eps=0 --phi=1.57079632679 --lambda=50.0 --zeta=0.02 --comp=0 --mean=1.0 --second=2.0 --skew=0.99 --distribution=s>> 1D_double_g:-3:0:300:1_2.0_50.0_0.99_1.0_200.0.dat
#g <<v>> <<v^2>> qnu(q) mu_q Dx Gx Gv EBx EBv
1.000000e-03 8.588652e+00 7.707490e+04 1.029792e+00 3.830579e+05 3.048277e+01 -1.083837e-01 1.348657e+01 1.285847e-05 1.489084e-04
1.023293e-03 8.533920e+00 7.459021e+04 1.085198e+00 4.790769e+05 3.812373e+01 -5.789431e-02 9.978162e+00 1.446961e-05 1.728677e-04
1.047129e-03 8.473989e+00 7.220476e+04 1.054074e+00 3.886910e+05 3.093105e+01 -6.554045e-02 2.650617e+01 1.255143e-05 1.483722e-04
1.071519e-03 8.419089e+00 6.991523e+04 1.048968e+00 3.893906e+05 3.098672e+01 -5.075422e-02 3.856161e+01 1.317361e-05 1.569120e-04
1.096478e-03 8.349139e+00 6.771747e+04 9.945467e-01 3.698604e+05 2.943255e+01 -7.394973e-02 2.423282e+01 1.278750e-05 1.458413e-04
1.122018e-03 8.298011e+00 6.561708e+04 1.121083e+00 4.223283e+05 3.360782e+01 -1.202104e-01 2.023388e+01 1.446372e-05 1.753523e-04
1.148154e-03 8.247045e+00 6.360080e+04 1.089112e+00 4.189757e+05 3.334102e+01 -2.524247e-02 3.758950e+01 1.390712e-05 1.682310e-04
1.174898e-03 8.194749e+00 6.165883e+04 1.084363e+00 3.968231e+05 3.157818e+01 3.713793e-02 8.730332e+00 1.359108e-05 1.680733e-04
1.202264e-03 8.127803e+00 5.978292e+04 9.862427e-01 3.859248e+05 3.071092e+01 -2.924602e-02 1.650558e+01 1.315860e-05 1.535785e-04
1.230269e-03 8.068819e+00 5.797516e+04 1.035551e+00 3.706196e+05 2.949297e+01 -2.922621e-02 8.999946e+00 1.369467e-05 1.571669e-04
1.258925e-03 8.011815e+00 5.624729e+04 1.047022e+00 3.938474e+05 3.134138e+01 1.565253e-02 1.002522e+01 1.391300e-05 1.701126e-04
1.288250e-03 7.954529e+00 5.457643e+04 9.964908e-01 3.427348e+05 2.727397e+01 2.751696e-03 1.835963e+01 1.383996e-05 1.517992e-04
1.318257e-03 7.898164e+00 5.297312e+04 1.012834e+00 3.422088e+05 2.723211e+01 -5.990468e-02 3.582005e+01 1.236302e-05 1.553323e-04
1.348963e-03 7.839528e+00 5.141167e+04 1.085210e+00 4.065385e+05 3.235130e+01 -1.402154e-01 1.794564e+01 1.350266e-05 1.718397e-04
1.380384e-03 7.783721e+00 4.992262e+04 1.008866e+00 3.522785e+05 2.803343e+01 -6.519656e-02 1.763661e+01 1.325140e-05 1.586413e-04
1.412538e-03 7.732594e+00 4.848689e+04 1.027562e+00 3.675250e+05 2.924671e+01 -3.000045e-02 2.046694e+01 1.457225e-05 1.721414e-04
1.445440e-03 7.666181e+00 4.708049e+04 1.003809e+00 3.357969e+05 2.672187e+01 8.083599e-03 1.296239e+01 1.275051e-05 1.591694e-04
1.479108e-03 7.611740e+00 4.574978e+04 1.041791e+00 3.312806e+05 2.636247e+01 2.696333e-02 1.650926e+01 1.287403e-05 1.603740e-04
1.513561e-03 7.546886e+00 4.444912e+04 1.019854e+00 3.511654e+05 2.794485e+01 -2.624649e-03 1.729013e+01 1.397224e-05 1.731258e-04
1.548817e-03 7.478871e+00 4.317972e+04 9.850251e-01 3.509508e+05 2.792778e+01 2.293328e-03 1.887819e+01 1.339410e-05 1.660610e-04
1.584893e-03 7.427658e+00 4.198311e+04 1.005663e+00 3.326255e+05 2.646949e+01 -4.563774e-02 2.217390e+01 1.282156e-05 1.636192e-04
1.621810e-03 7.363783e+00 4.081484e+04 1.057317e+00 3.256015e+05 2.591055e+01 -6.531823e-03 7.414653e+00 1.304809e-05 1.713236e-04
1.659587e-03 7.305210e+00 3.967847e+04 9.880925e-01 2.843723e+05 2.262963e+01 9.515944e-02 1.019336e+01 1.345099e-05 1.473330e-04
1.698244e-03 7.241174e+00 3.857940e+04 9.421472e-01 2.931837e+05 2.333082e+01 -2.694007e-02 2.013825e+01 1.282878e-05 1.508669e-04
1.737801e-03 7.188356e+00 3.752472e+04 9.536630e-01 2.960288e+05 2.355722e+01 -1.434667e-01 9.946927e+00 1.366714e-05 1.549944e-04
1.778279e-03 7.119391e+00 3.649197e+04 9.637423e-01 2.783358e+05 2.214926e+01 -2.812161e-02 1.295544e+01 1.338024e-05 1.537242e-04
1.819701e-03 7.063148e+00 3.550429e+04 1.052415e+00 3.154451e+05 2.510232e+01 -7.026839e-03 7.659972e+00 1.409297e-05 1.721317e-04
1.862087e-03 6.992741e+00 3.454171e+04 9.575510e-01 2.725755e+05 2.169087e+01 -1.523301e-02 7.652963e+00 1.344991e-05 1.558666e-04
1.905461e-03 6.941199e+00 3.361694e+04 9.434327e-01 2.881139e+05 2.292737e+01 1.155208e-01 2.228565e+01 1.355499e-05 1.598902e-04
1.949845e-03 6.876329e+00 3.271844e+04 1.017096e+00 3.151801e+05 2.508123e+01 8.321247e-02 1.282218e+01 1.308873e-05 1.824754e-04
1.995262e-03 6.817405e+00 3.183983e+04 9.837821e-01 2.991069e+05 2.380217e+01 -8.657372e-02 5.803907e+00 1.344984e-05 1.752400e-04
2.041738e-03 6.748504e+00 3.098506e+04 9.936157e-01 2.909459e+05 2.315274e+01 6.514549e-02 1.532313e+01 1.349204e-05 1.786228e-04
2.089296e-03 6.688644e+00 3.016857e+04 9.904876e-01 2.817893e+05 2.242408e+01 4.472055e-03 9.052113e+00 1.334740e-05 1.732945e-04
2.137962e-03 6.624579e+00 2.937134e+04 1.026773e+00 2.898165e+05 2.306286e+01 8.888081e-02 9.002814e+00 1.416395e-05 1.897156e-04
2.187762e-03 6.562871e+00 2.859567e+04 1.028645e+00 2.821722e+05 2.245455e+01 -4.016075e-03 1.022196e+01 1.285846e-05 1.814154e-04
2.238721e-03 6.496039e+00 2.784467e+04 9.973791e-01 2.704740e+05 2.152364e+01 -4.366923e-04 5.654201e+00 1.277617e-05 1.810788e-04
2.290868e-03 6.438047e+00 2.713085e+04 1.010215e+00 2.744922e+05 2.184340e+01 5.490610e-02 1.144180e+01 1.349887e-05 1.829642e-04
2.344229e-03 6.372932e+00 2.641672e+04 1.010601e+00 2.688912e+05 2.139768e+01 -2.392673e-02 7.153506e+00 1.346323e-05 1.822104e-04
2.398833e-03 6.305568e+00 2.573784e+04 9.824001e-01 2.525498e+05 2.009728e+01 -1.741997e-02 9.616192e+00 1.296267e-05 1.739261e-04
2.454709e-03 6.244457e+00 2.507346e+04 1.076579e+00 2.777422e+05 2.210202e+01 8.711630e-03 4.925449e+00 1.399158e-05 1.977566e-04
2.511886e-03 6.178742e+00 2.442102e+04 9.888166e-01 2.640466e+05 2.101216e+01 -5.686703e-02 9.109757e+00 1.443363e-05 1.913573e-04
2.570396e-03 6.107607e+00 2.379682e+04 9.914638e-01 2.683404e+05 2.135385e+01 2.444638e-02 3.862938e+00 1.366720e-05 1.983101e-04
2.630268e-03 6.049979e+00 2.319087e+04 9.800692e-01 2.491374e+05 1.982573e+01 -4.775197e-02 6.969280e+00 1.362628e-05 1.889249e-04
2.691535e-03 5.984012e+00 2.260350e+04 9.566738e-01 2.464604e+05 1.961269e+01 -2.308699e-02 8.272701e+00 1.373966e-05 1.945616e-04
2.754229e-03 5.920064e+00 2.202569e+04 1.007092e+00 2.547815e+05 2.027486e+01 1.100187e-02 7.134158e+00 1.364450e-05 2.006285e-04
2.818383e-03 5.849680e+00 2.146891e+04 9.151434e-01 2.413110e+05 1.920292e+01 -5.106378e-02 5.079503e+00 1.394361e-05 1.930243e-04
2.884032e-03 5.788804e+00 2.092619e+04 9.856865e-01 2.490841e+05 1.982148e+01 -9.081672e-02 6.760007e+00 1.368463e-05 2.027104e-04
2.951209e-03 5.717514e+00 2.039809e+04 9.396067e-01 2.269696e+05 1.806167e+01 -4.063737e-02 6.910529e+00 1.319232e-05 1.918444e-04
3.019952e-03 5.650543e+00 1.988441e+04 9.149162e-01 2.258683e+05 1.797403e+01 -9.516255e-02 5.892641e+00 1.316407e-05 1.972680e-04
3.090295e-03 5.586756e+00 1.939081e+04 9.486450e-01 2.316192e+05 1.843167e+01 -3.441196e-02 6.565983e+00 1.379246e-05 2.046255e-04
3.162278e-03 5.520315e+00 1.889881e+04 9.135898e-01 2.137275e+05 1.700789e+01 3.561410e-02 6.271451e+00 1.384963e-05 1.938402e-04
3.235937e-03 5.457043e+00 1.843312e+04 9.479589e-01 2.237797e+05 1.780782e+01 -1.815039e-02 3.250409e+00 1.269589e-05 2.031554e-04
3.311311e-03 5.390716e+00 1.797440e+04 1.003495e+00 2.405419e+05 1.914171e+01 6.217525e-03 8.326216e+00 1.356696e-05 2.304558e-04
3.388442e-03 5.324278e+00 1.753162e+04 9.534039e-01 2.144525e+05 1.706558e+01 -3.541181e-02 6.835944e+00 1.336639e-05 2.126668e-04
3.467369e-03 5.260014e+00 1.709609e+04 9.648445e-01 2.222153e+05 1.768333e+01 -5.671396e-02 4.153796e+00 1.417143e-05 2.226427e-04
3.548134e-03 5.186460e+00 1.667091e+04 1.057033e+00 2.523293e+05 2.007973e+01 -1.026985e-01 1.418679e+01 1.526369e-05 2.589498e-04
3.630781e-03 5.123001e+00 1.626021e+04 1.035354e+00 2.318570e+05 1.845059e+01 -2.171633e-02 7.968214e+00 1.462113e-05 2.456000e-04
3.715352e-03 5.062925e+00 1.586238e+04 9.623970e-01 2.193267e+05 1.745347e+01 2.813042e-02 5.551147e+00 1.296537e-05 2.418164e-04
3.801894e-03 4.994996e+00 1.547426e+04 9.854542e-01 2.249327e+05 1.789957e+01 -2.878599e-02 8.021383e+00 1.423803e-05 2.529488e-04
3.890451e-03 4.927011e+00 1.509354e+04 9.796531e-01 2.240473e+05 1.782912e+01 9.752686e-02 3.579699e+00 1.433581e-05 2.566674e-04
3.981072e-03 4.864168e+00 1.472606e+04 9.547371e-01 2.017549e+05 1.605514e+01 5.780829e-02 7.860710e+00 1.385489e-05 2.377390e-04
4.073803e-03 4.799302e+00 1.437038e+04 1.040663e+00 2.120283e+05 1.687267e+01 5.468309e-02 6.910545e+00 1.600915e-05 2.617500e-04
4.168694e-03 4.729621e+00 1.401559e+04 9.819804e-01 2.035198e+05 1.619559e+01 5.069012e-02 5.659601e+00 1.493346e-05 2.537389e-04
4.265795e-03 4.664058e+00 1.367488e+04 9.583001e-01 2.053922e+05 1.634459e+01 1.114534e-01 4.901552e+00 1.377972e-05 2.574857e-04
4.365158e-03 4.603161e+00 1.334533e+04 9.821994e-01 1.967710e+05 1.565854e+01 -5.230730e-02 6.150245e+00 1.383770e-05 2.602729e-04
4.466836e-03 4.533831e+00 1.302247e+04 1.028459e+00 2.184016e+05 1.737985e+01 -6.461015e-02 3.556990e+00 1.500208e-05 3.042353e-04
4.570882e-03 4.472960e+00 1.270732e+04 9.738808e-01 1.962907e+05 1.562031e+01 -3.362442e-02 4.977047e+00 1.393695e-05 2.665925e-04
4.677351e-03 4.406172e+00 1.240365e+04 1.015839e+00 1.921753e+05 1.529283e+01 2.267264e-01 4.582440e+00 1.466752e-05 2.781608e-04
4.786301e-03 4.346167e+00 1.210328e+04 1.023583e+00 2.024818e+05 1.611299e+01 -2.181557e-03 9.621440e+00 1.474050e-05 3.000513e-04
4.897788e-03 4.280377e+00 1.181071e+04 1.016733e+00 1.914387e+05 1.523421e+01 -5.593201e-02 2.148644e+00 1.496085e-05 3.010131e-04
5.011872e-03 4.220763e+00 1.152959e+04 1.060878e+00 2.069415e+05 1.646788e+01 -5.702852e-02 4.486531e+00 1.520358e-05 3.268143e-04
5.128614e-03 4.156775e+00 1.125414e+04 1.056112e+00 2.085532e+05 1.659613e+01 -7.181430e-02 2.765453e+00 1.621630e-05 3.340604e-04
5.248075e-03 4.089879e+00 1.098263e+04 1.003540e+00 1.848294e+05 1.470826e+01 -5.120233e-02 8.027647e+00 1.468930e-05 3.027078e-04
5.370318e-03 4.027344e+00 1.072161e+04 1.023168e+00 1.880584e+05 1.496521e+01 3.596068e-02 2.679170e+00 1.477349e-05 3.291211e-04
5.495409e-03 3.964493e+00 1.046634e+04 1.035255e+00 1.882104e+05 1.497731e+01 -6.008982e-02 2.766468e+00 1.587102e-05 3.389845e-04
5.623413e-03 3.908510e+00 1.021791e+04 9.875623e-01 1.745736e+05 1.389213e+01 -2.346785e-02 6.716037e+00 1.495196e-05 3.257368e-04
5.754399e-03 3.843690e+00 9.974916e+03 1.040434e+00 1.834433e+05 1.459795e+01 -6.960023e-02 3.075328e+00 1.529235e-05 3.465626e-04
5.888437e-03 3.780679e+00 9.735930e+03 9.791602e-01 1.749819e+05 1.392462e+01 -7.146484e-02 4.128869e+00 1.544453e-05 3.384900e-04
6.025596e-03 3.719628e+00 9.504906e+03 1.072088e+00 1.751293e+05 1.393635e+01 -4.949082e-02 2.215510e+00 1.551749e-05 3.522858e-04
6.165950e-03 3.658670e+00 9.277937e+03 9.469648e-01 1.542806e+05 1.227726e+01 -3.950444e-02 3.440541e+00 1.362097e-05 3.120874e-04
6.309573e-03 3.602221e+00 9.062059e+03 1.012061e+00 1.678081e+05 1.335374e+01 -1.499283e-01 3.758512e+00 1.418634e-05 3.540434e-04
6.456542e-03 3.539047e+00 8.846724e+03 1.021151e+00 1.649243e+05 1.312426e+01 -1.173919e-01 2.229730e+00 1.532312e-05 3.821615e-04
6.606934e-03 3.481876e+00 8.640381e+03 9.929015e-01 1.650228e+05 1.313209e+01 -5.277452e-02 2.859444e+00 1.521547e-05 3.718141e-04
6.760830e-03 3.422959e+00 8.434192e+03 1.014295e+00 1.671302e+05 1.329980e+01 -6.046386e-02 1.874488e+00 1.536367e-05 3.872200e-04
6.918310e-03 3.363807e+00 8.236461e+03 9.606577e-01 1.528113e+05 1.216033e+01 -6.137513e-02 1.938490e+00 1.420302e-05 3.738255e-04
7.079458e-03 3.305612e+00 8.041709e+03 1.021546e+00 1.506617e+05 1.198928e+01 5.128269e-02 2.783247e+00 1.658166e-05 3.788144e-04
7.244360e-03 3.246944e+00 7.852623e+03 9.858937e-01 1.516526e+05 1.206813e+01 3.224510e-02 1.735354e+00 1.642161e-05 4.074091e-04
7.413102e-03 3.191604e+00 7.670367e+03 9.404080e-01 1.395518e+05 1.110518e+01 7.581049e-02 2.975323e+00 1.550692e-05 3.706629e-04
7.585776e-03 3.136077e+00 7.489592e+03 9.303565e-01 1.294236e+05 1.029920e+01 6.266513e-02 1.844210e+00 1.603090e-05 3.787873e-04
7.762471e-03 3.078845e+00 7.314282e+03 9.571344e-01 1.283771e+05 1.021592e+01 1.858127e-02 1.468531e+00 1.449485e-05 3.776423e-04
7.943282e-03 3.023764e+00 7.141178e+03 1.047855e+00 1.457130e+05 1.159547e+01 2.802938e-02 2.170344e+00 1.547746e-05 4.487250e-04
8.128305e-03 2.970012e+00 6.977870e+03 1.001755e+00 1.453444e+05 1.156614e+01 1.229013e-02 1.170188e+00 1.599828e-05 4.528183e-04
8.317638e-03 2.919983e+00 6.814051e+03 1.007157e+00 1.407667e+05 1.120186e+01 1.463512e-01 1.327371e+00 1.644643e-05 4.616661e-04
8.511380e-03 2.859721e+00 6.653390e+03 9.391086e-01 1.225639e+05 9.753322e+00 1.749901e-02 2.294847e+00 1.514760e-05 4.135592e-04
8.709636e-03 2.806854e+00 6.497983e+03 1.012235e+00 1.385171e+05 1.102284e+01 1.952349e-01 1.485132e+00 1.746790e-05 5.032997e-04
8.912509e-03 2.754536e+00 6.347283e+03 9.995122e-01 1.284955e+05 1.022535e+01 -4.172487e-03 2.812196e+00 1.750117e-05 4.857823e-04
9.120108e-03 2.705690e+00 6.199727e+03 1.039234e+00 1.321320e+05 1.051473e+01 1.136785e-01 1.523143e+00 1.564711e-05 4.998375e-04
9.332543e-03 2.650487e+00 6.055829e+03 1.045124e+00 1.260693e+05 1.003228e+01 8.148126e-02 3.683028e+00 1.694857e-05 5.218666e-04
9.549926e-03 2.598648e+00 5.913867e+03 9.733630e-01 1.139738e+05 9.069751e+00 1.658691e-01 1.551520e+00 1.709090e-05 4.832733e-04
9.772372e-03 2.548177e+00 5.777657e+03 1.040452e+00 1.241371e+05 9.878519e+00 9.526166e-02 1.357667e+00 1.652356e-05 5.426036e-04
1.000000e-02 2.495904e+00 5.642989e+03 9.223105e-01 1.067839e+05 8.497596e+00 2.022156e-01 1.787430e+00 1.742870e-05 4.894535e-04
1.023293e-02 2.448604e+00 5.513099e+03 9.916594e-01 1.141944e+05 9.087300e+00 1.480613e-01 1.715164e+00 1.624453e-05 5.437793e-04
1.047129e-02 2.399515e+00 5.385224e+03 1.020058e+00 1.160792e+05 9.237285e+00 7.527578e-02 2.250604e+00 1.806894e-05 5.686197e-04
1.071519e-02 2.348682e+00 5.258822e+03 1.000391e+00 1.022720e+05 8.138544e+00 -1.272489e-02 1.659446e+00 1.648926e-05 5.306140e-04
1.096478e-02 2.304369e+00 5.138433e+03 9.838893e-01 1.015612e+05 8.081984e+00 2.662893e-02 1.706567e+00 1.633082e-05 5.358110e-04
1.122018e-02 2.257446e+00 5.018359e+03 1.049886e+00 1.058441e+05 8.422807e+00 1.355066e-01 9.915412e-01 1.883666e-05 5.725687e-04
1.148154e-02 2.210118e+00 4.902111e+03 1.036089e+00 9.321594e+04 7.417888e+00 2.751852e-02 1.559596e+00 1.836404e-05 5.378564e-04
1.174898e-02 2.168729e+00 4.790782e+03 1.031026e+00 9.982030e+04 7.943447e+00 3.640581e-02 2.318648e+00 1.614331e-05 5.832779e-04
1.202264e-02 2.120766e+00 4.677905e+03 9.884960e-01 9.600924e+04 7.640173e+00 2.543098e-02 2.697290e+00 1.748371e-05 5.952686e-04
1.230269e-02 2.076449e+00 4.570115e+03 1.020579e+00 8.894513e+04 7.078028e+00 -2.686032e-02 9.593141e-01 2.022762e-05 5.948710e-04
1.258925e-02 2.033637e+00 4.465531e+03 1.001776e+00 9.297889e+04 7.399025e+00 1.244816e-02 2.077124e+00 2.000024e-05 6.366787e-04
1.288250e-02 1.989284e+00 4.362535e+03 1.004058e+00 8.658433e+04 6.890162e+00 -1.543552e-03 1.709453e+00 1.708887e-05 6.353647e-04
1.318257e-02 1.946412e+00 4.262708e+03 9.629958e-01 8.015613e+04 6.378622e+00 -2.331201e-03 1.108965e+00 1.743622e-05 6.120733e-04
1.348963e-02 1.904076e+00 4.164032e+03 9.963923e-01 8.289776e+04 6.596794e+00 -4.736785e-02 1.362681e+00 1.876901e-05 6.542908e-04
1.380384e-02 1.861811e+00 4.068150e+03 9.836639e-01 7.789896e+04 6.199002e+00 -9.735172e-03 1.572500e+00 1.876441e-05 6.463160e-04
1.412538e-02 1.817638e+00 3.974201e+03 1.077650e+00 8.541408e+04 6.797036e+00 8.450477e-03 9.412664e-01 2.019636e-05 7.333033e-04
1.445440e-02 1.779533e+00 3.883125e+03 1.024909e+00 7.836679e+04 6.236231e+00 -2.418252e-02 1.667799e+00 1.870847e-05 6.917770e-04
1.479108e-02 1.741630e+00 3.794620e+03 1.009556e+00 7.868660e+04 6.261681e+00 5.172622e-02 1.012700e+00 2.007951e-05 7.298413e-04
1.513561e-02 1.699820e+00 3.706481e+03 1.009717e+00 7.647762e+04 6.085896e+00 9.266367e-02 1.159045e+00 1.986483e-05 7.562509e-04
1.548817e-02 1.660179e+00 3.621333e+03 9.524936e-01 7.000434e+04 5.570768e+00 8.917159e-02 7.916327e-01 1.896433e-05 7.274230e-04
1.584893e-02 1.623502e+00 3.537971e+03 9.476125e-01 6.862793e+04 5.461237e+00 3.638848e-02 1.302419e+00 1.983028e-05 7.522291e-04
1.621810e-02 1.586477e+00 3.456359e+03 9.532225e-01 6.649245e+04 5.291301e+00 1.416997e-02 1.401554e+00 2.136736e-05 7.281495e-04
1.659587e-02 1.549280e+00 3.377181e+03 9.835452e-01 6.493003e+04 5.166967e+00 3.420152e-02 1.285678e+00 2.183341e-05 7.716523e-04
1.698244e-02 1.512304e+00 3.299748e+03 9.728709e-01 6.520850e+04 5.189127e+00 2.627751e-02 6.125825e-01 2.104572e-05 8.160862e-04
1.737801e-02 1.480415e+00 3.224475e+03 9.107664e-01 6.317669e+04 5.027441e+00 8.129068e-02 1.066594e+00 2.077497e-05 7.951299e-04
1.778279e-02 1.444453e+00 3.151049e+03 9.546445e-01 6.217208e+04 4.947497e+00 -3.487310e-02 6.562350e-01 2.023070e-05 8.338499e-04
1.819701e-02 1.410815e+00 3.078249e+03 1.026506e+00 5.840718e+04 4.647896e+00 -1.474175e-02 5.924842e-01 2.013814e-05 8.194148e-04
1.862087e-02 1.375272e+00 3.007629e+03 9.463275e-01 5.419943e+04 4.313053e+00 9.867848e-03 1.297216e+00 2.040491e-05 8.114469e-04
1.905461e-02 1.342807e+00 2.938820e+03 9.300803e-01 5.234792e+04 4.165715e+00 5.618122e-02 1.047513e+00 2.033291e-05 8.168169e-04
1.949845e-02 1.312459e+00 2.871268e+03 9.892169e-01 5.411507e+04 4.306340e+00 -3.805760e-02 9.718401e-01 2.093493e-05 9.194694e-04
1.995262e-02 1.280392e+00 2.805695e+03 9.725231e-01 5.435301e+04 4.325275e+00 2.049597e-03 5.953516e-01 2.135471e-05 9.297225e-04
2.041738e-02 1.247705e+00 2.741304e+03 9.608730e-01 5.187736e+04 4.128269e+00 8.007357e-02 9.374907e-01 2.070388e-05 9.490697e-04
2.089296e-02 1.215672e+00 2.678808e+03 9.388687e-01 4.740824e+04 3.772628e+00 -3.631545e-02 1.039826e+00 2.192959e-05 9.089716e-04
2.137962e-02 1.187436e+00 2.617640e+03 9.406195e-01 4.652581e+04 3.702406e+00 9.011519e-03 9.006854e-01 2.058525e-05 9.145683e-04
2.187762e-02 1.157975e+00 2.557203e+03 9.178277e-01 4.727785e+04 3.762252e+00 3.201105e-02 8.824817e-01 2.119127e-05 9.838643e-04
2.238721e-02 1.128716e+00 2.499251e+03 9.874932e-01 4.868069e+04 3.873886e+00 1.196383e-01 9.021991e-01 2.351062e-05 1.050926e-03
2.290868e-02 1.099555e+00 2.441774e+03 8.888473e-01 4.500400e+04 3.581304e+00 -1.991271e-02 6.045919e-01 2.243928e-05 1.030777e-03
2.344229e-02 1.075124e+00 2.386649e+03 9.882143e-01 4.611247e+04 3.669514e+00 -2.589537e-02 4.896413e-01 2.419070e-05 1.151154e-03
2.398833e-02 1.045869e+00 2.332115e+03 9.293843e-01 4.066525e+04 3.236038e+00 -3.870185e-02 7.853609e-01 2.263280e-05 1.073559e-03
2.454709e-02 1.018546e+00 2.278629e+03 9.170917e-01 4.266435e+04 3.395121e+00 4.156991e-02 6.052566e-01 2.273068e-05 1.148168e-03
2.511886e-02 9.944540e-01 2.226408e+03 9.746771e-01 4.264569e+04 3.393636e+00 -6.465803e-02 8.539318e-01 2.395748e-05 1.215399e-03
2.570396e-02 9.689085e-01 2.176298e+03 9.454741e-01 4.121344e+04 3.279661e+00 -3.167548e-02 4.888329e-01 2.269513e-05 1.257042e-03
2.630268e-02 9.439793e-01 2.126240e+03 9.516269e-01 3.818095e+04 3.038343e+00 -7.104714e-02 4.284726e-01 2.375306e-05 1.234496e-03
2.691535e-02 9.175313e-01 2.077250e+03 8.832970e-01 3.382441e+04 2.691661e+00 1.063671e-01 6.041899e-01 2.314391e-05 1.185194e-03
2.754229e-02 8.960341e-01 2.030472e+03 9.737684e-01 3.680120e+04 2.928546e+00 1.062895e-01 4.077677e-01 2.572611e-05 1.268907e-03
2.818383e-02 8.714084e-01 1.983912e+03 9.341925e-01 3.635315e+04 2.892892e+00 -8.709410e-02 3.042542e-01 2.522328e-05 1.321947e-03
2.884032e-02 8.489803e-01 1.938603e+03 9.244909e-01 3.284030e+04 2.613348e+00 5.645008e-02 8.567420e-01 2.470511e-05 1.311062e-03
2.951209e-02 8.275505e-01 1.894683e+03 8.912002e-01 3.553511e+04 2.827794e+00 9.739957e-02 7.209579e-01 2.374099e-05 1.431219e-03
3.019952e-02 8.061557e-01 1.850765e+03 9.348330e-01 3.255201e+04 2.590407e+00 3.265112e-03 6.887253e-01 2.435848e-05 1.430661e-03
3.090295e-02 7.847761e-01 1.809524e+03 8.509450e-01 3.112660e+04 2.476976e+00 8.132227e-02 5.825306e-01 2.454540e-05 1.448066e-03
3.162278e-02 7.629140e-01 1.768113e+03 9.009866e-01 3.301869e+04 2.627544e+00 -3.958478e-02 8.465776e-01 2.628253e-05 1.616185e-03
3.235937e-02 7.413126e-01 1.726791e+03 9.744942e-01 3.606712e+04 2.870130e+00 1.894006e-02 6.340294e-01 2.753419e-05 1.856445e-03
3.311311e-02 7.215161e-01 1.687912e+03 1.011828e+00 3.552652e+04 2.827111e+00 1.186553e-01 6.984414e-01 2.852527e-05 1.887713e-03
3.388442e-02 7.021905e-01 1.649512e+03 9.765854e-01 3.390172e+04 2.697813e+00 1.617968e-01 4.808190e-01 2.564599e-05 1.933814e-03
3.467369e-02 6.818713e-01 1.611676e+03 9.532546e-01 3.422325e+04 2.723400e+00 -7.878460e-03 1.853589e-01 2.502606e-05 2.029230e-03
3.548134e-02 6.624507e-01 1.575511e+03 9.333191e-01 2.937563e+04 2.337638e+00 -8.209688e-03 3.940940e-01 2.586771e-05 1.879467e-03
3.630781e-02 6.444566e-01 1.539255e+03 1.004099e+00 3.400881e+04 2.706335e+00 -5.432076e-02 3.535245e-01 2.622074e-05 2.269061e-03
3.715352e-02 6.251037e-01 1.503848e+03 8.991753e-01 2.875374e+04 2.288150e+00 -1.611789e-02 5.063624e-01 2.698773e-05 2.060694e-03
3.801894e-02 6.095271e-01 1.470201e+03 9.413083e-01 2.947563e+04 2.345596e+00 -9.647509e-02 4.055406e-01 2.838815e-05 2.266774e-03
3.890451e-02 5.916847e-01 1.436300e+03 9.944125e-01 2.904523e+04 2.311346e+00 -3.940328e-02 2.379766e-01 2.779009e-05 2.323403e-03
3.981072e-02 5.752397e-01 1.404015e+03 1.005478e+00 2.956246e+04 2.352506e+00 -6.009034e-03 2.943825e-01 2.673164e-05 2.500475e-03
4.073803e-02 5.608526e-01 1.372190e+03 1.006884e+00 2.841590e+04 2.261265e+00 -1.362256e-01 4.133282e-01 3.092988e-05 2.538144e-03
4.168694e-02 5.431375e-01 1.340582e+03 9.953193e-01 2.749864e+04 2.188272e+00 -7.759630e-02 3.276059e-01 2.894322e-05 2.592477e-03
4.265795e-02 5.287662e-01 1.310150e+03 9.460655e-01 2.511619e+04 1.998683e+00 -1.279386e-01 3.355838e-01 3.148974e-05 2.655988e-03
4.365158e-02 5.145882e-01 1.280179e+03 9.144203e-01 2.545182e+04 2.025392e+00 -1.093650e-02 1.375392e-01 3.097103e-05 2.627003e-03
4.466836e-02 5.009106e-01 1.251220e+03 9.596354e-01 2.554336e+04 2.032676e+00 -5.112427e-02 3.339990e-01 3.214394e-05 2.755089e-03
4.570882e-02 4.841310e-01 1.222890e+03 9.184390e-01 2.369734e+04 1.885774e+00 -6.822923e-02 2.998886e-01 3.352972e-05 2.919094e-03
4.677351e-02 4.710384e-01 1.194828e+03 8.470677e-01 2.160352e+04 1.719154e+00 6.722018e-02 5.071148e-01 3.353905e-05 2.759606e-03
4.786301e-02 4.576471e-01 1.167705e+03 9.575164e-01 2.286419e+04 1.819474e+00 3.960674e-02 4.340105e-01 3.149978e-05 3.137940e-03
4.897788e-02 4.465688e-01 1.141113e+03 1.004108e+00 2.414477e+04 1.921380e+00 1.302788e-01 3.381789e-01 3.332133e-05 3.400229e-03
5.011872e-02 4.318163e-01 1.115219e+03 1.054521e+00 2.459581e+04 1.957272e+00 1.667963e-01 8.874167e-01 3.624767e-05 3.739895e-03
5.128614e-02 4.198111e-01 1.090158e+03 1.002751e+00 2.324453e+04 1.849741e+00 2.250973e-01 3.734631e-01 3.394513e-05 3.595798e-03
5.248075e-02 4.067468e-01 1.064840e+03 9.482684e-01 2.100838e+04 1.671794e+00 8.802889e-02 2.576843e-01 3.364036e-05 3.648026e-03
5.370318e-02 3.953859e-01 1.040875e+03 1.007285e+00 2.342456e+04 1.864068e+00 5.990123e-02 2.612839e-01 3.667869e-05 4.115938e-03
5.495409e-02 3.836775e-01 1.016955e+03 1.004233e+00 2.193151e+04 1.745254e+00 8.286293e-02 2.044412e-01 3.622636e-05 4.144642e-03
5.623413e-02 3.739985e-01 9.940229e+02 1.010741e+00 2.083572e+04 1.658054e+00 6.404187e-03 1.718010e-01 3.681843e-05 4.157742e-03
5.754399e-02 3.629343e-01 9.714297e+02 1.051105e+00 2.146598e+04 1.708208e+00 2.344862e-01 4.308354e-01 3.657905e-05 4.694328e-03
5.888437e-02 3.526762e-01 9.495405e+02 9.450041e-01 1.812616e+04 1.442434e+00 8.091444e-02 2.330393e-01 3.699302e-05 4.069702e-03
6.025596e-02 3.418394e-01 9.280716e+02 1.010813e+00 2.007686e+04 1.597666e+00 1.223960e-01 4.115846e-02 3.716687e-05 4.883547e-03
6.165950e-02 3.325116e-01 9.065299e+02 1.006046e+00 1.799193e+04 1.431752e+00 1.840459e-01 5.581318e-01 3.830228e-05 4.565195e-03
6.309573e-02 3.198939e-01 8.855806e+02 9.897813e-01 1.775826e+04 1.413157e+00 1.167323e-01 2.891626e-01 3.788040e-05 4.799164e-03
6.456542e-02 3.107517e-01 8.661159e+02 1.056988e+00 1.889472e+04 1.503594e+00 1.211179e-01 2.514537e-01 3.763591e-05 5.482761e-03
6.606934e-02 3.012875e-01 8.458610e+02 1.013421e+00 1.761950e+04 1.402115e+00 2.194602e-02 2.410674e-01 4.272287e-05 5.425007e-03
6.760830e-02 2.934288e-01 8.269852e+02 9.619741e-01 1.560508e+04 1.241812e+00 6.704794e-02 2.247765e-01 4.046042e-05 5.099794e-03
6.918310e-02 2.847431e-01 8.081914e+02 9.539501e-01 1.535225e+04 1.221693e+00 6.582127e-02 2.370818e-01 4.609736e-05 5.470088e-03
7.079458e-02 2.775626e-01 7.898374e+02 9.646207e-01 1.605308e+04 1.277464e+00 8.590639e-02 1.724915e-01 4.267115e-05 5.967593e-03
7.244360e-02 2.668859e-01 7.718903e+02 1.012255e+00 1.615018e+04 1.285191e+00 4.275316e-02 2.564640e-01 4.340037e-05 6.316355e-03
7.413102e-02 2.596725e-01 7.540442e+02 1.029418e+00 1.665915e+04 1.325693e+00 8.237868e-02 1.505559e-01 4.920616e-05 7.070557e-03
7.585776e-02 2.500268e-01 7.368966e+02 9.514171e-01 1.485762e+04 1.182332e+00 1.775389e-01 4.434793e-01 4.765981e-05 6.634325e-03
7.762471e-02 2.434735e-01 7.201990e+02 9.646233e-01 1.372070e+04 1.091859e+00 1.029054e-01 1.419648e-01 4.670594e-05 6.465883e-03
7.943282e-02 2.348522e-01 7.040039e+02 9.408943e-01 1.173638e+04 9.339516e-01 1.808876e-01 1.506929e-01 4.377738e-05 6.062201e-03
8.128305e-02 2.278077e-01 6.879104e+02 9.148906e-01 1.214338e+04 9.663392e-01 4.606180e-02 1.217974e-01 4.421040e-05 6.717845e-03
8.317638e-02 2.219203e-01 6.724742e+02 9.883310e-01 1.357203e+04 1.080028e+00 8.349303e-02 3.612128e-01 5.096091e-05 7.641493e-03
8.511380e-02 2.151766e-01 6.572120e+02 9.524021e-01 1.240170e+04 9.868962e-01 -7.405186e-02 1.724018e-01 4.748089e-05 7.365883e-03
8.709636e-02 2.090738e-01 6.421062e+02 9.830033e-01 1.185533e+04 9.434170e-01 -5.998403e-02 1.756814e-01 4.683928e-05 7.621741e-03
8.912509e-02 2.031739e-01 6.276488e+02 9.345098e-01 1.122619e+04 8.933515e-01 -4.232606e-02 5.363088e-02 4.506227e-05 7.298438e-03
9.120108e-02 1.963972e-01 6.132854e+02 1.018843e+00 1.159061e+04 9.223514e-01 1.661461e-03 2.188788e-01 4.970391e-05 8.527002e-03
9.332543e-02 1.898383e-01 5.991311e+02 9.889268e-01 1.147746e+04 9.133472e-01 -7.233572e-02 1.659384e-01 5.269437e-05 8.629848e-03
9.549926e-02 1.842095e-01 5.854771e+02 9.508535e-01 1.000864e+04 7.964620e-01 -6.687864e-02 1.521563e-01 5.494565e-05 8.622592e-03
9.772372e-02 1.788593e-01 5.721851e+02 9.966295e-01 1.087761e+04 8.656127e-01 -2.044773e-02 5.447564e-02 5.486743e-05 9.635231e-03
1.000000e-01 1.743420e-01 5.590497e+02 9.013627e-01 9.669105e+03 7.694429e-01 1.137058e-02 3.190688e-01 4.995818e-05 9.061078e-03
1.023293e-01 1.692064e-01 5.463461e+02 9.327315e-01 9.101174e+03 7.242484e-01 2.462980e-02 1.360548e-01 5.099912e-05 9.093742e-03
1.047129e-01 1.629096e-01 5.340485e+02 9.102554e-01 9.670665e+03 7.695670e-01 1.925032e-03 2.702596e-01 4.996495e-05 1.032247e-02
1.071519e-01 1.566378e-01 5.217353e+02 8.745245e-01 9.008376e+03 7.168638e-01 -1.007110e-01 2.481380e-01 5.007738e-05 1.001671e-02
1.096478e-01 1.519409e-01 5.097544e+02 9.729831e-01 9.360807e+03 7.449093e-01 -1.830058e-01 1.034867e-01 5.482475e-05 1.154440e-02
1.122018e-01 1.477621e-01 4.982491e+02 1.022742e+00 9.837843e+03 7.828707e-01 -1.665224e-01 1.126908e-01 5.997935e-05 1.354058e-02
1.148154e-01 1.432822e-01 4.870377e+02 9.659015e-01 8.917936e+03 7.096668e-01 -9.359632e-02 8.604273e-02 5.560731e-05 1.251503e-02
1.174898e-01 1.400625e-01 4.759065e+02 9.879532e-01 9.715608e+03 7.731435e-01 -1.189128e-01 2.951352e-01 5.847382e-05 1.361246e-02
1.202264e-01 1.353845e-01 4.650739e+02 1.005221e+00 9.150950e+03 7.282094e-01 -1.389396e-01 4.990031e-02 6.028767e-05 1.369199e-02
1.230269e-01 1.304906e-01 4.544317e+02 9.902842e-01 8.598203e+03 6.842232e-01 -5.861557e-02 1.313017e-01 6.334850e-05 1.413712e-02
1.258925e-01 1.267474e-01 4.442107e+02 9.240856e-01 7.674726e+03 6.107353e-01 -4.835476e-03 5.314480e-02 6.560796e-05 1.346976e-02
1.288250e-01 1.213871e-01 4.341085e+02 1.023260e+00 7.947658e+03 6.324545e-01 -1.898856e-02 1.192309e-01 6.390359e-05 1.553229e-02
1.318257e-01 1.183642e-01 4.241689e+02 1.024212e+00 8.177963e+03 6.507816e-01 -1.696968e-02 9.229834e-02 7.267587e-05 1.631671e-02
1.348963e-01 1.146364e-01 4.143173e+02 1.035274e+00 7.695895e+03 6.124199e-01 -6.216897e-02 2.044958e-02 7.118709e-05 1.661809e-02
1.380384e-01 1.109486e-01 4.051475e+02 9.867178e-01 6.708242e+03 5.338250e-01 -8.935011e-03 9.700870e-02 7.307094e-05 1.535693e-02
1.412538e-01 1.072223e-01 3.959017e+02 1.007682e+00 7.431967e+03 5.914171e-01 2.306694e-02 4.407586e-02 7.275381e-05 1.818694e-02
1.445440e-01 1.030912e-01 3.868499e+02 9.724305e-01 6.878819e+03 5.473990e-01 1.023348e-01 1.679504e-01 7.814988e-05 1.845154e-02
1.479108e-01 1.007930e-01 3.779068e+02 1.003994e+00 6.505537e+03 5.176942e-01 9.119548e-03 9.567096e-03 8.859476e-05 1.810541e-02
1.513561e-01 9.740797e-02 3.693667e+02 1.012539e+00 6.600006e+03 5.252118e-01 -3.297749e-02 1.511539e-01 8.308331e-05 1.940249e-02
1.548817e-01 9.481730e-02 3.608775e+02 1.046218e+00 6.653246e+03 5.294485e-01 -1.196685e-01 1.964571e-01 8.373688e-05 2.033639e-02
1.584893e-01 9.119143e-02 3.527057e+02 1.085555e+00 6.934779e+03 5.518522e-01 -8.000024e-02 1.494185e-01 8.183424e-05 2.329872e-02
1.621810e-01 8.946870e-02 3.447302e+02 9.951865e-01 5.904088e+03 4.698324e-01 -1.398533e-01 1.835855e-01 8.923427e-05 2.139483e-02
1.659587e-01 8.595042e-02 3.367512e+02 1.026756e+00 6.310085e+03 5.021406e-01 -5.961510e-02 1.388663e-01 8.970211e-05 2.398436e-02
1.698244e-01 8.278211e-02 3.290598e+02 1.045180e+00 5.885554e+03 4.683575e-01 4.121649e-02 1.754244e-01 9.109807e-05 2.426815e-02
1.737801e-01 8.077323e-02 3.214489e+02 1.076904e+00 6.404900e+03 5.096857e-01 -5.240649e-02 4.388061e-02 8.254951e-05 2.688932e-02
1.778279e-01 7.878600e-02 3.142591e+02 1.077852e+00 5.943816e+03 4.729939e-01 1.367012e-01 6.694717e-02 8.747134e-05 2.702190e-02
1.819701e-01 7.629529e-02 3.071913e+02 1.003517e+00 5.353440e+03 4.260132e-01 4.611337e-02 1.120365e-01 9.442115e-05 2.505600e-02
1.862087e-01 7.271977e-02 2.999467e+02 1.036437e+00 5.368727e+03 4.272297e-01 7.048282e-02 2.413521e-02 9.632847e-05 2.921498e-02
1.905461e-01 7.145707e-02 2.932170e+02 1.058643e+00 5.858086e+03 4.661717e-01 7.872293e-02 2.827023e-02 9.411948e-05 3.136962e-02
1.949845e-01 6.956279e-02 2.866408e+02 9.721812e-01 4.951085e+03 3.939948e-01 -1.100434e-02 6.486534e-02 9.793731e-05 2.903816e-02
1.995262e-01 6.770742e-02 2.802108e+02 9.947099e-01 5.108020e+03 4.064833e-01 1.224477e-02 1.037470e-01 1.017273e-04 3.107246e-02
2.041738e-01 6.496627e-02 2.738393e+02 1.047585e+00 5.258135e+03 4.184291e-01 -8.027186e-02 8.793388e-02 1.085412e-04 3.488759e-02
2.089296e-01 6.260959e-02 2.675047e+02 1.063788e+00 5.388916e+03 4.288363e-01 4.456892e-02 9.959550e-02 1.053388e-04 3.813777e-02
2.137962e-01 6.176536e-02 2.615240e+02 1.017361e+00 4.985099e+03 3.967015e-01 6.725149e-02 -2.847724e-02 1.116594e-04 3.690920e-02
2.187762e-01 6.061501e-02 2.556349e+02 1.030911e+00 5.437087e+03 4.326696e-01 -1.147444e-01 2.342346e-02 1.143844e-04 4.317052e-02
2.238721e-01 5.762026e-02 2.496611e+02 1.010600e+00 4.732399e+03 3.765923e-01 -6.953173e-02 -1.690396e-02 1.110567e-04 4.082742e-02
2.290868e-01 5.593431e-02 2.440820e+02 9.237369e-01 4.431291e+03 3.526309e-01 -7.351465e-02 7.278505e-02 1.105916e-04 4.068004e-02
2.344229e-01 5.398383e-02 2.382290e+02 9.535999e-01 4.385795e+03 3.490105e-01 -1.368624e-01 6.160643e-02 1.041279e-04 4.174592e-02
2.398833e-01 5.206351e-02 2.330508e+02 9.549856e-01 4.163349e+03 3.313088e-01 -1.080147e-02 1.024689e-01 1.077195e-04 4.513300e-02
2.454709e-01 5.025622e-02 2.277833e+02 9.959055e-01 4.286100e+03 3.410770e-01 -6.911967e-02 6.188103e-02 1.115318e-04 4.874698e-02
2.511886e-01 4.897227e-02 2.226262e+02 9.521517e-01 4.112588e+03 3.272693e-01 -3.335199e-02 7.991655e-02 1.121405e-04 4.770230e-02
2.570396e-01 4.722876e-02 2.175218e+02 9.486737e-01 3.946010e+03 3.140135e-01 -1.000815e-01 5.015112e-04 1.266932e-04 5.043173e-02
2.630268e-01 4.613829e-02 2.126203e+02 9.653951e-01 3.770340e+03 3.000341e-01 5.731702e-02 7.103784e-02 1.141070e-04 5.062496e-02
2.691535e-01 4.556813e-02 2.077374e+02 9.489165e-01 3.736514e+03 2.973423e-01 -3.948561e-02 2.366522e-02 1.129998e-04 5.271945e-02
2.754229e-01 4.395047e-02 2.029695e+02 1.012077e+00 4.126845e+03 3.284039e-01 -6.968777e-02 -1.770361e-02 1.128091e-04 5.968228e-02
2.818383e-01 4.315528e-02 1.985304e+02 9.820667e-01 3.958805e+03 3.150317e-01 -1.128424e-01 7.468037e-02 1.163020e-04 6.006814e-02
2.884032e-01 4.062430e-02 1.938434e+02 1.020866e+00 4.015403e+03 3.195356e-01 1.210400e-01 4.141640e-02 1.247763e-04 6.982388e-02
2.951209e-01 3.912824e-02 1.894302e+02 9.788196e-01 3.762957e+03 2.994466e-01 -1.014221e-01 1.750865e-02 1.213322e-04 7.023285e-02
3.019952e-01 3.739992e-02 1.852184e+02 9.937555e-01 3.528313e+03 2.807742e-01 2.399593e-02 9.149282e-02 1.115777e-04 7.018696e-02
3.090295e-01 3.712848e-02 1.809451e+02 9.765123e-01 3.481423e+03 2.770428e-01 -7.981781e-02 7.301610e-03 1.166030e-04 7.039074e-02
3.162278e-01 3.645574e-02 1.768495e+02 8.900399e-01 3.123937e+03 2.485950e-01 2.172377e-01 -9.512485e-03 1.252237e-04 6.825592e-02
3.235937e-01 3.515778e-02 1.727600e+02 1.020084e+00 3.323519e+03 2.644773e-01 8.616770e-02 -3.530247e-02 1.316095e-04 7.701839e-02
3.311311e-01 3.446801e-02 1.688020e+02 9.140023e-01 3.222625e+03 2.564484e-01 1.591465e-01 2.133424e-02 1.408416e-04 7.378454e-02
3.388442e-01 3.317559e-02 1.649061e+02 9.197385e-01 3.104557e+03 2.470528e-01 -2.493491e-02 -5.260811e-02 1.551715e-04 7.989622e-02
3.467369e-01 3.167469e-02 1.612319e+02 9.318709e-01 2.979388e+03 2.370921e-01 1.249687e-01 5.684315e-02 1.504043e-04 8.531666e-02
3.548134e-01 3.160333e-02 1.576332e+02 9.527898e-01 3.042170e+03 2.420882e-01 6.252091e-02 -5.992075e-02 1.497411e-04 8.528626e-02
3.630781e-01 3.086330e-02 1.540443e+02 9.957494e-01 3.301945e+03 2.627604e-01 -3.649156e-02 -2.726566e-02 1.825836e-04 1.013454e-01
3.715352e-01 2.945184e-02 1.505093e+02 9.884809e-01 3.155526e+03 2.511088e-01 -1.424680e-01 3.699395e-02 1.732941e-04 1.032742e-01
3.801894e-01 2.859659e-02 1.469537e+02 8.677271e-01 2.731578e+03 2.173720e-01 -5.165409e-03 1.727808e-01 1.870489e-04 9.589493e-02
3.890451e-01 2.687608e-02 1.437007e+02 9.020634e-01 2.842163e+03 2.261722e-01 3.077192e-02 -1.475090e-02 1.680439e-04 1.085309e-01
3.981072e-01 2.677963e-02 1.403104e+02 9.254617e-01 2.798043e+03 2.226612e-01 3.295609e-02 1.189921e-01 1.727130e-04 1.103887e-01
4.073803e-01 2.658027e-02 1.371153e+02 9.927426e-01 3.265503e+03 2.598605e-01 2.761161e-02 1.956137e-01 1.631370e-04 1.273891e-01
4.168694e-01 2.513803e-02 1.340075e+02 1.010937e+00 2.965911e+03 2.360197e-01 -4.659397e-02 1.272153e-02 1.657185e-04 1.350533e-01
4.265795e-01 2.402154e-02 1.310246e+02 9.587389e-01 2.619154e+03 2.084256e-01 -5.916075e-02 -4.909139e-03 1.725513e-04 1.278063e-01
4.365158e-01 2.273311e-02 1.280581e+02 1.028021e+00 2.919538e+03 2.323295e-01 -4.239730e-02 4.927400e-02 1.743844e-04 1.552187e-01
4.466836e-01 2.237961e-02 1.250501e+02 1.019849e+00 2.969055e+03 2.362699e-01 -9.865073e-02 1.040427e-02 1.840212e-04 1.700253e-01
4.570882e-01 2.252429e-02 1.221481e+02 9.497979e-01 2.526283e+03 2.010352e-01 -9.486247e-02 1.886014e-01 1.987395e-04 1.381935e-01
4.677351e-01 2.075847e-02 1.194315e+02 9.335952e-01 2.221883e+03 1.768118e-01 -6.613613e-02 1.104614e-01 1.933842e-04 1.475948e-01
4.786301e-01 2.106693e-02 1.167108e+02 1.029816e+00 2.896520e+03 2.304978e-01 -2.150011e-02 1.058848e-01 2.111640e-04 1.855394e-01
4.897788e-01 2.024631e-02 1.141239e+02 1.051799e+00 2.795152e+03 2.224311e-01 -3.579864e-02 -3.243772e-02 2.124021e-04 1.902411e-01
5.011872e-01 1.949822e-02 1.114529e+02 9.741167e-01 2.294486e+03 1.825894e-01 -5.317268e-02 1.334492e-01 2.094360e-04 1.741732e-01
5.128614e-01 1.863483e-02 1.090396e+02 9.650605e-01 2.743498e+03 2.183206e-01 -2.509229e-02 2.028645e-02 2.038372e-04 2.233609e-01
5.248075e-01 1.845216e-02 1.064959e+02 9.906427e-01 2.593429e+03 2.063785e-01 1.213177e-02 4.192231e-03 1.867425e-04 2.072496e-01
5.370318e-01 1.787472e-02 1.041714e+02 1.016936e+00 2.668678e+03 2.123667e-01 -3.498656e-03 -9.816631e-02 2.148474e-04 2.381896e-01
5.495409e-01 1.752225e-02 1.017542e+02 9.197257e-01 2.133894e+03 1.698099e-01 -1.492223e-02 -8.490949e-02 2.143365e-04 1.980058e-01
5.623413e-01 1.792250e-02 9.940502e+01 8.901607e-01 2.064085e+03 1.642547e-01 -4.784532e-02 -2.191050e-02 2.215571e-04 1.886348e-01
5.754399e-01 1.661780e-02 9.709651e+01 9.264069e-01 2.023148e+03 1.609970e-01 5.979382e-02 1.076048e-01 2.402244e-04 2.146707e-01
5.888437e-01 1.618166e-02 9.503320e+01 9.419207e-01 2.124659e+03 1.690750e-01 -4.852021e-02 -1.652335e-02 2.271376e-04 2.330681e-01
6.025596e-01 1.673015e-02 9.282740e+01 1.019514e+00 2.401556e+03 1.911097e-01 9.360802e-02 -5.793842e-02 2.462487e-04 2.384270e-01
6.165950e-01 1.612549e-02 9.074735e+01 1.101302e+00 2.574242e+03 2.048517e-01 6.185917e-02 1.720197e-02 2.550611e-04 2.742203e-01
6.309573e-01 1.548445e-02 8.864490e+01 9.865234e-01 2.199764e+03 1.750517e-01 1.123110e-01 -4.988054e-02 2.516397e-04 2.510230e-01
6.456542e-01 1.513244e-02 8.667828e+01 1.079758e+00 2.574513e+03 2.048732e-01 -6.933360e-02 -1.496915e-02 2.530474e-04 3.098461e-01
6.606934e-01 1.439147e-02 8.470847e+01 9.656077e-01 2.328034e+03 1.852591e-01 8.286408e-02 3.101237e-02 2.519919e-04 3.116369e-01
6.760830e-01 1.445910e-02 8.278672e+01 1.005995e+00 2.166230e+03 1.723831e-01 3.086774e-02 -1.609373e-02 2.603701e-04 2.971866e-01
6.918310e-01 1.404511e-02 8.083530e+01 9.770382e-01 2.333715e+03 1.857111e-01 6.921931e-02 1.072993e-01 2.654456e-04 3.231798e-01
7.079458e-01 1.352151e-02 7.908173e+01 9.068655e-01 2.141239e+03 1.703944e-01 9.596132e-02 -3.855515e-02 2.514755e-04 3.367125e-01
7.244360e-01 1.288672e-02 7.724421e+01 1.116070e+00 2.581428e+03 2.054235e-01 6.814259e-02 9.001396e-03 2.731705e-04 4.224588e-01
7.413102e-01 1.305669e-02 7.547473e+01 1.024206e+00 2.321936e+03 1.847738e-01 4.618014e-02 -2.058184e-02 3.094156e-04 3.821375e-01
7.585776e-01 1.209067e-02 7.375262e+01 9.578044e-01 1.774634e+03 1.412209e-01 -1.109983e-02 -7.914801e-02 2.807634e-04 3.317805e-01
7.762471e-01 1.159501e-02 7.204467e+01 9.839083e-01 1.847086e+03 1.469864e-01 4.696086e-02 -2.240920e-02 2.775875e-04 3.843762e-01
7.943282e-01 1.134472e-02 7.043330e+01 1.054031e+00 2.181673e+03 1.736120e-01 1.044941e-01 1.337896e-02 2.696224e-04 4.645622e-01
8.128305e-01 1.096338e-02 6.885194e+01 1.023077e+00 1.861688e+03 1.481484e-01 -2.197898e-02 -2.301368e-02 2.766638e-04 4.551049e-01
8.317638e-01 1.092021e-02 6.728848e+01 1.010090e+00 1.774860e+03 1.412389e-01 -2.338520e-03 -4.042361e-02 2.979865e-04 4.220911e-01
8.511380e-01 1.200727e-02 6.575491e+01 1.064015e+00 2.082610e+03 1.657288e-01 9.871020e-02 -1.057060e-02 3.088138e-04 4.140953e-01
8.709636e-01 1.075000e-02 6.428997e+01 1.026598e+00 1.883100e+03 1.498524e-01 -1.416402e-02 -3.045196e-02 3.386995e-04 4.676229e-01
8.912509e-01 9.893889e-03 6.281541e+01 9.764441e-01 1.691398e+03 1.345971e-01 -5.117295e-02 1.314197e-01 3.330500e-04 4.903386e-01
9.120108e-01 9.296094e-03 6.125647e+01 1.071847e+00 1.755532e+03 1.397008e-01 -7.851072e-02 2.533784e-02 3.467935e-04 5.675082e-01
9.332543e-01 9.272301e-03 5.989088e+01 1.009914e+00 1.695596e+03 1.349312e-01 -4.306623e-02 6.886751e-02 3.515302e-04 5.586510e-01
9.549926e-01 1.016190e-02 5.851989e+01 1.043422e+00 1.864477e+03 1.483704e-01 -8.598820e-02 -7.655774e-03 3.684071e-04 5.064427e-01
9.772372e-01 9.991645e-03 5.722544e+01 1.009993e+00 1.704104e+03 1.356083e-01 -9.524160e-03 5.667353e-04 3.410944e-04 4.960702e-01
