#m lambda
0.9001 0.0744739
0.9002 0.0590795
0.9003 0.0552899
0.9004 0.0523906
0.9005 0.0680511
0.9006 0.0586455
0.9007 0.0677559
0.9008 0.061764
0.9009 0.0564942
0.9011 0.0789459
0.9012 0.07007
0.9013 0.0549706
0.9014 0.0601461
0.9015 0.0539072
0.9016 0.0647652
0.9017 0.0571262
0.9018 0.0669035
0.9019 0.0642967
0.901 0.0680284
0.9021 0.0743345
0.9022 0.0584023
0.9023 0.0674295
0.9024 0.0622755
0.9025 0.0556472
0.9026 0.0654693
0.9027 0.0676338
0.9028 0.0549967
0.9029 0.0580786
0.902 0.0407737
0.9031 0.0555223
0.9032 0.0604453
0.9033 0.0508865
0.9034 0.0681487
0.9035 0.0577862
0.9036 0.0761912
0.9037 0.0405764
0.9038 0.0417432
0.9039 0.0649035
0.903 0.0467405
0.9041 0.0644788
0.9042 0.0707859
0.9043 0.0676489
0.9044 0.048393
0.9045 0.0631287
0.9046 0.0635037
0.9047 0.0610717
0.9048 0.0681393
0.9049 0.0728222
0.904 0.0681749
0.9051 0.0507645
0.9052 0.0649171
0.9053 0.0697038
0.9054 0.0666068
0.9055 0.0698375
0.9056 0.079536
0.9057 0.0502242
0.9058 0.0661647
0.9059 0.0682474
0.905 0.0606418
0.9061 0.0722357
0.9062 0.0719181
0.9063 0.0416665
0.9064 0.0590995
0.9065 0.068108
0.9066 0.0785999
0.9067 0.0829563
0.9068 0.0728397
0.9069 0.0027665
0.906 0.0806208
0.9071 0.002765
0.9072 0.00157947
0.9073 0.00137231
0.9074 0.00136683
0.9075 0.00176779
0.9076 0.0350668
0.9077 0.0495882
0.9078 0.0647556
0.9079 0.0428164
0.907 0.00491483
0.9081 0.0598202
0.9082 0.0621399
0.9083 0.0678589
0.9084 0.0710773
0.9085 0.0663438
0.9086 0.062348
0.9087 0.0497988
0.9088 0.0694459
0.9089 0.0718905
0.908 0.0725844
0.9091 0.0651533
0.9092 0.058253
0.9093 0.0649709
0.9094 0.0693406
0.9095 0.0694455
0.9096 0.0746336
0.9097 0.0763754
0.9098 0.0633154
0.9099 0.0653821
0.909 0.0612885
0.9101 0.0522804
0.9102 0.0644367
0.9103 0.0614905
0.9104 0.0536935
0.9105 0.0626986
0.9106 0.0620073
0.9107 0.0748787
0.9108 0.0672649
0.9109 0.0735651
0.9111 0.0608091
0.9112 0.079155
0.9113 0.0559893
0.9114 0.0614565
0.9115 0.0508908
0.9116 0.0718947
0.9117 0.0499182
0.9118 0.057862
0.9119 0.0683363
0.911 0.0616049
0.9121 0.0614338
0.9122 0.07465
0.9123 0.059257
0.9124 0.0750259
0.9125 0.0641019
0.9126 0.0754233
0.9127 0.055903
0.9128 0.0609152
0.9129 0.0657092
0.912 0.0656891
0.9131 0.0633
0.9132 0.0522876
0.9133 0.0700313
0.9134 0.0737833
0.9135 0.0644343
0.9136 0.0643981
0.9137 0.0706742
0.9138 0.0747242
0.9139 0.0636324
0.913 0.0756034
0.9141 0.066644
0.9142 0.0712794
0.9143 0.0649131
0.9144 0.0536507
0.9145 0.0638629
0.9146 0.053793
0.9147 0.0608139
0.9148 0.0681242
0.9149 0.0525351
0.914 0.0559359
0.9151 0.0741832
0.9152 0.0512464
0.9153 0.0607254
0.9154 0.075531
0.9155 0.0673447
0.9156 0.0624552
0.9157 0.0633379
0.9158 0.0750979
0.9159 0.0653827
0.915 0.0682427
0.9161 0.0543358
0.9162 0.060474
0.9163 0.0803834
0.9164 0.0642675
0.9165 0.0751808
0.9166 0.0549392
0.9167 0.0606959
0.9168 0.0610134
0.9169 0.0551269
0.916 0.0706561
0.9171 0.059327
0.9172 0.0715006
0.9173 0.0727281
0.9174 0.0600807
0.9175 0.0497989
0.9176 0.0634512
0.9177 0.0701736
0.9178 0.0695215
0.9179 0.0684252
0.917 0.0563303
0.9181 0.0545373
0.9182 0.0707723
0.9183 0.0483915
0.9184 0.0674204
0.9185 0.0722319
0.9186 0.0739468
0.9187 0.0742438
0.9188 0.0601787
0.9189 0.0654355
0.918 0.0700475
0.9191 0.0660341
0.9192 0.0718865
0.9193 0.0603332
0.9194 0.0602883
0.9195 0.0674026
0.9196 0.0496245
0.9197 0.0558149
0.9198 0.0701854
0.9199 0.0599055
0.919 0.0507106
0.91 0.063449
0.9201 0.0735096
0.9202 0.0689105
0.9203 0.0671638
0.9204 0.0709073
0.9205 0.0650583
0.9206 0.0698851
0.9207 0.0586953
0.9208 0.0639763
0.9209 0.0613628
0.9211 0.068323
0.9212 0.0617554
0.9213 0.0579799
0.9214 0.0621056
0.9215 0.0731864
0.9216 0.0627596
0.9217 0.0603557
0.9218 0.0588131
0.9219 0.0534885
0.921 0.0705196
0.9221 0.0656911
0.9222 0.0688474
0.9223 0.0604836
0.9224 0.0567137
0.9225 0.0531955
0.9226 0.0755287
0.9227 0.0545867
0.9228 0.0592395
0.9229 0.0706806
0.922 0.0855857
0.9231 0.055083
0.9232 0.0569478
0.9233 0.0640612
0.9234 0.0584138
0.9235 0.0495222
0.9236 0.0696696
0.9237 0.043458
0.9238 0.0555117
0.9239 0.0487631
0.923 0.0622891
0.9241 0.0499579
0.9242 0.0584568
0.9243 0.0516602
0.9244 0.0586152
0.9245 0.0550612
0.9246 0.0397721
0.9247 0.0561619
0.9248 0.0460664
0.9249 0.0744241
0.924 0.0525039
0.9251 0.00158748
0.9252 0.00295467
0.9253 0.00196763
0.9254 0.0024267
0.9255 0.000475849
0.9256 0.0475406
0.9257 0.0620148
0.9258 0.0549753
0.9259 0.0421575
0.925 0.00305254
0.9261 0.0638642
0.9262 0.0730967
0.9263 0.051562
0.9264 0.0600246
0.9265 0.0400627
0.9266 0.0446973
0.9267 0.0681543
0.9268 0.0622946
0.9269 0.0431561
0.926 0.0651247
0.9271 0.0751659
0.9272 0.0769514
0.9273 0.0579151
0.9274 0.0737542
0.9275 0.0746224
0.9276 0.0585006
0.9277 0.0483095
0.9278 0.0425489
0.9279 0.0612905
0.927 0.0557376
0.9281 0.0692063
0.9282 0.0750012
0.9283 0.0544025
0.9284 0.0667253
0.9285 0.0534367
0.9286 0.0643903
0.9287 0.0626536
0.9288 0.0661517
0.9289 0.0715584
0.928 0.0665835
0.9291 0.0484634
0.9292 0.0454343
0.9293 0.0666749
0.9294 0.054968
0.9295 0.0658777
0.9296 0.0718849
0.9297 0.0409993
0.9298 0.0691762
0.9299 0.0483549
0.929 0.0515616
0.92 0.0689404
0.9301 0.0542284
0.9302 0.0756882
0.9303 0.055715
0.9304 0.0508772
0.9305 0.0653943
0.9306 0.0600182
0.9307 0.0704901
0.9308 0.0421909
0.9309 0.0616969
0.9311 0.0580685
0.9312 0.0795709
0.9313 0.0581659
0.9314 0.0571497
0.9315 0.0473362
0.9316 0.0630818
0.9317 0.0496808
0.9318 0.0560967
0.9319 0.0562454
0.931 0.054002
0.9321 0.0349146
0.9322 0.0582991
0.9323 0.0539041
0.9324 0.0753191
0.9325 0.0678468
0.9326 0.069779
0.9327 0.0512063
0.9328 0.0653253
0.9329 0.0501426
0.932 0.0694706
0.9331 0.0436959
0.9332 0.0751947
0.9333 0.052016
0.9334 0.047378
0.9335 0.0638047
0.9336 0.0779862
0.9337 0.0650824
0.9338 0.0408814
0.9339 0.0577529
0.933 0.0553062
0.9341 0.00283638
0.9342 0.0590104
0.9343 0.00527293
0.9344 0.0330883
0.9345 0.00453099
0.9346 0.00312563
0.9347 0.0019578
0.9348 0.00204185
0.9349 0.00291062
0.934 0.00277926
0.9351 0.00195104
0.9352 0.00252566
0.9353 0.00246633
0.9354 0.00100769
0.9355 0.00116482
0.9356 0.000660952
0.9357 0.00188829
0.9358 0.00101371
0.9359 0.0011861
0.935 0.00153124
0.9361 0.00275751
0.9362 0.002218
0.9363 0.0554121
0.9364 0.0646605
0.9365 0.0298079
0.9366 0.0725595
0.9367 0.0651225
0.9368 0.0454316
0.9369 0.0574663
0.936 0.00192002
0.9371 0.0557222
0.9372 0.0765048
0.9373 0.0608639
0.9374 0.0658589
0.9375 0.0633586
0.9376 0.0614711
0.9377 0.033528
0.9378 0.0700633
0.9379 0.0711578
0.937 0.0471884
0.9381 0.0532571
0.9382 0.0547681
0.9383 0.0607231
0.9384 0.0397692
0.9385 0.0729591
0.9386 0.0563258
0.9387 0.0497732
0.9388 0.047066
0.9389 0.040358
0.938 0.0505824
0.9391 0.0567527
0.9392 0.0542287
0.9393 0.058048
0.9394 0.043242
0.9395 0.0536207
0.9396 0.037364
0.9397 0.0471464
0.9398 0.0414874
0.9399 0.0831106
0.939 0.0715951
0.93 0.0525093
0.9401 0.0630125
0.9402 0.0469673
0.9403 0.0605949
0.9404 0.0690605
0.9405 0.0540124
0.9406 0.0325509
0.9407 0.0536987
0.9408 0.0525461
0.9409 0.0553483
0.9411 0.0401077
0.9412 0.040183
0.9413 0.0270159
0.9414 0.0571962
0.9415 0.0486426
0.9416 0.0433066
0.9417 0.0387981
0.9418 0.0395212
0.9419 0.0338937
0.941 0.041094
0.9421 0.049053
0.9422 0.0518176
0.9423 0.0417218
0.9424 0.03879
0.9425 0.0406703
0.9426 0.0565791
0.9427 0.0686533
0.9428 0.0308109
0.9429 0.0155169
0.942 0.0271763
0.9431 0.0516607
0.9432 0.0480393
0.9433 0.0397705
0.9434 0.0397697
0.9435 0.0457294
0.9436 0.0354478
0.9437 0.0539585
0.9438 0.027453
0.9439 0.0191959
0.943 0.028183
0.9441 0.0403222
0.9442 0.0418977
0.9443 0.0459984
0.9444 0.066543
0.9445 0.0458617
0.9446 0.0346805
0.9447 0.0197737
0.9448 0.0195514
0.9449 0.0422511
0.944 0.0351389
0.9451 0.0103551
0.9452 0.012379
0.9453 0.0138895
0.9454 0.0126898
0.9455 0.0119942
0.9456 0.0101914
0.9457 0.0161118
0.9458 0.0126512
0.9459 0.00950189
0.945 0.0199328
0.9461 0.0130111
0.9462 0.0135618
0.9463 0.0125149
0.9464 0.0166527
0.9465 0.0114986
0.9466 0.00984466
0.9467 0.00809481
0.9468 0.0146785
0.9469 0.008957
0.946 0.014504
0.9471 0.0150573
0.9472 0.0119393
0.9473 0.0114226
0.9474 0.00957107
0.9475 0.0124297
0.9476 0.00969943
0.9477 0.0135373
0.9478 0.00976298
0.9479 0.0108667
0.947 0.00868099
0.9481 0.0101942
0.9482 0.013891
0.9483 0.00921953
0.9484 0.00730671
0.9485 0.0104907
0.9486 0.00608998
0.9487 0.0122558
0.9488 0.00837019
0.9489 0.00870702
0.948 0.00473977
0.9491 0.00780759
0.9492 0.00983268
0.9493 0.00712138
0.9494 0.00646004
0.9495 0.0090227
0.9496 0.00460266
0.9497 0.00782312
0.9498 0.00573907
0.9499 0.0048547
0.949 0.0117477
0.94 0.0520189
0.9501 0.00419123
0.9502 0.00175909
0.9503 0.00305783
0.9504 0.00292506
0.9505 0.00303158
0.9506 0.00192211
0.9507 0.00294119
0.9508 0.00243877
0.9509 0.00272953
0.9511 0.00157439
0.9512 0.000944611
0.9513 0.00306228
0.9514 0.00257287
0.9515 0.00227979
0.9516 0.0071833
0.9517 0.000266318
0.9518 0.00163001
0.9519 0.00231882
0.951 0.00219706
0.9521 0.00331914
0.9522 0.00231466
0.9523 0.00303261
0.9524 0.00254471
0.9525 0.00290661
0.9526 0.00474757
0.9527 0.00320318
0.9528 0.00153531
0.9529 0.00127586
0.952 0.000911663
0.9531 0.00396717
0.9532 0.0084472
0.9533 0.00584863
0.9534 0.00336321
0.9535 0.00494054
0.9536 0.00401839
0.9537 0.00300811
0.9538 0.00363493
0.9539 0.004039
0.953 0.00245099
0.9541 0.00283176
0.9542 0.00335157
0.9543 0.00165833
0.9544 0.00240734
0.9545 0.00299306
0.9546 0.00294089
0.9547 0.00180118
0.9548 0.00169859
0.9549 0.00302101
0.954 0.00228641
0.9551 0.00179468
0.9552 0.00242486
0.9553 0.00127744
0.9554 0.00262413
0.9555 0.00291088
0.9556 0.00235779
0.9557 0.00213865
0.9558 0.00179707
0.9559 0.0029426
0.955 0.00150659
0.9561 0.00256744
0.9562 0.00318247
0.9563 0.00285283
0.9564 0.00296803
0.9565 0.00244719
0.9566 0.0016795
0.9567 0.00360769
0.9568 0.00260021
0.9569 0.00530562
0.956 0.00219143
0.9571 0.00607693
0.9572 0.00749334
0.9573 0.00528985
0.9574 0.00485525
0.9575 0.00628112
0.9576 0.002932
0.9577 0.00154583
0.9578 0.00476048
0.9579 0.00450213
0.957 0.00542731
0.9581 0.00295906
0.9582 0.00502616
0.9583 0.00136025
0.9584 0.00326511
0.9585 0.00266723
0.9586 0.00266834
0.9587 0.00402621
0.9588 0.00240238
0.9589 0.00224214
0.958 0.00294031
0.9591 0.00356864
0.9592 0.00389946
0.9593 0.00283401
0.9594 0.00367795
0.9595 0.00264281
0.9596 0.00254602
0.9597 0.00116972
0.9598 0.00302094
0.9599 0.00192137
0.959 0.0031125
0.95 0.00674351
0.9601 0.00110495
0.9602 0.00327602
0.9603 0.00264025
0.9604 0.00228863
0.9605 0.0016987
0.9606 0.00180478
0.9607 0.00274385
0.9608 0.00168968
0.9609 0.00204017
0.9611 0.0018566
0.9612 0.00208681
0.9613 0.00166885
0.9614 0.00148834
0.9615 0.00202612
0.9616 0.00263252
0.9617 0.00209481
0.9618 0.00141221
0.9619 0.00312066
0.961 0.00239595
0.9621 0.00139608
0.9622 0.00239122
0.9623 0.0014351
0.9624 0.00262956
0.9625 0.00126992
0.9626 0.00240622
0.9627 0.00265388
0.9628 0.00242608
0.9629 0.00118888
0.962 0.00245631
0.9631 0.0026082
0.9632 0.00200444
0.9633 0.0014092
0.9634 0.00259287
0.9635 0.00247374
0.9636 0.00138281
0.9637 0.00199723
0.9638 0.00275789
0.9639 0.00149748
0.963 0.00250692
0.9641 0.0021786
0.9642 0.00162053
0.9643 0.00179495
0.9644 0.00133821
0.9645 0.00213134
0.9646 0.00236184
0.9647 0.00123211
0.9648 0.00143349
0.9649 0.00191479
0.964 0.00239827
0.9651 0.0010971
0.9652 0.00121406
0.9653 0.00245631
0.9654 0.00125397
0.9655 0.00127888
0.9656 0.00211246
0.9657 0.00170323
0.9658 0.00117404
0.9659 0.00260238
0.965 0.00127727
0.9661 0.00236725
0.9662 0.00131229
0.9663 0.00236598
0.9664 0.00111897
0.9665 0.00236033
0.9666 0.000781277
0.9667 0.00214882
0.9668 0.00215276
0.9669 0.0019601
0.966 0.00217106
0.9671 0.00207836
0.9672 0.00116878
0.9673 0.00115879
0.9674 0.00214617
0.9675 0.00135902
0.9676 0.00215438
0.9677 0.00123692
0.9678 0.00207946
0.9679 0.0022011
0.967 0.0013746
0.9681 0.00207106
0.9682 0.00143117
0.9683 0.00267672
0.9684 0.000999449
0.9685 0.0020215
0.9686 0.0022017
0.9687 0.00238358
0.9688 0.00144484
0.9689 0.00242661
0.968 0.00143102
0.9691 0.00216549
0.9692 0.00237405
0.9693 0.00239118
0.9694 0.00244917
0.9695 0.00223446
0.9696 0.00173282
0.9697 0.00247154
0.9698 0.00218585
0.9699 0.00105129
0.969 0.00218905
0.96 0.00319556
0.9701 0.00141144
0.9702 0.00124385
0.9703 0.000851596
0.9704 0.00239792
0.9705 0.00227944
0.9706 0.00235754
0.9707 0.00219232
0.9708 0.00176695
0.9709 0.00241097
0.9711 0.00206313
0.9712 0.00118996
0.9713 0.00126872
0.9714 0.00222413
0.9715 0.00130931
0.9716 0.00202981
0.9717 0.00165718
0.9718 0.00195655
0.9719 0.00124483
0.971 0.0012105
0.9721 0.00133162
0.9722 0.00115364
0.9723 0.00120267
0.9724 0.00125506
0.9725 0.0010336
0.9726 0.00188231
0.9727 0.00093169
0.9728 0.00240759
0.9729 0.00124843
0.972 0.00245991
0.9731 0.00160279
0.9732 0.00180104
0.9733 0.00209899
0.9734 0.00225718
0.9735 0.00104487
0.9736 0.00127414
0.9737 0.001957
0.9738 0.00235054
0.9739 0.00124317
0.973 0.0012441
0.9741 0.00215812
0.9742 0.00208978
0.9743 0.00208422
0.9744 0.00252741
0.9745 0.00116347
0.9746 0.00229852
0.9747 0.00240581
0.9748 0.00105902
0.9749 0.00177578
0.974 0.00211445
0.9751 0.00170885
0.9752 0.00272667
0.9753 0.00165555
0.9754 0.00239504
0.9755 0.000968539
0.9756 0.0028348
0.9757 0.00404391
0.9758 0.00225591
0.9759 0.00554102
0.975 0.00130603
0.9761 0.00209992
0.9762 0.00123823
0.9763 0.00252574
0.9764 0.000992787
0.9765 0.00179686
0.9766 0.00190056
0.9767 0.00235689
0.9768 0.00213383
0.9769 0.00115909
0.976 0.00217241
0.9771 0.00243179
0.9772 0.00204652
0.9773 0.00135303
0.9774 0.00183596
0.9775 0.000975207
0.9776 0.00108498
0.9777 0.00182708
0.9778 0.00114632
0.9779 0.0012774
0.977 0.00320721
0.9781 0.00463229
0.9782 0.000717684
0.9783 0.00093087
0.9784 0.0121844
0.9785 0.00431402
0.9786 0.00524701
0.9787 0.00348362
0.9788 0.00970509
0.9789 0.00519846
0.978 0.00169486
0.9791 0.00317476
0.9792 0.00278268
0.9793 0.00497822
0.9794 0.00277823
0.9795 0.00157527
0.9796 0.00443877
0.9797 0.00348499
0.9798 0.00383689
0.9799 0.00315511
0.979 0.00241379
0.97 0.00194648
0.9801 0.00410396
0.9802 0.00322269
0.9803 0.0048913
0.9804 0.00364755
0.9805 0.00329353
0.9806 0.00307687
0.9807 0.00338436
0.9808 0.00485432
0.9809 0.00204229
0.9811 0.00232671
0.9812 0.00353684
0.9813 0.00240378
0.9814 0.00287912
0.9815 0.00411438
0.9816 0.00328051
0.9817 0.00387032
0.9818 0.0016468
0.9819 0.00363255
0.981 0.0018994
0.9821 0.00337094
0.9822 0.00198863
0.9823 0.00236435
0.9824 0.00281931
0.9825 0.00279183
0.9826 0.00247697
0.9827 0.00291574
0.9828 0.00125182
0.9829 0.0016757
0.982 0.0043421
0.9831 0.00134957
0.9832 0.0024505
0.9833 0.00293491
0.9834 0.0027689
0.9835 0.00244484
0.9836 0.0025546
0.9837 0.00286447
0.9838 0.00302166
0.9839 0.00249556
0.983 0.00180224
0.9841 0.00133874
0.9842 0.00126347
0.9843 0.00191194
0.9844 0.00144743
0.9845 0.00114072
0.9846 0.00159168
0.9847 0.00224928
0.9848 0.00312771
0.9849 0.00148577
0.984 0.00123437
0.9851 0.0012607
0.9852 0.00162039
0.9853 0.00184816
0.9854 0.0026631
0.9855 0.00197551
0.9856 0.00142797
0.9857 0.00255523
0.9858 0.00146029
0.9859 0.00157928
0.985 0.0022999
0.9861 0.00118387
0.9862 0.00163608
0.9863 0.00204762
0.9864 0.00264842
0.9865 0.00097285
0.9866 0.00257074
0.9867 0.00208128
0.9868 0.0026215
0.9869 0.00301248
0.986 0.00175021
0.9871 0.00138691
0.9872 0.0020267
0.9873 0.00171575
0.9874 0.00223655
0.9875 0.0011345
0.9876 0.00265293
0.9877 0.0024881
0.9878 0.00184446
0.9879 0.00192854
0.987 0.00204151
0.9881 0.00179279
0.9882 0.00230261
0.9883 0.00208332
0.9884 0.00147113
0.9885 0.00100926
0.9886 0.0023657
0.9887 0.00220944
0.9888 0.00182524
0.9889 0.00266872
0.988 0.00149442
0.9891 0.00125253
0.9892 0.00168646
0.9893 0.00104976
0.9894 0.00200951
0.9895 0.00214948
0.9896 0.00138438
0.9897 0.00233803
0.9898 0.0025392
0.9899 0.00161752
0.989 0.00234093
0.98 0.00184783
0.9901 0.00253588
0.9902 0.00182738
0.9903 0.00186914
0.9904 0.000908809
0.9905 0.00160771
0.9906 0.00140982
0.9907 0.00222501
0.9908 0.00204399
0.9909 0.00234647
0.9911 0.00130562
0.9912 0.00110379
0.9913 0.00117891
0.9914 0.00161629
0.9915 0.0010823
0.9916 0.000938627
0.9917 0.00212007
0.9918 0.00126818
0.9919 0.00179309
0.991 0.00215491
0.9921 0.00217324
0.9922 0.00229825
0.9923 0.00106751
0.9924 0.000968419
0.9925 0.00222086
0.9926 0.00136871
0.9927 0.00247432
0.9928 0.00112979
0.9929 0.00174034
0.992 0.00237418
0.9931 0.00200714
0.9932 0.000921229
0.9933 0.00205862
0.9934 0.00221659
0.9935 0.00127627
0.9936 0.00175807
0.9937 0.00118726
0.9938 0.00116754
0.9939 0.0013483
0.993 0.00155115
0.9941 0.00180766
0.9942 0.00140625
0.9943 0.00114718
0.9944 0.00231316
0.9945 0.00207285
0.9946 0.00210793
0.9947 0.00228164
0.9948 0.00211476
0.9949 0.00097679
0.994 0.00119219
0.9951 0.00128891
0.9952 0.00109904
0.9953 0.00185331
0.9954 0.00217516
0.9955 0.000991923
0.9956 0.00211948
0.9957 0.00201699
0.9958 0.00125618
0.9959 0.000980294
0.995 0.00171695
0.9961 0.000804864
0.9962 0.00181584
0.9963 0.000836535
0.9964 0.00127324
0.9965 0.00170619
0.9966 0.000959302
0.9967 0.00193006
0.9968 0.00101818
0.9969 0.000783135
0.996 0.00146015
0.9971 0.00208966
0.9972 0.00213072
0.9973 0.00151582
0.9974 0.00115179
0.9975 0.000927892
0.9976 0.00198724
0.9977 0.00186625
0.9978 0.000947726
0.9979 0.000811129
0.997 0.00176622
0.9981 0.00159546
0.9982 0.00150887
0.9983 0.00187947
0.9984 0.000801508
0.9985 0.000921585
0.9986 0.00117226
0.9987 0.00219265
0.9988 0.00223805
0.9989 0.00205095
0.998 0.00222227
0.9991 0.000769328
0.9992 0.000866853
0.9993 0.00168846
0.9994 0.00211771
0.9995 0.000744044
0.9996 0.000965263
0.9997 0.00183211
0.9998 0.000913278
0.9999 0.00158501
0.999 0.0021066
0.99 0.00114718
0.9 0.0459398
1.0 0.000925204
