#./double_munderdamped_3d --dev=0 --amp=250.0 --omega=1 --mass=0.1 --force=0 --Dg=0.01 --block=256 --paths=1024 --periods=1000 --trans=100 --samples=10000 --spp=10000 --algorithm=euler --pav=1 --mode=moments --domain=1d --domainx=a:-1:3:300:1 --domainy=s:-1:2:100:1 --domainz=a:-1:2.5:100:1 --q=2 --eps=0 --phi=1.57079632679 --lambda=5.0 --zeta=0.2 --comp=0 --mean=1.0 --second=20.0 --skew=0.99 --distribution=s>> 1D_double_a:-1:3:300:1_20.0_5.0_0.99_1.0_0.1.dat
#a <<v>> <<v^2>> qnu(q) mu_q Dx Gx Gv EBx EBv
1.000000e-01 9.958630e-01 5.029047e+02 9.126195e-01 6.192106e+05 4.927521e+01 8.444739e-02 1.995176e+00 1.944381e-04 1.765050e-02
1.031177e-01 9.998382e-01 5.032324e+02 9.489216e-01 6.606378e+05 5.257189e+01 3.566184e-02 3.092028e+00 1.983140e-04 1.909120e-02
1.063327e-01 1.001502e+00 5.030174e+02 9.237819e-01 5.995301e+05 4.770909e+01 7.801980e-03 1.967564e+00 1.997349e-04 1.635217e-02
1.096478e-01 9.997677e-01 5.035094e+02 9.602079e-01 6.244882e+05 4.969519e+01 1.540097e-01 2.778474e+00 2.027338e-04 1.819510e-02
1.130663e-01 1.000821e+00 5.030883e+02 9.583327e-01 6.346245e+05 5.050181e+01 -5.657184e-02 2.430354e+00 2.059437e-04 1.726640e-02
1.165914e-01 9.983714e-01 5.033166e+02 9.486447e-01 6.287698e+05 5.003591e+01 -2.870328e-02 2.004397e+00 2.111671e-04 1.846642e-02
1.202264e-01 1.000020e+00 5.031398e+02 1.034100e+00 6.695282e+05 5.327936e+01 1.187795e-01 2.791278e+00 2.197918e-04 1.924218e-02
1.239748e-01 1.002273e+00 5.027033e+02 1.022287e+00 6.344850e+05 5.049071e+01 -6.412216e-03 1.867276e+00 2.049999e-04 1.788304e-02
1.278400e-01 1.001588e+00 5.031799e+02 1.002484e+00 6.524353e+05 5.191915e+01 1.354963e-01 2.173515e+00 2.019247e-04 1.814749e-02
1.318257e-01 9.948010e-01 5.029848e+02 9.694014e-01 6.236738e+05 4.963038e+01 5.236490e-02 2.793298e+00 1.901383e-04 1.689617e-02
1.359356e-01 1.004834e+00 5.032100e+02 9.166070e-01 6.207546e+05 4.939808e+01 9.507254e-02 2.747855e+00 2.069968e-04 1.744991e-02
1.401737e-01 9.991191e-01 5.030331e+02 9.162135e-01 6.087284e+05 4.844106e+01 8.735148e-03 1.887476e+00 1.939977e-04 1.722629e-02
1.445440e-01 1.000258e+00 5.030551e+02 9.898652e-01 6.786204e+05 5.400289e+01 2.585791e-02 3.851618e+00 2.063325e-04 1.932428e-02
1.490505e-01 9.984265e-01 5.031893e+02 9.860532e-01 6.694042e+05 5.326949e+01 7.755910e-02 2.810664e+00 1.996099e-04 1.840844e-02
1.536975e-01 9.948998e-01 5.028973e+02 9.048174e-01 6.162706e+05 4.904125e+01 -3.845380e-02 2.948563e+00 1.954171e-04 1.778381e-02
1.584893e-01 1.005766e+00 5.032491e+02 9.224319e-01 6.312659e+05 5.023455e+01 3.145266e-02 2.932287e+00 1.991617e-04 1.761556e-02
1.634306e-01 1.001967e+00 5.029790e+02 9.249584e-01 6.028923e+05 4.797664e+01 1.319435e-01 1.250973e+00 1.992158e-04 1.731216e-02
1.685259e-01 1.002765e+00 5.032517e+02 9.426702e-01 6.075266e+05 4.834543e+01 8.443057e-02 2.212701e+00 2.009217e-04 1.691662e-02
1.737801e-01 9.978055e-01 5.032857e+02 9.555586e-01 6.529465e+05 5.195983e+01 1.008779e-01 2.722407e+00 2.141955e-04 1.813368e-02
1.791981e-01 1.002274e+00 5.031261e+02 9.793407e-01 6.723156e+05 5.350117e+01 1.023401e-01 2.767040e+00 2.040912e-04 1.835074e-02
1.847850e-01 9.999504e-01 5.032082e+02 9.416496e-01 6.201273e+05 4.934816e+01 5.439602e-02 3.837441e+00 1.976717e-04 1.721706e-02
1.905461e-01 9.984465e-01 5.030901e+02 1.003884e+00 6.598400e+05 5.250840e+01 1.311288e-01 2.988087e+00 2.143121e-04 1.910125e-02
1.964868e-01 9.983856e-01 5.032042e+02 8.836449e-01 5.678110e+05 4.518497e+01 1.165815e-01 2.570360e+00 2.097911e-04 1.688165e-02
2.026127e-01 1.002965e+00 5.031585e+02 9.642442e-01 6.135933e+05 4.882820e+01 8.892869e-02 2.200594e+00 1.938151e-04 1.765718e-02
2.089296e-01 1.006602e+00 5.029982e+02 9.694862e-01 6.221421e+05 4.950849e+01 -3.021909e-03 1.875400e+00 2.183907e-04 1.782971e-02
2.154435e-01 9.995835e-01 5.032814e+02 9.994816e-01 6.664352e+05 5.303323e+01 1.308875e-02 1.284407e+00 2.022023e-04 1.914266e-02
2.221604e-01 9.949918e-01 5.030010e+02 9.325299e-01 6.081104e+05 4.839188e+01 2.440534e-01 1.795152e+00 1.878914e-04 1.697183e-02
2.290868e-01 9.977837e-01 5.027724e+02 9.588931e-01 6.022324e+05 4.792413e+01 4.741790e-02 3.596957e+00 2.009692e-04 1.694176e-02
2.362291e-01 9.967133e-01 5.034996e+02 9.863428e-01 6.241986e+05 4.967215e+01 9.944100e-03 3.347383e+00 1.898419e-04 1.833173e-02
2.435940e-01 1.003442e+00 5.031779e+02 9.805040e-01 6.234011e+05 4.960868e+01 3.635639e-02 2.930681e+00 2.059548e-04 1.798214e-02
2.511886e-01 9.964373e-01 5.031100e+02 9.567918e-01 6.202834e+05 4.936058e+01 8.535478e-02 3.694904e+00 1.949422e-04 1.744937e-02
2.590200e-01 1.001792e+00 5.032561e+02 9.806924e-01 6.387030e+05 5.082637e+01 6.735168e-03 2.520832e+00 1.931705e-04 1.764547e-02
2.670956e-01 1.005789e+00 5.030293e+02 8.868269e-01 5.703274e+05 4.538521e+01 4.613628e-02 1.600017e+00 1.910893e-04 1.543266e-02
2.754229e-01 1.003762e+00 5.033375e+02 1.011216e+00 6.540421e+05 5.204702e+01 4.742892e-02 3.181448e+00 2.025853e-04 1.845190e-02
2.840098e-01 9.942556e-01 5.033702e+02 9.205986e-01 6.679161e+05 5.315107e+01 1.280867e-01 3.322241e+00 1.957521e-04 1.847204e-02
2.928645e-01 1.005411e+00 5.033388e+02 9.758050e-01 6.482077e+05 5.158273e+01 9.559440e-02 2.398753e+00 2.000620e-04 1.772171e-02
3.019952e-01 1.000419e+00 5.029394e+02 9.317494e-01 6.032508e+05 4.800517e+01 6.672881e-02 1.866697e+00 2.021495e-04 1.784700e-02
3.114106e-01 1.003776e+00 5.031289e+02 9.205564e-01 5.923174e+05 4.713512e+01 8.637270e-02 2.054874e+00 1.910445e-04 1.667848e-02
3.211195e-01 1.004780e+00 5.032278e+02 9.553669e-01 6.319836e+05 5.029166e+01 -9.638686e-03 4.414341e+00 2.081807e-04 1.737131e-02
3.311311e-01 1.001052e+00 5.031590e+02 1.001346e+00 6.498870e+05 5.171637e+01 1.086442e-01 1.868870e+00 2.084680e-04 1.849811e-02
3.414549e-01 1.000145e+00 5.030340e+02 9.007159e-01 6.324546e+05 5.032914e+01 1.585872e-01 2.177118e+00 1.953774e-04 1.757802e-02
3.521005e-01 1.012269e+00 5.034817e+02 1.030241e+00 7.117265e+05 5.663739e+01 1.399308e-01 2.605539e+00 2.256747e-04 1.950982e-02
3.630781e-01 9.996417e-01 5.031289e+02 9.398499e-01 6.136821e+05 4.883527e+01 1.941791e-01 2.047261e+00 2.090005e-04 1.726084e-02
3.743978e-01 1.005303e+00 5.032726e+02 9.384873e-01 6.214056e+05 4.944989e+01 -1.305512e-02 2.586165e+00 1.945128e-04 1.727047e-02
3.860705e-01 1.009755e+00 5.033005e+02 1.036127e+00 6.392727e+05 5.087170e+01 1.639476e-01 1.942088e+00 2.081325e-04 1.859185e-02
3.981072e-01 9.934636e-01 5.028207e+02 9.055421e-01 5.954185e+05 4.738190e+01 -2.221889e-02 3.709717e+00 1.834318e-04 1.621787e-02
4.105191e-01 9.974652e-01 5.030993e+02 9.070675e-01 5.860342e+05 4.663512e+01 3.297689e-02 1.537044e+00 1.987816e-04 1.593181e-02
4.233179e-01 1.001298e+00 5.029997e+02 9.952251e-01 6.679855e+05 5.315660e+01 5.010772e-02 2.336014e+00 2.018891e-04 1.873710e-02
4.365158e-01 1.004961e+00 5.032772e+02 9.333519e-01 6.526219e+05 5.193400e+01 3.801956e-02 2.316293e+00 1.854405e-04 1.769680e-02
4.501252e-01 9.943775e-01 5.029750e+02 9.906138e-01 6.701555e+05 5.332928e+01 -6.309716e-03 2.728831e+00 2.137815e-04 1.892276e-02
4.641589e-01 9.997396e-01 5.028645e+02 1.059976e+00 6.977399e+05 5.552437e+01 6.551814e-02 2.305798e+00 2.042146e-04 1.961889e-02
4.786301e-01 1.005489e+00 5.034709e+02 9.606591e-01 6.550184e+05 5.212471e+01 1.130075e-01 3.095269e+00 2.022204e-04 1.797312e-02
4.935525e-01 1.006749e+00 5.033606e+02 9.740448e-01 6.915988e+05 5.503569e+01 7.331401e-02 3.657179e+00 1.982635e-04 1.895772e-02
5.089401e-01 1.009829e+00 5.035997e+02 9.285392e-01 6.133111e+05 4.880575e+01 1.406820e-01 3.111223e+00 2.012193e-04 1.707084e-02
5.248075e-01 9.977621e-01 5.030783e+02 9.892427e-01 6.012517e+05 4.784609e+01 1.098373e-01 1.945582e+00 2.003490e-04 1.818930e-02
5.411695e-01 1.000855e+00 5.031436e+02 9.565703e-01 5.891350e+05 4.688187e+01 6.234259e-02 2.003138e+00 1.978587e-04 1.661573e-02
5.580417e-01 1.004280e+00 5.031227e+02 9.488038e-01 6.401612e+05 5.094241e+01 7.799343e-02 2.531956e+00 2.002831e-04 1.814303e-02
5.754399e-01 1.008048e+00 5.030484e+02 1.004927e+00 6.789369e+05 5.402808e+01 1.108596e-01 2.028901e+00 1.960685e-04 1.914014e-02
5.933806e-01 9.968637e-01 5.030549e+02 9.471519e-01 6.388461e+05 5.083776e+01 6.741101e-02 1.872266e+00 2.018125e-04 1.924781e-02
6.118806e-01 1.002592e+00 5.032953e+02 9.947147e-01 6.371322e+05 5.070137e+01 -4.981521e-03 2.399849e+00 2.100812e-04 1.776085e-02
6.309573e-01 9.982885e-01 5.029226e+02 9.712542e-01 6.154733e+05 4.897780e+01 1.100899e-01 2.608626e+00 2.020044e-04 1.776168e-02
6.506289e-01 1.003738e+00 5.034862e+02 9.984316e-01 6.306566e+05 5.018606e+01 6.663365e-02 2.223262e+00 1.910019e-04 1.785877e-02
6.709137e-01 9.925596e-01 5.028634e+02 9.530606e-01 6.271174e+05 4.990441e+01 8.322452e-02 1.607163e+00 2.027186e-04 1.794327e-02
6.918310e-01 1.004775e+00 5.030994e+02 9.953100e-01 6.242374e+05 4.967523e+01 4.421442e-02 3.097798e+00 1.926304e-04 1.747811e-02
7.134004e-01 1.003300e+00 5.028602e+02 9.260765e-01 5.751498e+05 4.576897e+01 7.096391e-02 1.587975e+00 1.890202e-04 1.637453e-02
7.356423e-01 1.007134e+00 5.033598e+02 9.880070e-01 6.246070e+05 4.970464e+01 3.518870e-02 4.957800e+00 2.082837e-04 1.688767e-02
7.585776e-01 1.004269e+00 5.030705e+02 8.803866e-01 5.931378e+05 4.720040e+01 2.907728e-02 2.909920e+00 1.968143e-04 1.592156e-02
7.822280e-01 9.964786e-01 5.026028e+02 9.470812e-01 6.021456e+05 4.791722e+01 6.008015e-02 1.317649e+00 2.060949e-04 1.742273e-02
8.066157e-01 1.010111e+00 5.033026e+02 9.786146e-01 6.540485e+05 5.204752e+01 -3.308206e-02 2.399159e+00 2.151021e-04 1.894967e-02
8.317638e-01 1.008831e+00 5.033108e+02 9.553329e-01 6.230180e+05 4.957820e+01 5.275127e-02 3.388228e+00 2.061360e-04 1.707120e-02
8.576959e-01 1.009670e+00 5.033730e+02 9.396549e-01 6.112080e+05 4.863839e+01 3.299769e-02 2.720424e+00 1.959551e-04 1.735009e-02
8.844365e-01 1.007790e+00 5.034177e+02 9.250178e-01 5.778581e+05 4.598449e+01 1.754732e-01 1.620597e+00 2.031782e-04 1.605339e-02
9.120108e-01 1.000530e+00 5.031486e+02 9.805345e-01 6.551996e+05 5.213913e+01 -2.545540e-02 2.225920e+00 1.923109e-04 1.878860e-02
9.404449e-01 1.002733e+00 5.028400e+02 9.869719e-01 6.415925e+05 5.105630e+01 2.086213e-01 3.456428e+00 2.058316e-04 1.822676e-02
9.697654e-01 1.005623e+00 5.030077e+02 9.724382e-01 6.278451e+05 4.996232e+01 1.227476e-01 2.363922e+00 2.066641e-04 1.742018e-02
1.000000e+00 1.007119e+00 5.030867e+02 1.047124e+00 6.691830e+05 5.325189e+01 2.430450e-02 2.988017e+00 1.931420e-04 1.843490e-02
1.031177e+00 1.005412e+00 5.030236e+02 9.326906e-01 6.152829e+05 4.896265e+01 1.075770e-01 2.248227e+00 2.109448e-04 1.695946e-02
1.063327e+00 1.012944e+00 5.036612e+02 1.010727e+00 6.666236e+05 5.304822e+01 1.482426e-01 2.102441e+00 2.206946e-04 1.855597e-02
1.096478e+00 9.967874e-01 5.027992e+02 9.307451e-01 6.162228e+05 4.903745e+01 6.059729e-02 1.995005e+00 1.939217e-04 1.810375e-02
1.130663e+00 1.011521e+00 5.031984e+02 9.523768e-01 5.797441e+05 4.613457e+01 -1.107858e-02 2.448119e+00 2.023355e-04 1.680186e-02
1.165914e+00 1.008489e+00 5.031924e+02 9.710532e-01 6.677270e+05 5.313602e+01 9.208107e-02 2.277880e+00 2.026968e-04 1.845851e-02
1.202264e+00 1.009495e+00 5.031615e+02 9.306404e-01 6.101667e+05 4.855552e+01 1.620563e-01 2.430061e+00 1.888714e-04 1.617536e-02
1.239748e+00 1.008478e+00 5.030518e+02 9.480888e-01 6.217191e+05 4.947483e+01 1.378537e-01 2.256158e+00 1.977198e-04 1.810845e-02
1.278400e+00 9.954899e-01 5.026189e+02 1.005237e+00 6.091828e+05 4.847723e+01 7.150713e-02 2.125778e+00 1.982973e-04 1.805540e-02
1.318257e+00 1.011159e+00 5.033185e+02 9.642653e-01 6.162542e+05 4.903995e+01 3.592601e-03 1.916694e+00 1.841424e-04 1.697159e-02
1.359356e+00 1.013786e+00 5.034781e+02 8.696975e-01 6.169862e+05 4.909820e+01 2.388351e-01 1.810150e+00 2.052831e-04 1.678095e-02
1.401737e+00 1.010896e+00 5.032172e+02 9.407561e-01 6.413159e+05 5.103430e+01 3.747581e-01 1.901561e+00 2.092921e-04 1.813317e-02
1.445440e+00 1.008901e+00 5.031706e+02 9.444666e-01 6.263910e+05 4.984661e+01 1.084621e-01 3.684247e+00 1.765093e-04 1.684777e-02
1.490505e+00 1.012426e+00 5.032062e+02 9.596998e-01 6.358244e+05 5.059729e+01 -1.634643e-02 2.503135e+00 2.025440e-04 1.795617e-02
1.536975e+00 1.013064e+00 5.034387e+02 9.838760e-01 6.242336e+05 4.967493e+01 7.861790e-02 2.221713e+00 2.020132e-04 1.747386e-02
1.584893e+00 1.008640e+00 5.030398e+02 9.143727e-01 6.151130e+05 4.894914e+01 8.319440e-02 2.263157e+00 1.876282e-04 1.678177e-02
1.634306e+00 1.008153e+00 5.030691e+02 9.837862e-01 6.862149e+05 5.460724e+01 1.387029e-01 2.104755e+00 1.940734e-04 1.892972e-02
1.685259e+00 1.018575e+00 5.032167e+02 1.000384e+00 6.688659e+05 5.322666e+01 1.365480e-01 1.533426e+00 2.043990e-04 1.821534e-02
1.737801e+00 1.016683e+00 5.031393e+02 9.390707e-01 6.214270e+05 4.945159e+01 5.553273e-02 1.869486e+00 1.992880e-04 1.730886e-02
1.791981e+00 1.011005e+00 5.027483e+02 9.754065e-01 6.203788e+05 4.936818e+01 1.453331e-01 1.566631e+00 2.015834e-04 1.702301e-02
1.847850e+00 1.015329e+00 5.030055e+02 9.242074e-01 6.048453e+05 4.813206e+01 7.933148e-02 4.728714e+00 2.128630e-04 1.682798e-02
1.905461e+00 1.020583e+00 5.034555e+02 9.722398e-01 6.116139e+05 4.867069e+01 -1.258447e-02 2.226537e+00 1.941020e-04 1.683730e-02
1.964868e+00 1.023798e+00 5.031436e+02 9.639630e-01 6.417952e+05 5.107244e+01 8.224867e-02 1.157139e+00 1.952429e-04 1.703613e-02
2.026127e+00 1.018569e+00 5.033988e+02 1.022363e+00 6.590351e+05 5.244434e+01 6.307827e-02 3.231470e+00 2.068753e-04 1.801383e-02
2.089296e+00 1.024394e+00 5.032658e+02 9.319716e-01 6.104594e+05 4.857882e+01 1.628928e-01 1.607453e+00 1.894920e-04 1.666641e-02
2.154435e+00 1.031547e+00 5.038733e+02 9.962630e-01 6.612463e+05 5.262031e+01 7.946835e-02 2.716482e+00 2.082685e-04 1.789431e-02
2.221604e+00 1.029527e+00 5.031157e+02 9.341785e-01 5.964054e+05 4.746043e+01 4.929723e-02 2.478098e+00 1.967949e-04 1.599414e-02
2.290868e+00 1.026041e+00 5.031991e+02 9.742645e-01 6.748045e+05 5.369924e+01 1.042963e-01 3.160909e+00 1.951508e-04 1.766028e-02
2.362291e+00 1.023977e+00 5.032561e+02 1.006044e+00 6.561076e+05 5.221138e+01 6.446409e-02 2.681676e+00 2.092248e-04 1.789396e-02
2.435940e+00 1.023103e+00 5.029295e+02 9.510335e-01 6.168676e+05 4.908876e+01 -4.637524e-02 3.611646e+00 2.035937e-04 1.711600e-02
2.511886e+00 1.026974e+00 5.030499e+02 9.729872e-01 6.212922e+05 4.944086e+01 1.023583e-01 3.467986e+00 1.873618e-04 1.694646e-02
2.590200e+00 1.028852e+00 5.029460e+02 9.561993e-01 6.347072e+05 5.050839e+01 1.386048e-01 3.124558e+00 2.096295e-04 1.725660e-02
2.670956e+00 1.029286e+00 5.034431e+02 9.588102e-01 6.190460e+05 4.926211e+01 6.271351e-02 3.947024e+00 2.075567e-04 1.637006e-02
2.754229e+00 1.042598e+00 5.033618e+02 9.133032e-01 5.552357e+05 4.418426e+01 7.746406e-02 1.818884e+00 2.028653e-04 1.501459e-02
2.840098e+00 1.038959e+00 5.032427e+02 9.153622e-01 6.080827e+05 4.838968e+01 1.376928e-01 2.747084e+00 1.995338e-04 1.615483e-02
2.928645e+00 1.042903e+00 5.033577e+02 9.564658e-01 6.106085e+05 4.859068e+01 8.213654e-02 2.088674e+00 2.028918e-04 1.623173e-02
3.019952e+00 1.045380e+00 5.033153e+02 9.899516e-01 6.711737e+05 5.341030e+01 7.627860e-02 3.206816e+00 2.199013e-04 1.699175e-02
3.114106e+00 1.051351e+00 5.030892e+02 9.510159e-01 6.493431e+05 5.167308e+01 5.431248e-02 3.004843e+00 1.979111e-04 1.612121e-02
3.211195e+00 1.054253e+00 5.035835e+02 9.955789e-01 6.328171e+05 5.035798e+01 5.688208e-02 2.337651e+00 1.862606e-04 1.640798e-02
3.311311e+00 1.054569e+00 5.034137e+02 9.628783e-01 6.156911e+05 4.899514e+01 7.892741e-02 2.986309e+00 2.022797e-04 1.580460e-02
3.414549e+00 1.058365e+00 5.033351e+02 9.189112e-01 5.808481e+05 4.622242e+01 2.200629e-01 2.950542e+00 2.021867e-04 1.435148e-02
3.521005e+00 1.060761e+00 5.035796e+02 9.855105e-01 6.456477e+05 5.137901e+01 1.897698e-01 2.083809e+00 2.108274e-04 1.606075e-02
3.630781e+00 1.064625e+00 5.031771e+02 9.188888e-01 5.587121e+05 4.446090e+01 -2.715648e-02 1.213399e+00 1.969414e-04 1.345633e-02
3.743978e+00 1.069019e+00 5.032987e+02 9.854024e-01 6.151889e+05 4.895518e+01 -6.757604e-02 2.845311e+00 1.951424e-04 1.527904e-02
3.860705e+00 1.069542e+00 5.039258e+02 9.474641e-01 6.013580e+05 4.785455e+01 -3.313569e-02 4.535298e+00 2.033737e-04 1.500592e-02
3.981072e+00 1.078086e+00 5.034227e+02 9.749409e-01 6.659446e+05 5.299418e+01 2.470272e-02 1.999082e+00 2.106801e-04 1.545269e-02
4.105191e+00 1.083417e+00 5.037506e+02 9.618926e-01 6.390535e+05 5.085426e+01 1.113709e-01 2.098048e+00 1.884739e-04 1.518905e-02
4.233179e+00 1.078729e+00 5.032254e+02 9.186415e-01 5.806123e+05 4.620366e+01 5.566854e-02 2.229275e+00 2.046166e-04 1.466070e-02
4.365158e+00 1.086287e+00 5.033404e+02 9.164818e-01 5.793351e+05 4.610202e+01 7.802284e-02 3.241962e+00 2.018710e-04 1.391488e-02
4.501252e+00 1.095267e+00 5.033562e+02 9.363714e-01 5.566587e+05 4.429749e+01 1.985475e-03 2.057936e+00 2.030231e-04 1.366619e-02
4.641589e+00 1.092048e+00 5.033585e+02 9.775887e-01 6.146060e+05 4.890879e+01 1.804962e-02 2.336162e+00 2.111335e-04 1.515348e-02
4.786301e+00 1.100724e+00 5.034652e+02 9.776506e-01 6.543155e+05 5.206877e+01 7.422471e-02 3.310132e+00 2.064276e-04 1.529250e-02
4.935525e+00 1.114909e+00 5.038641e+02 8.975682e-01 5.335579e+05 4.245919e+01 2.162314e-02 4.335781e+00 2.034151e-04 1.226964e-02
5.089401e+00 1.118023e+00 5.033144e+02 1.012785e+00 6.110703e+05 4.862743e+01 -8.692101e-04 4.828422e+00 2.013097e-04 1.420334e-02
5.248075e+00 1.111377e+00 5.031144e+02 9.743371e-01 6.084138e+05 4.841603e+01 5.239182e-02 4.092249e+00 1.978980e-04 1.427206e-02
5.411695e+00 1.123145e+00 5.030947e+02 9.369586e-01 6.019591e+05 4.790238e+01 3.102240e-02 3.206221e+00 1.845006e-04 1.347252e-02
5.580417e+00 1.119911e+00 5.030966e+02 9.697742e-01 6.096088e+05 4.851112e+01 -1.163785e-02 1.358826e+00 1.929056e-04 1.373152e-02
5.754399e+00 1.131925e+00 5.032382e+02 9.579263e-01 6.040318e+05 4.806732e+01 -6.121991e-02 3.119351e+00 1.824399e-04 1.306549e-02
5.933806e+00 1.145193e+00 5.037206e+02 9.965510e-01 6.152274e+05 4.895824e+01 3.962059e-02 2.955404e+00 2.158501e-04 1.339986e-02
6.118806e+00 1.154529e+00 5.033171e+02 9.495659e-01 5.957378e+05 4.740730e+01 -4.999851e-02 3.203277e+00 2.055019e-04 1.298008e-02
6.309573e+00 1.163150e+00 5.035374e+02 9.184806e-01 5.567871e+05 4.430771e+01 5.708469e-02 2.144341e+00 2.032024e-04 1.189890e-02
6.506289e+00 1.178074e+00 5.035941e+02 9.830989e-01 6.083828e+05 4.841356e+01 3.127648e-03 2.417254e+00 2.088651e-04 1.255550e-02
6.709137e+00 1.182214e+00 5.033129e+02 9.331674e-01 5.649839e+05 4.495999e+01 2.220690e-02 1.944387e+00 1.926815e-04 1.115328e-02
6.918310e+00 1.184618e+00 5.034185e+02 9.516567e-01 5.620902e+05 4.472972e+01 -4.939157e-02 2.038323e+00 2.039235e-04 1.163099e-02
7.134004e+00 1.200891e+00 5.032530e+02 9.506825e-01 5.927328e+05 4.716818e+01 4.171684e-02 2.631154e+00 1.982064e-04 1.136590e-02
7.356423e+00 1.212655e+00 5.039096e+02 8.897592e-01 5.021925e+05 3.996321e+01 1.448374e-02 1.389447e+00 1.918374e-04 9.802080e-03
7.585776e+00 1.225130e+00 5.036327e+02 9.445332e-01 5.955533e+05 4.739263e+01 -5.536221e-03 2.264659e+00 1.953099e-04 1.106436e-02
7.822280e+00 1.228494e+00 5.037233e+02 9.955171e-01 5.830448e+05 4.639723e+01 6.640505e-02 2.284327e+00 2.126894e-04 1.124651e-02
8.066157e+00 1.233711e+00 5.033761e+02 9.505783e-01 5.716552e+05 4.549087e+01 -3.166317e-02 2.796682e+00 2.089717e-04 1.072396e-02
8.317638e+00 1.251764e+00 5.038126e+02 9.702982e-01 5.946580e+05 4.732138e+01 -5.810153e-03 2.023414e+00 2.100883e-04 1.085735e-02
8.576959e+00 1.259411e+00 5.031964e+02 9.279452e-01 5.455372e+05 4.341247e+01 -9.520448e-02 1.923209e+00 2.115748e-04 1.006128e-02
8.844365e+00 1.278237e+00 5.035745e+02 9.243799e-01 5.705346e+05 4.540170e+01 -9.757442e-02 9.461490e-01 2.095929e-04 9.634615e-03
9.120108e+00 1.286992e+00 5.037225e+02 9.619138e-01 5.670469e+05 4.512416e+01 -6.735113e-02 3.759768e+00 1.946607e-04 9.866330e-03
9.404449e+00 1.302570e+00 5.034951e+02 9.531190e-01 5.492255e+05 4.370598e+01 -1.061823e-02 2.623030e+00 2.059105e-04 9.174313e-03
9.697654e+00 1.325658e+00 5.038298e+02 9.505861e-01 5.664686e+05 4.507814e+01 -8.654804e-02 2.949929e+00 1.968790e-04 9.126396e-03
1.000000e+01 1.344032e+00 5.035579e+02 9.523973e-01 5.537861e+05 4.406890e+01 -1.101980e-01 3.115028e+00 2.031796e-04 8.647472e-03
1.031177e+01 1.353213e+00 5.040095e+02 9.112329e-01 5.398526e+05 4.296010e+01 -1.588513e-02 2.099747e+00 2.104131e-04 8.401067e-03
1.063327e+01 1.363731e+00 5.036839e+02 9.830195e-01 5.532954e+05 4.402985e+01 8.475181e-03 1.931737e+00 2.135820e-04 8.580285e-03
1.096478e+01 1.396199e+00 5.044095e+02 9.483239e-01 5.571940e+05 4.434009e+01 -6.679750e-02 2.275714e+00 2.044194e-04 8.192065e-03
1.130663e+01 1.404002e+00 5.037819e+02 9.625448e-01 5.182899e+05 4.124420e+01 -1.318803e-01 2.394621e+00 1.930567e-04 7.502044e-03
1.165914e+01 1.419648e+00 5.041254e+02 9.276693e-01 5.069428e+05 4.034122e+01 -1.923052e-02 2.564846e+00 1.941004e-04 7.090630e-03
1.202264e+01 1.440803e+00 5.037455e+02 8.548918e-01 4.870648e+05 3.875939e+01 -3.709301e-02 2.951991e+00 1.876405e-04 6.590508e-03
1.239748e+01 1.461218e+00 5.036754e+02 8.944231e-01 4.731699e+05 3.765366e+01 -9.260656e-02 1.750180e+00 2.001653e-04 6.248506e-03
1.278400e+01 1.483750e+00 5.039862e+02 9.261334e-01 5.110488e+05 4.066797e+01 -1.232609e-01 5.395889e+00 2.106633e-04 6.574475e-03
1.318257e+01 1.502112e+00 5.037973e+02 8.989114e-01 4.637975e+05 3.690783e+01 -8.665136e-02 3.730928e+00 1.967765e-04 6.059227e-03
1.359356e+01 1.525476e+00 5.040273e+02 9.259190e-01 4.796595e+05 3.817009e+01 -7.436532e-02 2.862255e+00 2.025030e-04 6.271773e-03
1.401737e+01 1.551627e+00 5.043326e+02 9.229460e-01 4.754864e+05 3.783801e+01 -7.486077e-02 3.365173e+00 1.954722e-04 5.683533e-03
1.445440e+01 1.568269e+00 5.044493e+02 8.989460e-01 4.719502e+05 3.755660e+01 -1.355339e-01 1.794918e+00 1.863897e-04 5.400606e-03
1.490505e+01 1.595149e+00 5.045296e+02 9.174374e-01 4.753529e+05 3.782738e+01 -3.144810e-02 1.885217e+00 2.165664e-04 5.299663e-03
1.536975e+01 1.618419e+00 5.047775e+02 9.419043e-01 4.739101e+05 3.771257e+01 -3.816082e-02 1.895115e+00 1.957717e-04 5.199838e-03
1.584893e+01 1.639473e+00 5.041866e+02 9.276961e-01 4.722655e+05 3.758170e+01 -1.481488e-01 2.135726e+00 2.059399e-04 4.936317e-03
1.634306e+01 1.666236e+00 5.043848e+02 9.655281e-01 5.291827e+05 4.211102e+01 -1.092121e-01 1.960862e+00 2.063810e-04 5.321558e-03
1.685259e+01 1.688047e+00 5.042619e+02 9.123655e-01 4.608218e+05 3.667103e+01 -1.327636e-01 1.691310e+00 1.786188e-04 4.507863e-03
1.737801e+01 1.728843e+00 5.049542e+02 9.251199e-01 4.504542e+05 3.584600e+01 -2.394991e-02 1.766541e+00 1.899719e-04 4.417037e-03
1.791981e+01 1.756676e+00 5.046651e+02 9.428542e-01 4.649195e+05 3.699712e+01 -1.355374e-01 1.960053e+00 2.048750e-04 4.409210e-03
1.847850e+01 1.768504e+00 5.042858e+02 8.972813e-01 4.596044e+05 3.657416e+01 -6.207751e-02 3.172385e+00 2.084320e-04 4.223207e-03
1.905461e+01 1.806888e+00 5.050136e+02 8.534317e-01 4.252811e+05 3.384279e+01 -1.679404e-02 4.480457e+00 1.895383e-04 3.526337e-03
1.964868e+01 1.836111e+00 5.048342e+02 8.558678e-01 4.067997e+05 3.237209e+01 -8.739184e-02 1.602109e+00 1.994953e-04 3.436060e-03
2.026127e+01 1.863028e+00 5.049515e+02 9.053257e-01 4.299738e+05 3.421623e+01 -1.236061e-01 2.253409e+00 2.001319e-04 3.631453e-03
2.089296e+01 1.895578e+00 5.052998e+02 8.752809e-01 4.346775e+05 3.459054e+01 -2.910345e-02 2.256131e+00 2.095336e-04 3.474640e-03
2.154435e+01 1.923950e+00 5.055257e+02 9.130980e-01 4.283585e+05 3.408769e+01 -6.485340e-02 2.825924e+00 2.167663e-04 3.284069e-03
2.221604e+01 1.955312e+00 5.054262e+02 8.916852e-01 4.110069e+05 3.270689e+01 -7.261714e-02 1.471483e+00 2.007830e-04 3.008894e-03
2.290868e+01 1.986883e+00 5.054805e+02 9.303221e-01 4.178612e+05 3.325234e+01 -8.239519e-02 3.099458e+00 1.965501e-04 3.059988e-03
2.362291e+01 2.012286e+00 5.055024e+02 9.156440e-01 4.026030e+05 3.203813e+01 -9.632288e-02 2.657020e+00 2.005224e-04 2.739932e-03
2.435940e+01 2.039110e+00 5.051529e+02 9.794626e-01 4.118563e+05 3.277448e+01 -8.259898e-02 3.811206e+00 1.883386e-04 2.828699e-03
2.511886e+01 2.067825e+00 5.059297e+02 8.889652e-01 4.061982e+05 3.232422e+01 3.746591e-02 2.019920e+00 2.028985e-04 2.708578e-03
2.590200e+01 2.103177e+00 5.060976e+02 8.651794e-01 3.594717e+05 2.860585e+01 -3.288624e-02 3.549214e+00 1.930601e-04 2.322025e-03
2.670956e+01 2.133589e+00 5.057657e+02 9.691412e-01 3.949285e+05 3.142741e+01 -8.331456e-02 1.497520e+00 2.093963e-04 2.459388e-03
2.754229e+01 2.163675e+00 5.062248e+02 9.197208e-01 3.484617e+05 2.772970e+01 -3.064803e-02 2.629088e+00 1.890251e-04 2.212034e-03
2.840098e+01 2.192282e+00 5.060225e+02 9.256946e-01 3.704538e+05 2.947978e+01 -5.904914e-02 2.489396e+00 2.156896e-04 2.262953e-03
2.928645e+01 2.214389e+00 5.058366e+02 8.714037e-01 3.536569e+05 2.814312e+01 -5.042350e-02 1.863114e+00 2.106448e-04 1.979228e-03
3.019952e+01 2.237048e+00 5.057659e+02 8.916781e-01 3.430513e+05 2.729915e+01 -7.460204e-02 2.723227e+00 2.007010e-04 1.983368e-03
3.114106e+01 2.271455e+00 5.067527e+02 9.218086e-01 3.466846e+05 2.758828e+01 7.938700e-02 2.061802e+00 1.945242e-04 1.937721e-03
3.211195e+01 2.294594e+00 5.064479e+02 9.369520e-01 3.396761e+05 2.703057e+01 1.665381e-02 1.770098e+00 2.047242e-04 1.931773e-03
3.311311e+01 2.315844e+00 5.069758e+02 8.842538e-01 3.330259e+05 2.650136e+01 -1.030421e-01 1.777559e+00 2.085648e-04 1.721456e-03
3.414549e+01 2.340514e+00 5.067264e+02 9.053751e-01 3.032557e+05 2.413232e+01 1.034534e-02 3.083854e+00 1.973701e-04 1.647169e-03
3.521005e+01 2.362588e+00 5.072269e+02 8.833265e-01 3.223200e+05 2.564941e+01 -2.953521e-02 2.419751e+00 2.175469e-04 1.667766e-03
3.630781e+01 2.380506e+00 5.070775e+02 9.478361e-01 3.333888e+05 2.653024e+01 -6.342600e-02 2.967809e+00 1.914465e-04 1.686528e-03
3.743978e+01 2.395785e+00 5.071976e+02 8.702949e-01 3.224983e+05 2.566360e+01 -2.757787e-02 1.590221e+00 1.833858e-04 1.551479e-03
3.860705e+01 2.418800e+00 5.074564e+02 8.733135e-01 3.162423e+05 2.516576e+01 -5.087621e-02 2.216109e+00 1.937705e-04 1.525891e-03
3.981072e+01 2.427178e+00 5.078807e+02 9.631381e-01 2.943033e+05 2.341991e+01 -8.966384e-02 2.201102e+00 2.030315e-04 1.481676e-03
4.105191e+01 2.434805e+00 5.080272e+02 9.332205e-01 3.015026e+05 2.399281e+01 -7.363488e-02 2.870027e+00 2.062272e-04 1.466892e-03
4.233179e+01 2.445359e+00 5.077762e+02 9.029618e-01 3.026993e+05 2.408804e+01 4.708792e-02 2.909286e+00 1.981579e-04 1.457759e-03
4.365158e+01 2.452832e+00 5.077389e+02 9.493504e-01 3.073822e+05 2.446070e+01 -6.609224e-02 3.102497e+00 2.037104e-04 1.452967e-03
4.501252e+01 2.463545e+00 5.086161e+02 9.414622e-01 2.908372e+05 2.314409e+01 -3.373896e-02 2.437779e+00 1.998007e-04 1.381012e-03
4.641589e+01 2.468874e+00 5.086171e+02 9.628201e-01 2.960005e+05 2.355497e+01 -6.998571e-02 2.125584e+00 1.973994e-04 1.412612e-03
4.786301e+01 2.468027e+00 5.088356e+02 8.658645e-01 2.688375e+05 2.139341e+01 -4.196537e-02 3.027024e+00 1.907505e-04 1.280499e-03
4.935525e+01 2.471464e+00 5.090163e+02 8.512783e-01 2.578162e+05 2.051636e+01 -3.733448e-02 2.071878e+00 1.825608e-04 1.189981e-03
5.089401e+01 2.464789e+00 5.092821e+02 8.795399e-01 2.509829e+05 1.997258e+01 1.551003e-01 2.275174e+00 1.938224e-04 1.205385e-03
5.248075e+01 2.463236e+00 5.095029e+02 8.306071e-01 2.277978e+05 1.812758e+01 9.219211e-03 2.296831e+00 1.957161e-04 1.091548e-03
5.411695e+01 2.458411e+00 5.099197e+02 9.575820e-01 2.614979e+05 2.080934e+01 3.411597e-02 3.169523e+00 1.957870e-04 1.224269e-03
5.580417e+01 2.458821e+00 5.107798e+02 8.311814e-01 2.363000e+05 1.880415e+01 3.966440e-02 1.964897e+00 1.988492e-04 1.085419e-03
5.754399e+01 2.451393e+00 5.103093e+02 9.697949e-01 2.688701e+05 2.139600e+01 2.876987e-02 2.754823e+00 2.061153e-04 1.260793e-03
5.933806e+01 2.439830e+00 5.109963e+02 8.913634e-01 2.422543e+05 1.927799e+01 3.612358e-02 1.579177e+00 1.876077e-04 1.169985e-03
6.118806e+01 2.433910e+00 5.117650e+02 9.186291e-01 2.293399e+05 1.825029e+01 -5.307801e-02 1.729066e+00 2.067466e-04 1.123302e-03
6.309573e+01 2.412729e+00 5.112712e+02 8.710927e-01 2.181077e+05 1.735646e+01 -3.547340e-02 2.827997e+00 2.042931e-04 1.073513e-03
6.506289e+01 2.408026e+00 5.118379e+02 9.161373e-01 2.425295e+05 1.929989e+01 -7.569074e-02 2.180380e+00 2.041692e-04 1.207137e-03
6.709137e+01 2.388739e+00 5.123839e+02 8.808915e-01 2.308196e+05 1.836804e+01 -9.944695e-02 2.985337e+00 1.992993e-04 1.146018e-03
6.918310e+01 2.373361e+00 5.128161e+02 9.145541e-01 2.292874e+05 1.824611e+01 2.236800e-02 2.624378e+00 2.142228e-04 1.181516e-03
7.134004e+01 2.352128e+00 5.130278e+02 9.760662e-01 2.249881e+05 1.790398e+01 -9.455976e-02 2.246726e+00 2.077996e-04 1.152433e-03
7.356423e+01 2.334400e+00 5.136560e+02 9.276241e-01 2.156783e+05 1.716314e+01 -9.833003e-03 1.636774e+00 1.989185e-04 1.135171e-03
7.585776e+01 2.310982e+00 5.142274e+02 9.091344e-01 2.079507e+05 1.654819e+01 -6.907984e-02 2.251483e+00 1.968049e-04 1.129849e-03
7.822280e+01 2.285454e+00 5.143733e+02 9.015955e-01 2.058380e+05 1.638007e+01 -2.102596e-02 2.475754e+00 1.888046e-04 1.107646e-03
8.066157e+01 2.270095e+00 5.151851e+02 9.945779e-01 2.106068e+05 1.675955e+01 -1.004442e-02 7.058711e+00 1.926543e-04 1.179510e-03
8.317638e+01 2.240341e+00 5.154327e+02 8.787695e-01 1.842032e+05 1.465842e+01 -6.992657e-02 4.226077e+00 1.962887e-04 1.053252e-03
8.576959e+01 2.216950e+00 5.163225e+02 9.371568e-01 1.819714e+05 1.448082e+01 5.963208e-03 1.889036e+00 2.047047e-04 1.082652e-03
8.844365e+01 2.184406e+00 5.165218e+02 9.019190e-01 1.657963e+05 1.319365e+01 1.333765e-01 1.263368e+00 1.837361e-04 1.028189e-03
9.120108e+01 2.160838e+00 5.175481e+02 9.117201e-01 1.713492e+05 1.363554e+01 7.916331e-02 1.569622e+00 2.003461e-04 1.058769e-03
9.404449e+01 2.127163e+00 5.178464e+02 9.074681e-01 1.580267e+05 1.257537e+01 -1.036920e-02 3.851187e+00 2.006515e-04 1.026454e-03
9.697654e+01 2.094544e+00 5.184692e+02 9.574896e-01 1.657532e+05 1.319022e+01 -2.032405e-02 1.993276e+00 2.000624e-04 1.080072e-03
1.000000e+02 2.064883e+00 5.191674e+02 9.484517e-01 1.609940e+05 1.281149e+01 7.659284e-02 1.856294e+00 1.977642e-04 1.092478e-03
1.031177e+02 2.033740e+00 5.201271e+02 8.647247e-01 1.519544e+05 1.209214e+01 -5.883217e-02 2.918728e+00 1.831739e-04 1.052152e-03
1.063327e+02 1.997089e+00 5.208605e+02 8.764086e-01 1.526542e+05 1.214783e+01 -8.447377e-02 1.278623e+00 1.862978e-04 1.079661e-03
1.096478e+02 1.960525e+00 5.216099e+02 8.851660e-01 1.400967e+05 1.114854e+01 -7.097705e-02 3.063558e+00 1.971633e-04 1.030371e-03
1.130663e+02 1.925826e+00 5.224879e+02 9.543390e-01 1.617657e+05 1.287290e+01 -5.861023e-02 1.422639e+00 2.126453e-04 1.250829e-03
1.165914e+02 1.887963e+00 5.231658e+02 8.758015e-01 1.480333e+05 1.178012e+01 1.910468e-02 2.182778e+00 2.033581e-04 1.164829e-03
1.202264e+02 1.850486e+00 5.241036e+02 1.017508e+00 1.569105e+05 1.248654e+01 -7.575439e-03 1.932401e+00 2.068231e-04 1.295683e-03
1.239748e+02 1.810733e+00 5.252001e+02 1.045151e+00 1.552249e+05 1.235241e+01 9.160255e-02 1.351350e+00 2.114287e-04 1.351586e-03
1.278400e+02 1.770920e+00 5.259816e+02 9.967879e-01 1.326453e+05 1.055557e+01 4.714900e-03 2.288361e+00 2.017096e-04 1.207717e-03
1.318257e+02 1.733948e+00 5.270625e+02 1.036031e+00 1.533511e+05 1.220329e+01 -7.199347e-02 1.721364e+00 2.179783e-04 1.458102e-03
1.359356e+02 1.694925e+00 5.284023e+02 9.807111e-01 1.259396e+05 1.002196e+01 -3.324682e-02 2.122090e+00 2.108930e-04 1.246549e-03
1.401737e+02 1.650279e+00 5.294253e+02 9.406919e-01 1.210595e+05 9.633610e+00 -9.738351e-02 2.552268e+00 1.975744e-04 1.244803e-03
1.445440e+02 1.611158e+00 5.307010e+02 1.002075e+00 1.327563e+05 1.056441e+01 -1.243920e-01 1.540152e+00 2.043333e-04 1.441835e-03
1.490505e+02 1.569696e+00 5.319225e+02 9.720918e-01 1.213052e+05 9.653162e+00 -7.017594e-02 1.625661e+00 1.928163e-04 1.360962e-03
1.536975e+02 1.525657e+00 5.329022e+02 1.039014e+00 1.252966e+05 9.970786e+00 -9.795045e-02 1.381323e+00 2.098592e-04 1.508491e-03
1.584893e+02 1.483812e+00 5.343851e+02 1.002855e+00 1.108750e+05 8.823149e+00 3.767844e-02 1.465295e+00 1.919502e-04 1.414569e-03
1.634306e+02 1.444522e+00 5.360167e+02 1.000901e+00 9.871083e+04 7.855158e+00 -4.712035e-02 9.400307e-01 2.032213e-04 1.352769e-03
1.685259e+02 1.401379e+00 5.376367e+02 9.603376e-01 9.603765e+04 7.642433e+00 -5.293826e-02 3.123737e+00 2.031921e-04 1.412789e-03
1.737801e+02 1.355955e+00 5.388899e+02 9.344800e-01 9.552186e+04 7.601388e+00 7.477612e-03 1.652966e+00 1.907805e-04 1.495391e-03
1.791981e+02 1.315942e+00 5.403745e+02 1.044048e+00 9.025495e+04 7.182260e+00 -2.068143e-03 1.520010e+00 1.998729e-04 1.503902e-03
1.847850e+02 1.276874e+00 5.426838e+02 9.099895e-01 8.298240e+04 6.603529e+00 -2.809665e-02 3.431555e+00 1.949007e-04 1.463663e-03
1.905461e+02 1.233581e+00 5.441142e+02 9.473519e-01 8.482058e+04 6.749807e+00 -1.422002e-03 1.911120e+00 2.111551e-04 1.585519e-03
1.964868e+02 1.188524e+00 5.457552e+02 9.723674e-01 7.676099e+04 6.108445e+00 -1.515109e-01 1.689148e+00 1.907903e-04 1.568156e-03
2.026127e+02 1.146901e+00 5.476045e+02 9.352601e-01 7.603215e+04 6.050446e+00 -5.251076e-02 1.380360e+00 1.972056e-04 1.613620e-03
2.089296e+02 1.106054e+00 5.501100e+02 9.699113e-01 7.598701e+04 6.046854e+00 -1.750677e-03 3.655684e+00 1.970768e-04 1.833338e-03
2.154435e+02 1.070990e+00 5.527669e+02 1.021551e+00 8.004773e+04 6.369996e+00 -8.459031e-02 6.988600e-01 2.069937e-04 2.020469e-03
2.221604e+02 1.026833e+00 5.545543e+02 9.825911e-01 7.213710e+04 5.740488e+00 -4.138464e-02 1.306779e+00 1.826585e-04 1.946813e-03
2.290868e+02 9.859351e-01 5.569234e+02 1.051605e+00 7.402032e+04 5.890350e+00 -7.463271e-02 1.544485e+00 2.118301e-04 2.136702e-03
2.362291e+02 9.461230e-01 5.593391e+02 1.040499e+00 7.527592e+04 5.990267e+00 1.467319e-02 1.875722e+00 1.835070e-04 2.376891e-03
2.435940e+02 9.065024e-01 5.622432e+02 9.993210e-01 6.344016e+04 5.048407e+00 8.080946e-02 1.300567e+00 1.920055e-04 2.278260e-03
2.511886e+02 8.702576e-01 5.649242e+02 9.702459e-01 6.223765e+04 4.952714e+00 9.838894e-02 9.828946e-01 1.850081e-04 2.358168e-03
2.590200e+02 8.323998e-01 5.674661e+02 9.764343e-01 5.580616e+04 4.440913e+00 1.276914e-01 2.225441e+00 1.754433e-04 2.390577e-03
2.670956e+02 7.978964e-01 5.711408e+02 1.053068e+00 5.879994e+04 4.679150e+00 -7.898729e-03 2.259325e+00 1.900126e-04 2.697860e-03
2.754229e+02 7.607411e-01 5.742379e+02 9.967914e-01 5.196006e+04 4.134850e+00 -1.440942e-02 1.553603e+00 1.724402e-04 2.661225e-03
2.840098e+02 7.240191e-01 5.773575e+02 9.566087e-01 4.848086e+04 3.857984e+00 1.528780e-01 1.609169e+00 1.680448e-04 2.599129e-03
2.928645e+02 6.926242e-01 5.810578e+02 9.886507e-01 4.446054e+04 3.538057e+00 5.351997e-02 1.655598e+00 1.724042e-04 2.701709e-03
3.019952e+02 6.590472e-01 5.844704e+02 9.513426e-01 4.193901e+04 3.337400e+00 -8.747017e-03 1.087230e+00 1.691263e-04 2.776863e-03
3.114106e+02 6.271354e-01 5.887658e+02 9.617092e-01 4.160177e+04 3.310564e+00 9.504893e-02 1.462521e+00 1.790898e-04 3.117015e-03
3.211195e+02 5.958713e-01 5.929109e+02 9.483254e-01 3.978529e+04 3.166013e+00 -6.299511e-03 1.532563e+00 1.822038e-04 3.235813e-03
3.311311e+02 5.646530e-01 5.966810e+02 9.996040e-01 3.942755e+04 3.137545e+00 1.409352e-01 1.147761e+00 1.873015e-04 3.641055e-03
3.414549e+02 5.351643e-01 6.007505e+02 1.034608e+00 3.932783e+04 3.129609e+00 -1.912963e-02 1.287150e+00 1.900068e-04 4.004048e-03
3.521005e+02 5.079260e-01 6.058474e+02 1.015823e+00 3.658091e+04 2.911016e+00 9.626463e-03 1.452165e+00 1.911737e-04 4.138777e-03
3.630781e+02 4.813014e-01 6.108273e+02 1.022236e+00 3.370255e+04 2.681963e+00 1.337237e-02 1.547130e+00 1.978453e-04 4.176674e-03
3.743978e+02 4.548922e-01 6.161166e+02 9.702636e-01 3.041164e+04 2.420081e+00 1.309029e-02 1.260825e+00 1.683591e-04 4.109002e-03
3.860705e+02 4.287445e-01 6.211130e+02 9.876387e-01 2.854547e+04 2.271577e+00 -2.488514e-03 1.112904e+00 1.755530e-04 4.364090e-03
3.981072e+02 4.040785e-01 6.267621e+02 9.927252e-01 2.706256e+04 2.153570e+00 4.446841e-04 1.424300e+00 1.772860e-04 4.493782e-03
4.105191e+02 3.799646e-01 6.326118e+02 9.558725e-01 2.295229e+04 1.826485e+00 1.279739e-01 1.376254e+00 1.860782e-04 4.527637e-03
4.233179e+02 3.587181e-01 6.390851e+02 9.147659e-01 2.108482e+04 1.677876e+00 2.224983e-03 9.144941e-01 1.783573e-04 4.495694e-03
4.365158e+02 3.352679e-01 6.453794e+02 9.255259e-01 2.017738e+04 1.605665e+00 -1.024781e-02 1.141622e+00 1.765381e-04 5.069394e-03
4.501252e+02 3.148160e-01 6.526616e+02 9.096803e-01 1.820722e+04 1.448884e+00 -5.509195e-02 9.970320e-01 1.682299e-04 5.272790e-03
4.641589e+02 2.959474e-01 6.602023e+02 9.954235e-01 1.733550e+04 1.379515e+00 -3.518194e-02 1.670684e+00 1.764227e-04 5.721104e-03
4.786301e+02 2.776739e-01 6.678356e+02 9.995193e-01 1.725221e+04 1.372887e+00 -2.901723e-03 7.134441e-01 1.720417e-04 6.305734e-03
4.935525e+02 2.598381e-01 6.761521e+02 9.604082e-01 1.709448e+04 1.360336e+00 1.517339e-01 1.132014e+00 1.894142e-04 7.140282e-03
5.089401e+02 2.416320e-01 6.848783e+02 9.762437e-01 1.536030e+04 1.222334e+00 2.093398e-02 7.536124e-01 2.054181e-04 7.285480e-03
5.248075e+02 2.240585e-01 6.934163e+02 9.966146e-01 1.403332e+04 1.116736e+00 -8.758219e-02 8.972731e-01 1.884620e-04 7.798475e-03
5.411695e+02 2.096759e-01 7.031360e+02 9.699768e-01 1.257398e+04 1.000605e+00 -3.579594e-02 6.844334e-01 1.982281e-04 7.877081e-03
5.580417e+02 1.949222e-01 7.137691e+02 9.566857e-01 1.162287e+04 9.249189e-01 7.418181e-02 7.337855e-01 1.946895e-04 8.574205e-03
5.754399e+02 1.819394e-01 7.247063e+02 9.330696e-01 1.056578e+04 8.407977e-01 6.909683e-04 5.510552e-01 1.756333e-04 8.968826e-03
5.933806e+02 1.685795e-01 7.372251e+02 9.572895e-01 1.057360e+04 8.414200e-01 1.184135e-01 7.296672e-01 1.827675e-04 1.042622e-02
6.118806e+02 1.557662e-01 7.485889e+02 1.059764e+00 1.009511e+04 8.033430e-01 2.071300e-01 6.906305e-01 2.062883e-04 1.184530e-02
6.309573e+02 1.458353e-01 7.624841e+02 1.070546e+00 9.596946e+03 7.637007e-01 1.286501e-01 9.792420e-01 1.796264e-04 1.298482e-02
6.506289e+02 1.352124e-01 7.770085e+02 9.870785e-01 8.383677e+03 6.671518e-01 3.104974e-01 5.251600e-01 1.840050e-04 1.286882e-02
6.709137e+02 1.248789e-01 7.916536e+02 1.030545e+00 7.838138e+03 6.237392e-01 1.920655e-01 1.204734e+00 2.002004e-04 1.469970e-02
6.918310e+02 1.154878e-01 8.077459e+02 1.059313e+00 7.840570e+03 6.239327e-01 7.027993e-02 1.894474e+00 1.891065e-04 1.649981e-02
7.134004e+02 1.067059e-01 8.250863e+02 9.958573e-01 6.683757e+03 5.318765e-01 -4.907260e-02 1.083513e+00 1.942539e-04 1.717750e-02
7.356423e+02 9.803560e-02 8.433320e+02 9.233671e-01 5.711529e+03 4.545090e-01 2.577742e-02 8.431191e-01 1.872388e-04 1.707117e-02
7.585776e+02 9.040187e-02 8.638951e+02 9.122101e-01 5.677685e+03 4.518158e-01 -5.160511e-02 6.511886e-01 1.753123e-04 1.891350e-02
7.822280e+02 8.472198e-02 8.870894e+02 1.000253e+00 5.426760e+03 4.318479e-01 -2.825967e-02 8.113321e-01 1.753823e-04 2.127767e-02
8.066157e+02 7.733695e-02 9.106402e+02 1.047454e+00 5.187384e+03 4.127989e-01 -5.160997e-02 7.338284e-01 1.760053e-04 2.479182e-02
8.317638e+02 7.182948e-02 9.368765e+02 1.002952e+00 4.527442e+03 3.602824e-01 -3.138679e-02 8.368854e-01 1.957215e-04 2.495637e-02
8.576959e+02 6.649030e-02 9.654935e+02 1.029539e+00 4.462742e+03 3.551337e-01 4.689231e-02 5.618712e-01 1.857386e-04 2.897486e-02
8.844365e+02 6.236903e-02 9.972518e+02 9.971456e-01 4.325927e+03 3.442464e-01 5.471933e-02 6.185854e-01 1.759691e-04 2.998729e-02
9.120108e+02 5.696993e-02 1.030676e+03 9.717498e-01 3.692944e+03 2.938752e-01 3.595941e-02 4.853524e-01 1.802130e-04 3.191692e-02
9.404449e+02 5.324227e-02 1.067658e+03 1.019012e+00 3.341774e+03 2.659299e-01 1.567919e-02 5.629149e-01 1.818849e-04 3.307404e-02
9.697654e+02 4.913056e-02 1.109491e+03 9.828388e-01 2.888205e+03 2.298361e-01 3.878603e-02 6.082709e-01 1.669761e-04 3.296791e-02
