#./overdamped_3d --dev=0 --amp=120 --omega=1 --force=0 --Dg=0.01 --block=256 --paths=1024 --periods=1000 --trans=100 --samples=10000 --spp=10000 --algorithm=euler --pav=1 --mode=moments --domain=1d --domainx=a:-1:3:300:1 --domainy=s:-1:2:100:1 --domainz=a:-1:2.5:100:1 --q=2 --eps=0 --phi=1.57079632679 --lambda=5.0 --zeta=0.2 --comp=0 --mean=1.0 --second=20.0 --skew=0.99 --distribution=s>> 1D_double_a:-1:3:300:1_20.0_5.0_0.99_1.0_0.0.dat
#a <<v>> qnu(q) mu_q Dx Gx EBx
1.000000e-01 1.003530e+00 1.012937e+00 6.303558e+05 5.015864e+01 1.001605e-01 2.463579e-03
1.031177e-01 9.912141e-01 9.657583e-01 6.249223e+05 4.972828e+01 5.840898e-03 2.519488e-03
1.063327e-01 9.999448e-01 9.742789e-01 6.670214e+05 5.308295e+01 1.562119e-03 2.660632e-03
1.096478e-01 1.000666e+00 9.823241e-01 6.557782e+05 5.218755e+01 2.008891e-01 2.675295e-03
1.130663e-01 1.001422e+00 9.398212e-01 6.097285e+05 4.852475e+01 4.864109e-02 2.446413e-03
1.165914e-01 1.003957e+00 9.472896e-01 6.311486e+05 5.021975e+01 1.302692e-01 2.668381e-03
1.202264e-01 9.952393e-01 8.889835e-01 6.117621e+05 4.868232e+01 2.689803e-02 2.503514e-03
1.239747e-01 9.982454e-01 9.889964e-01 6.582615e+05 5.238171e+01 2.768779e-02 2.635717e-03
1.278399e-01 9.962015e-01 9.556646e-01 6.171356e+05 4.910981e+01 8.388221e-02 2.616405e-03
1.318256e-01 1.003262e+00 9.879786e-01 6.562149e+05 5.221874e+01 9.619176e-02 2.739310e-03
1.359356e-01 1.002110e+00 8.863423e-01 5.909144e+05 4.702647e+01 4.031587e-02 2.630591e-03
1.401737e-01 9.989327e-01 9.518486e-01 6.466650e+05 5.145607e+01 3.005779e-02 2.483010e-03
1.445439e-01 9.993346e-01 9.567521e-01 6.026589e+05 4.795402e+01 9.342647e-02 2.530813e-03
1.490504e-01 1.003145e+00 9.839081e-01 6.252669e+05 4.975375e+01 1.241051e-01 2.499819e-03
1.536974e-01 9.963779e-01 9.402413e-01 5.988013e+05 4.765067e+01 1.867032e-02 2.410412e-03
1.584892e-01 9.944904e-01 9.597493e-01 6.326919e+05 5.035535e+01 1.343672e-01 2.692699e-03
1.634305e-01 1.002571e+00 1.054177e+00 6.596416e+05 5.249185e+01 -6.220275e-02 2.757430e-03
1.685258e-01 1.010389e+00 9.334569e-01 6.340285e+05 5.045689e+01 9.192228e-04 2.473593e-03
1.737800e-01 9.991453e-01 9.204111e-01 5.768970e+05 4.590602e+01 1.668690e-01 2.659321e-03
1.791980e-01 1.000892e+00 8.803706e-01 5.908976e+05 4.701915e+01 9.172463e-02 2.511859e-03
1.847849e-01 1.002698e+00 9.534486e-01 5.914176e+05 4.706148e+01 -4.964662e-02 2.634883e-03
1.905460e-01 9.975902e-01 9.264260e-01 5.814091e+05 4.626698e+01 -2.459127e-02 2.317905e-03
1.964867e-01 9.970287e-01 1.032091e+00 6.888712e+05 5.482315e+01 1.361096e-01 2.577424e-03
2.026126e-01 9.970683e-01 1.001749e+00 6.341775e+05 5.046485e+01 1.673360e-01 2.642393e-03
2.089295e-01 1.002393e+00 9.395249e-01 6.333887e+05 5.040692e+01 9.376669e-02 2.438188e-03
2.154433e-01 9.961607e-01 9.816558e-01 6.479700e+05 5.155952e+01 7.697821e-02 2.441764e-03
2.221602e-01 1.001557e+00 9.788249e-01 6.367421e+05 5.066920e+01 -1.666242e-02 2.447963e-03
2.290866e-01 9.997373e-01 1.008591e+00 6.439766e+05 5.124567e+01 3.878319e-02 2.552390e-03
2.362289e-01 1.011388e+00 9.686494e-01 6.425509e+05 5.113362e+01 7.470918e-02 2.620459e-03
2.435938e-01 1.001858e+00 8.822610e-01 5.822956e+05 4.633669e+01 8.398736e-02 2.541304e-03
2.511884e-01 1.003065e+00 9.389666e-01 6.216788e+05 4.947363e+01 4.428005e-02 2.439260e-03
2.590198e-01 9.963712e-01 9.957094e-01 6.392969e+05 5.087261e+01 5.277109e-02 2.767324e-03
2.670953e-01 1.003459e+00 9.212247e-01 6.017222e+05 4.788750e+01 8.229208e-02 2.497315e-03
2.754226e-01 9.996458e-01 9.206135e-01 6.129362e+05 4.877526e+01 7.663941e-02 2.410412e-03
2.840095e-01 1.004616e+00 1.013216e+00 6.520427e+05 5.189215e+01 -3.000349e-02 2.616882e-03
2.928641e-01 1.002011e+00 9.563754e-01 6.653735e+05 5.294481e+01 5.161798e-02 2.531528e-03
3.019949e-01 9.951067e-01 9.813881e-01 6.178993e+05 4.917220e+01 1.111190e-01 2.614617e-03
3.114102e-01 1.001211e+00 1.001158e+00 6.378153e+05 5.075610e+01 8.875763e-02 2.561927e-03
3.211191e-01 1.003110e+00 1.058027e+00 7.088258e+05 5.640611e+01 1.047661e-01 2.717257e-03
3.311307e-01 1.006331e+00 9.329833e-01 6.054484e+05 4.817493e+01 3.673303e-02 2.734780e-03
3.414545e-01 1.000714e+00 8.883572e-01 5.803744e+05 4.618390e+01 8.708203e-02 2.650499e-03
3.521001e-01 1.000073e+00 1.038409e+00 6.355216e+05 5.057531e+01 -1.787096e-02 2.636433e-03
3.630776e-01 1.002163e+00 9.461654e-01 6.008248e+05 4.781460e+01 1.367037e-01 2.625346e-03
3.743974e-01 9.981524e-01 9.696794e-01 6.139925e+05 4.886152e+01 1.383233e-01 2.769113e-03
3.860700e-01 9.970106e-01 9.962836e-01 6.389556e+05 5.085064e+01 8.674455e-02 2.726674e-03
3.981066e-01 9.942674e-01 9.131818e-01 6.032844e+05 4.801132e+01 -2.064228e-02 2.616286e-03
4.105185e-01 9.928151e-01 9.766004e-01 6.558684e+05 5.219678e+01 7.139504e-02 2.700448e-03
4.233173e-01 1.007001e+00 9.614640e-01 6.504129e+05 5.176006e+01 3.988087e-02 2.372861e-03
4.365152e-01 9.945765e-01 9.618765e-01 6.188499e+05 4.925114e+01 1.268216e-01 2.461076e-03
4.501246e-01 9.976131e-01 9.636938e-01 6.244306e+05 4.969327e+01 -6.496429e-02 2.335072e-03
4.641582e-01 9.959950e-01 9.915680e-01 6.176760e+05 4.915882e+01 6.670880e-02 2.709746e-03
4.786294e-01 9.977360e-01 9.682866e-01 6.238659e+05 4.964202e+01 7.257307e-02 2.424717e-03
4.935517e-01 9.944901e-01 9.724551e-01 6.263122e+05 4.983969e+01 -1.581693e-02 2.505064e-03
5.089393e-01 9.989251e-01 9.856385e-01 6.447066e+05 5.130933e+01 -1.329720e-03 2.774477e-03
5.248066e-01 9.926826e-01 9.232794e-01 6.108169e+05 4.860815e+01 1.748693e-02 2.482176e-03
5.411686e-01 1.000621e+00 9.819362e-01 6.473969e+05 5.151496e+01 2.196296e-01 2.600074e-03
5.580408e-01 9.985456e-01 1.018247e+00 6.957063e+05 5.536683e+01 2.041867e-01 2.623439e-03
5.754390e-01 1.003407e+00 9.525083e-01 6.213478e+05 4.944308e+01 4.732418e-02 2.655149e-03
5.933796e-01 9.960917e-01 9.594596e-01 6.303908e+05 5.015641e+01 8.499336e-02 2.718806e-03
6.118796e-01 1.001249e+00 9.393205e-01 5.961050e+05 4.743486e+01 1.202517e-01 2.591968e-03
6.309564e-01 9.978799e-01 9.983022e-01 6.549378e+05 5.211211e+01 1.364465e-01 2.719641e-03
6.506279e-01 9.981641e-01 9.748067e-01 6.470576e+05 5.148854e+01 7.235301e-02 2.757311e-03
6.709126e-01 1.001315e+00 9.331454e-01 5.926624e+05 4.716143e+01 -6.001073e-02 2.505422e-03
6.918299e-01 9.925950e-01 9.675884e-01 6.724181e+05 5.350535e+01 -1.465213e-02 2.454996e-03
7.133992e-01 1.000878e+00 9.521576e-01 6.539944e+05 5.203985e+01 3.314244e-01 2.912760e-03
7.356411e-01 9.958511e-01 9.488249e-01 6.406109e+05 5.098115e+01 7.272589e-02 2.561688e-03
7.585764e-01 9.996792e-01 9.394140e-01 6.374296e+05 5.072491e+01 1.644802e-02 2.396464e-03
7.822267e-01 9.946716e-01 9.769850e-01 6.262329e+05 4.982919e+01 1.932764e-02 2.742887e-03
8.066144e-01 9.946050e-01 9.199904e-01 5.696171e+05 4.532892e+01 1.290050e-01 2.394199e-03
8.317624e-01 9.904475e-01 9.014833e-01 6.079677e+05 4.838151e+01 7.905054e-02 2.507567e-03
8.576946e-01 9.971589e-01 9.701231e-01 6.339067e+05 5.044798e+01 -6.048405e-02 2.608418e-03
8.844351e-01 9.939744e-01 1.012433e+00 6.474030e+05 5.151941e+01 2.382255e-02 2.558589e-03
9.120094e-01 9.961694e-01 9.633243e-01 6.276529e+05 4.994569e+01 1.213201e-01 2.643824e-03
9.404434e-01 9.884570e-01 9.426295e-01 6.285863e+05 5.002622e+01 1.609902e-01 2.446175e-03
9.697639e-01 9.937518e-01 9.467561e-01 6.620298e+05 5.268475e+01 -4.700607e-02 2.616763e-03
9.999985e-01 9.918382e-01 9.523010e-01 6.044950e+05 4.810649e+01 3.172624e-02 2.593160e-03
1.031176e+00 9.937795e-01 9.864985e-01 6.270828e+05 4.989953e+01 -5.715072e-03 2.793074e-03
1.063325e+00 9.954767e-01 9.564263e-01 6.533461e+05 5.199051e+01 1.909156e-01 2.491593e-03
1.096476e+00 9.949410e-01 9.115692e-01 6.443208e+05 5.127463e+01 1.505181e-01 2.667904e-03
1.130662e+00 9.874053e-01 1.001765e+00 6.522471e+05 5.190616e+01 6.405878e-02 2.513885e-03
1.165913e+00 9.828308e-01 9.672080e-01 6.523179e+05 5.190839e+01 1.119785e-01 2.599478e-03
1.202263e+00 9.917003e-01 1.022116e+00 7.086908e+05 5.639910e+01 9.567130e-02 2.612352e-03
1.239746e+00 9.929023e-01 9.725086e-01 6.095304e+05 4.850343e+01 5.870128e-02 2.499223e-03
1.278398e+00 9.914997e-01 9.820513e-01 6.757845e+05 5.377814e+01 6.027615e-02 2.395272e-03
1.318255e+00 9.975864e-01 9.674758e-01 6.202264e+05 4.935331e+01 3.736877e-02 2.601624e-03
1.359354e+00 9.871121e-01 9.448569e-01 6.449187e+05 5.132047e+01 9.445941e-02 2.509952e-03
1.401735e+00 9.887713e-01 9.670400e-01 6.933671e+05 5.517456e+01 1.744322e-01 2.572179e-03
1.445438e+00 9.841524e-01 9.361027e-01 6.087835e+05 4.844390e+01 1.753449e-03 2.661347e-03
1.490502e+00 9.829638e-01 9.206181e-01 5.971756e+05 4.752844e+01 3.050160e-02 2.591729e-03
1.536972e+00 9.783576e-01 9.287120e-01 6.354816e+05 5.057148e+01 2.009004e-01 2.402544e-03
1.584891e+00 9.778087e-01 9.253458e-01 6.256671e+05 4.978717e+01 4.038036e-02 2.549648e-03
1.634303e+00 9.882201e-01 1.014616e+00 6.657326e+05 5.297695e+01 5.858898e-03 2.635479e-03
1.685256e+00 9.860129e-01 9.359868e-01 6.404570e+05 5.096301e+01 1.264930e-02 2.522111e-03
1.737798e+00 9.816164e-01 9.601826e-01 5.997108e+05 4.772834e+01 2.169013e-02 2.540112e-03
1.791978e+00 9.734207e-01 9.486023e-01 6.100379e+05 4.854958e+01 5.289018e-02 2.514720e-03
1.847847e+00 9.805565e-01 1.008071e+00 6.613358e+05 5.262427e+01 1.874542e-02 2.535105e-03
1.905458e+00 9.712968e-01 9.207059e-01 5.906672e+05 4.700451e+01 1.620461e-01 2.407670e-03
1.964865e+00 9.735593e-01 9.635651e-01 6.068794e+05 4.829493e+01 7.832360e-02 2.637506e-03
2.026124e+00 9.727290e-01 9.737931e-01 6.507267e+05 5.177979e+01 1.325972e-01 2.499938e-03
2.089293e+00 9.634355e-01 9.178929e-01 5.918395e+05 4.709904e+01 1.043497e-01 2.703547e-03
2.154431e+00 9.774852e-01 9.703717e-01 6.528651e+05 5.195422e+01 1.688087e-01 2.516627e-03
2.221600e+00 9.640036e-01 8.908712e-01 5.628508e+05 4.479129e+01 -3.488821e-02 2.641439e-03
2.290864e+00 9.624033e-01 9.474185e-01 6.297415e+05 5.011535e+01 1.361357e-01 2.654552e-03
2.362287e+00 9.655533e-01 9.954208e-01 6.599368e+05 5.251445e+01 2.758956e-02 2.346039e-03
2.435936e+00 9.650935e-01 9.888662e-01 6.824701e+05 5.431544e+01 -6.983995e-03 2.718687e-03
2.511882e+00 9.590831e-01 9.280223e-01 6.151949e+05 4.895606e+01 1.154126e-01 2.417326e-03
2.590195e+00 9.592165e-01 1.016293e+00 6.919348e+05 5.506475e+01 7.834935e-02 2.460837e-03
2.670950e+00 9.574363e-01 9.544819e-01 6.249861e+05 4.972987e+01 1.373672e-01 2.550244e-03
2.754223e+00 9.517391e-01 9.474553e-01 5.984638e+05 4.762202e+01 4.589725e-02 2.402067e-03
2.840092e+00 9.522383e-01 9.177473e-01 6.398538e+05 5.091876e+01 -4.028088e-02 2.416253e-03
2.928639e+00 9.500570e-01 9.355730e-01 6.255884e+05 4.978335e+01 -3.149468e-02 2.473831e-03
3.019946e+00 9.519531e-01 9.607345e-01 6.340171e+05 5.045498e+01 1.670961e-01 2.619505e-03
3.114099e+00 9.376737e-01 9.264679e-01 6.399090e+05 5.092608e+01 1.202711e-01 2.489090e-03
3.211188e+00 9.440432e-01 9.878930e-01 6.588631e+05 5.243423e+01 9.115541e-02 2.428055e-03
3.311304e+00 9.305105e-01 9.149334e-01 6.033838e+05 4.801641e+01 1.761374e-01 2.463102e-03
3.414541e+00 9.337626e-01 9.747984e-01 6.424514e+05 5.112216e+01 1.439654e-01 2.415776e-03
3.520998e+00 9.184992e-01 8.985376e-01 6.598607e+05 5.251524e+01 -1.453549e-02 2.313375e-03
3.630773e+00 9.281875e-01 9.714141e-01 6.715172e+05 5.343436e+01 -5.749464e-03 2.412915e-03
3.743970e+00 9.262735e-01 9.835472e-01 6.033748e+05 4.801609e+01 4.812837e-02 2.449632e-03
3.860697e+00 9.244239e-01 9.599284e-01 6.289691e+05 5.005073e+01 1.225251e-01 2.498269e-03
3.981063e+00 9.147769e-01 9.926388e-01 6.492989e+05 5.166456e+01 6.385911e-02 2.424717e-03
4.105181e+00 9.177483e-01 9.679278e-01 6.636977e+05 5.281223e+01 3.634453e-02 2.515674e-03
4.233170e+00 9.103885e-01 9.806430e-01 6.630369e+05 5.275716e+01 9.324431e-02 2.420306e-03
4.365148e+00 9.086185e-01 9.999049e-01 6.949170e+05 5.530014e+01 -1.481283e-02 2.570510e-03
4.501241e+00 8.992522e-01 9.729437e-01 6.525856e+05 5.193226e+01 -8.827770e-02 2.532482e-03
4.641578e+00 8.989630e-01 9.542349e-01 6.687027e+05 5.321107e+01 -3.146082e-02 2.390981e-03
4.786289e+00 8.846033e-01 9.373795e-01 6.611635e+05 5.261663e+01 1.234829e-02 2.440095e-03
4.935513e+00 8.854068e-01 9.917564e-01 6.360342e+05 5.061525e+01 1.170127e-01 2.483606e-03
5.089388e+00 8.845372e-01 1.024223e+00 6.682092e+05 5.317367e+01 2.022588e-02 2.586365e-03
5.248061e+00 8.791780e-01 9.149948e-01 6.423707e+05 5.112328e+01 8.542085e-02 2.385736e-03
5.411681e+00 8.675014e-01 1.008177e+00 7.116992e+05 5.663720e+01 1.196098e-02 2.598166e-03
5.580403e+00 8.711852e-01 9.219223e-01 6.679661e+05 5.315982e+01 7.073843e-02 2.579093e-03
5.754384e+00 8.585556e-01 9.946258e-01 6.762776e+05 5.381506e+01 7.355607e-02 2.654433e-03
5.933790e+00 8.574423e-01 9.571738e-01 6.669663e+05 5.308072e+01 1.183187e-01 2.493143e-03
6.118789e+00 8.487024e-01 9.298146e-01 6.499505e+05 5.171724e+01 2.887821e-02 2.562642e-03
6.309556e+00 8.477020e-01 1.015469e+00 7.173091e+05 5.708028e+01 -2.174205e-02 2.442718e-03
6.506271e+00 8.410189e-01 9.825411e-01 6.733488e+05 5.358938e+01 1.248835e-01 2.425432e-03
6.709118e+00 8.266500e-01 9.887526e-01 6.820367e+05 5.427248e+01 7.128716e-02 2.482533e-03
6.918290e+00 8.317951e-01 9.895841e-01 7.220901e+05 5.746289e+01 -2.313793e-02 2.408385e-03
7.133984e+00 8.238930e-01 9.456536e-01 6.708510e+05 5.338487e+01 5.560446e-02 2.279043e-03
7.356401e+00 8.156421e-01 9.499381e-01 6.393656e+05 5.087690e+01 5.784214e-02 2.482653e-03
7.585754e+00 7.990081e-01 9.866822e-01 7.130765e+05 5.674495e+01 9.115422e-02 2.417445e-03
7.822257e+00 7.872790e-01 1.023732e+00 7.241579e+05 5.762587e+01 1.405334e-02 2.383232e-03
8.066133e+00 7.888755e-01 9.511383e-01 6.910081e+05 5.499249e+01 3.549075e-02 2.327800e-03
8.317613e+00 7.826585e-01 9.868942e-01 6.971792e+05 5.547998e+01 2.935696e-02 2.558947e-03
8.576933e+00 7.757716e-01 9.497011e-01 6.367781e+05 5.067557e+01 1.042135e-01 2.531648e-03
8.844338e+00 7.623605e-01 9.201856e-01 6.566928e+05 5.225598e+01 -1.162624e-02 2.512217e-03
9.120080e+00 7.677010e-01 9.381952e-01 6.574876e+05 5.232028e+01 -1.508462e-02 2.554417e-03
9.404419e+00 7.495389e-01 9.280373e-01 6.893012e+05 5.485275e+01 1.803792e-02 2.267361e-03
9.697623e+00 7.498825e-01 9.375631e-01 6.568059e+05 5.226633e+01 3.138089e-02 2.424836e-03
9.999969e+00 7.473487e-01 9.067305e-01 6.760801e+05 5.379947e+01 6.289554e-02 2.364635e-03
1.031174e+01 7.343645e-01 9.414248e-01 6.964912e+05 5.542508e+01 9.071589e-03 2.633452e-03
1.063323e+01 7.216529e-01 9.809887e-01 7.045628e+05 5.606679e+01 1.964283e-02 2.334833e-03
1.096475e+01 7.261860e-01 9.797734e-01 7.169332e+05 5.704909e+01 2.581203e-02 2.292156e-03
1.130660e+01 7.107979e-01 9.679727e-01 6.998314e+05 5.569007e+01 9.987462e-02 2.354622e-03
1.165911e+01 6.983018e-01 1.020625e+00 7.643891e+05 6.083046e+01 -5.096376e-03 2.517223e-03
1.202261e+01 6.957683e-01 9.945617e-01 7.155908e+05 5.694500e+01 3.296399e-02 2.359748e-03
1.239744e+01 6.889272e-01 9.194928e-01 6.538216e+05 5.202887e+01 9.509945e-02 2.491951e-03
1.278396e+01 6.760386e-01 9.437745e-01 6.870834e+05 5.467784e+01 6.989491e-02 2.782941e-03
1.318252e+01 6.675751e-01 8.910187e-01 6.650244e+05 5.292030e+01 6.061316e-03 2.278447e-03
1.359352e+01 6.659554e-01 9.704246e-01 6.860989e+05 5.459826e+01 6.565261e-02 2.531409e-03
1.401733e+01 6.548245e-01 9.398993e-01 7.042485e+05 5.604307e+01 1.975822e-02 2.449989e-03
1.445435e+01 6.447206e-01 9.534073e-01 6.974427e+05 5.550004e+01 8.169007e-02 2.537489e-03
1.490500e+01 6.442218e-01 9.840802e-01 7.447579e+05 5.926556e+01 1.022100e-03 2.553940e-03
1.536969e+01 6.328238e-01 1.001794e+00 7.194501e+05 5.725352e+01 4.848623e-02 2.396107e-03
1.584888e+01 6.304076e-01 9.697458e-01 6.674354e+05 5.311351e+01 1.756656e-02 2.280474e-03
1.634300e+01 6.162936e-01 9.655247e-01 6.567215e+05 5.225924e+01 6.031871e-02 2.456069e-03
1.685253e+01 6.102771e-01 9.622763e-01 7.028864e+05 5.593413e+01 4.699183e-02 2.478123e-03
1.737795e+01 6.096858e-01 9.705401e-01 6.743424e+05 5.366283e+01 1.314707e-01 2.419949e-03
1.791974e+01 6.019804e-01 8.603482e-01 6.515620e+05 5.184998e+01 -2.663463e-02 2.335429e-03
1.847843e+01 5.970927e-01 9.675532e-01 7.218010e+05 5.743926e+01 -2.319509e-02 2.503872e-03
1.905454e+01 5.809956e-01 9.782303e-01 7.241225e+05 5.762324e+01 4.025459e-03 2.435923e-03
1.964861e+01 5.746408e-01 8.983945e-01 6.474732e+05 5.152435e+01 -3.300726e-03 2.371669e-03
2.026120e+01 5.759172e-01 9.594231e-01 6.720908e+05 5.348394e+01 1.047373e-03 2.406478e-03
2.089288e+01 5.635107e-01 9.473326e-01 6.782409e+05 5.397159e+01 4.680991e-02 2.406836e-03
2.154427e+01 5.541098e-01 9.138646e-01 6.805765e+05 5.415860e+01 5.460060e-02 2.355099e-03
2.221596e+01 5.527023e-01 9.218624e-01 7.046999e+05 5.607554e+01 -2.115417e-02 2.588987e-03
2.290859e+01 5.500379e-01 9.608497e-01 7.157718e+05 5.695965e+01 7.452428e-02 2.389789e-03
2.362282e+01 5.335949e-01 9.293250e-01 7.123924e+05 5.668908e+01 1.140940e-02 2.416968e-03
2.435931e+01 5.284806e-01 1.000935e+00 7.725058e+05 6.147304e+01 -1.725751e-02 2.266169e-03
2.511877e+01 5.187373e-01 8.847921e-01 6.589540e+05 5.243782e+01 -6.261218e-02 2.178669e-03
2.590190e+01 5.138127e-01 1.001442e+00 7.750871e+05 6.167963e+01 -5.873978e-03 2.338290e-03
2.670945e+01 5.138550e-01 9.335220e-01 7.301861e+05 5.810691e+01 -8.423656e-02 2.418637e-03
2.754218e+01 4.944352e-01 9.798146e-01 7.480258e+05 5.952546e+01 3.681123e-02 2.339482e-03
2.840087e+01 5.005198e-01 9.810084e-01 7.725342e+05 6.147638e+01 -1.890719e-02 2.495050e-03
2.928633e+01 4.922172e-01 1.002592e+00 7.585013e+05 6.035952e+01 -1.561302e-02 2.338290e-03
3.019939e+01 4.803624e-01 9.799361e-01 7.938476e+05 6.317170e+01 -3.506702e-02 2.420545e-03
3.114093e+01 4.733673e-01 9.698623e-01 7.673964e+05 6.106704e+01 2.076471e-02 2.490520e-03
3.211182e+01 4.685283e-01 1.000449e+00 7.790019e+05 6.199054e+01 -1.079136e-02 2.258062e-03
3.311298e+01 4.655123e-01 9.724771e-01 7.890415e+05 6.278989e+01 -6.814712e-02 2.316713e-03
3.414534e+01 4.560754e-01 1.012594e+00 7.779451e+05 6.190551e+01 8.114934e-03 2.339959e-03
3.520990e+01 4.483975e-01 9.912631e-01 7.263732e+05 5.780273e+01 1.941872e-02 2.516985e-03
3.630765e+01 4.465194e-01 9.334101e-01 7.349636e+05 5.848690e+01 -7.293546e-02 2.274394e-03
3.743962e+01 4.365511e-01 8.788304e-01 6.761316e+05 5.380484e+01 9.552360e-03 2.249241e-03
3.860689e+01 4.260732e-01 9.138911e-01 6.924695e+05 5.510438e+01 4.536390e-03 2.255321e-03
3.981054e+01 4.301229e-01 9.295137e-01 7.435812e+05 5.917110e+01 -2.743661e-02 2.432704e-03
4.105173e+01 4.249903e-01 8.423960e-01 6.761728e+05 5.380870e+01 -4.026771e-03 2.205610e-03
4.233161e+01 4.195620e-01 9.391072e-01 7.481758e+05 5.953788e+01 -4.906172e-02 2.440214e-03
4.365139e+01 4.146391e-01 9.038888e-01 7.056046e+05 5.614987e+01 -4.879618e-02 2.501726e-03
4.501232e+01 4.025817e-01 1.016436e+00 7.996911e+05 6.363751e+01 -8.714432e-02 2.243042e-03
4.641568e+01 3.925209e-01 9.704212e-01 7.842584e+05 6.240959e+01 -2.534604e-02 2.424479e-03
4.786279e+01 4.024841e-01 9.272655e-01 7.851808e+05 6.248328e+01 -2.033198e-02 2.530217e-03
4.935502e+01 3.863136e-01 9.589915e-01 7.628821e+05 6.070810e+01 -3.132993e-02 2.363682e-03
5.089378e+01 3.881803e-01 9.187011e-01 6.779160e+05 5.394732e+01 -9.146154e-03 2.352715e-03
5.248050e+01 3.769711e-01 9.346198e-01 6.901716e+05 5.492167e+01 1.737499e-02 2.486110e-03
5.411670e+01 3.777102e-01 8.971186e-01 7.276171e+05 5.790244e+01 5.132198e-02 2.461910e-03
5.580391e+01 3.782227e-01 9.295145e-01 7.249943e+05 5.769411e+01 -1.538002e-02 2.415776e-03
5.754372e+01 3.707552e-01 1.003542e+00 7.954374e+05 6.329879e+01 -2.104741e-02 2.364039e-03
5.933778e+01 3.620840e-01 1.000489e+00 8.206506e+05 6.530581e+01 4.080200e-02 2.590895e-03
6.118777e+01 3.641054e-01 9.356753e-01 7.348635e+05 5.847890e+01 -2.822679e-02 2.225757e-03
6.309543e+01 3.561280e-01 9.251016e-01 6.978361e+05 5.553175e+01 6.933212e-03 2.214789e-03
6.506258e+01 3.528637e-01 9.837114e-01 7.673596e+05 6.106461e+01 -4.595429e-02 2.409577e-03
6.709105e+01 3.467917e-01 9.797124e-01 7.986396e+05 6.355320e+01 -4.184997e-02 2.276421e-03
6.918276e+01 3.481111e-01 9.141074e-01 7.529412e+05 5.991730e+01 -5.984950e-02 2.485275e-03
7.133969e+01 3.406334e-01 8.655414e-01 6.849223e+05 5.450436e+01 -3.157514e-02 2.395511e-03
7.356387e+01 3.381684e-01 9.649944e-01 7.481329e+05 5.953473e+01 -2.930719e-02 2.516747e-03
7.585738e+01 3.312664e-01 9.267013e-01 7.233064e+05 5.755902e+01 -1.655585e-02 2.416372e-03
7.822240e+01 3.265007e-01 9.874545e-01 7.870080e+05 6.262831e+01 -3.342181e-02 2.332926e-03
8.066116e+01 3.254554e-01 9.296655e-01 7.327004e+05 5.830685e+01 9.277070e-02 2.509713e-03
8.317596e+01 3.201575e-01 1.005993e+00 7.410302e+05 5.896914e+01 -2.719378e-02 2.400994e-03
8.576916e+01 3.318124e-01 9.339398e-01 7.694680e+05 6.123224e+01 -1.074082e-02 2.372980e-03
8.844320e+01 3.100804e-01 9.290990e-01 7.498431e+05 5.967105e+01 -3.362572e-02 2.324343e-03
9.120061e+01 3.162384e-01 9.045293e-01 7.318439e+05 5.823796e+01 -4.620767e-02 2.401352e-03
9.404400e+01 3.119422e-01 9.443440e-01 7.799226e+05 6.206444e+01 -1.782018e-02 2.319217e-03
9.697604e+01 3.048759e-01 8.717149e-01 7.017817e+05 5.584604e+01 -5.936760e-02 2.536178e-03
9.999948e+01 3.067093e-01 9.627821e-01 7.935648e+05 6.314968e+01 9.559512e-03 2.442598e-03
1.031172e+02 3.090834e-01 1.000023e+00 8.026200e+05 6.387021e+01 -1.675287e-01 2.363563e-03
1.063321e+02 2.997116e-01 9.460511e-01 7.970034e+05 6.342337e+01 -9.571952e-02 2.376795e-03
1.096473e+02 2.979853e-01 9.318810e-01 7.680966e+05 6.112366e+01 -1.765054e-02 2.370596e-03
1.130658e+02 2.940219e-01 9.972784e-01 8.637329e+05 6.873355e+01 -2.847964e-02 2.330542e-03
1.165908e+02 2.899241e-01 9.681929e-01 7.766722e+05 6.180530e+01 -6.176716e-02 2.511024e-03
1.202258e+02 2.941930e-01 9.122948e-01 7.683711e+05 6.114481e+01 -8.740121e-02 2.245903e-03
1.239741e+02 2.835418e-01 9.616029e-01 7.563915e+05 6.019196e+01 -6.250048e-02 2.389073e-03
1.278393e+02 2.877648e-01 9.851572e-01 8.091863e+05 6.439310e+01 -2.903664e-02 2.569914e-03
1.318250e+02 2.787661e-01 9.487427e-01 7.996679e+05 6.363534e+01 1.375663e-02 2.515316e-03
1.359349e+02 2.761556e-01 9.465484e-01 7.918306e+05 6.301157e+01 3.878033e-02 2.344370e-03
1.401730e+02 2.737463e-01 9.333239e-01 7.752113e+05 6.168896e+01 -2.692378e-02 2.438068e-03
1.445432e+02 2.722545e-01 9.619939e-01 8.179109e+05 6.508694e+01 -7.569498e-02 2.293110e-03
1.490497e+02 2.742513e-01 9.322499e-01 7.644753e+05 6.083473e+01 -7.497233e-02 2.503276e-03
1.536966e+02 2.674294e-01 9.632011e-01 7.894706e+05 6.282423e+01 1.212537e-02 2.676129e-03
1.584885e+02 2.723387e-01 9.380795e-01 7.475486e+05 5.948814e+01 -5.539662e-02 2.591848e-03
1.634297e+02 2.598899e-01 8.775480e-01 7.486719e+05 5.957772e+01 -6.714928e-02 2.408504e-03
1.685250e+02 2.627425e-01 8.806484e-01 6.906362e+05 5.495859e+01 -1.031525e-01 2.439260e-03
1.737791e+02 2.701856e-01 9.770381e-01 8.059254e+05 6.413370e+01 -2.880841e-02 2.446294e-03
1.791971e+02 2.620441e-01 9.536186e-01 7.464699e+05 5.940184e+01 4.122770e-02 2.568722e-03
1.847840e+02 2.496433e-01 9.382465e-01 7.479484e+05 5.951989e+01 -4.486638e-02 2.445817e-03
1.905450e+02 2.557130e-01 9.415752e-01 7.717610e+05 6.141471e+01 4.346442e-02 2.185345e-03
1.964857e+02 2.652343e-01 9.625319e-01 7.960288e+05 6.334608e+01 6.411791e-03 2.490163e-03
2.026116e+02 2.573847e-01 9.492857e-01 7.959599e+05 6.334021e+01 -7.272112e-02 2.184033e-03
2.089284e+02 2.518266e-01 9.631273e-01 7.742188e+05 6.161012e+01 -3.197902e-02 2.521992e-03
2.154422e+02 2.414138e-01 9.181105e-01 7.339464e+05 5.840575e+01 -8.164763e-03 2.445459e-03
2.221591e+02 2.532483e-01 9.624081e-01 7.506634e+05 5.973581e+01 3.320181e-02 2.349734e-03
2.290854e+02 2.562474e-01 1.006625e+00 8.149144e+05 6.484880e+01 -2.886975e-02 2.441883e-03
2.362277e+02 2.588733e-01 9.069905e-01 7.608852e+05 6.054943e+01 -2.894008e-02 2.425790e-03
2.435926e+02 2.423177e-01 8.918920e-01 7.622305e+05 6.065624e+01 -1.792437e-02 2.361894e-03
2.511872e+02 2.394114e-01 9.531767e-01 7.550954e+05 6.008861e+01 -2.398604e-02 2.481580e-03
2.590185e+02 2.462933e-01 9.838708e-01 7.916369e+05 6.299633e+01 -7.021099e-02 2.502084e-03
2.670940e+02 2.474405e-01 9.659852e-01 7.707918e+05 6.133768e+01 -5.018961e-02 2.509236e-03
2.754212e+02 2.424678e-01 9.355578e-01 7.459566e+05 5.936121e+01 -2.737671e-02 2.474785e-03
2.840081e+02 2.461537e-01 9.653890e-01 7.659005e+05 6.094811e+01 -3.915077e-02 2.359509e-03
2.928627e+02 2.492860e-01 9.103770e-01 7.559638e+05 6.015776e+01 4.707062e-02 2.462268e-03
3.019933e+02 2.328978e-01 8.868976e-01 6.921120e+05 5.507635e+01 -5.755329e-02 2.555847e-03
3.114087e+02 2.495395e-01 9.239232e-01 7.742752e+05 6.161507e+01 8.816850e-02 2.664089e-03
3.211176e+02 2.348327e-01 1.019413e+00 8.302157e+05 6.606603e+01 -8.459866e-02 2.307653e-03
3.311291e+02 2.373705e-01 9.743753e-01 7.378083e+05 5.871264e+01 2.248955e-02 2.462387e-03
3.414528e+02 2.391208e-01 9.297339e-01 7.558904e+05 6.015146e+01 -2.221400e-02 2.557874e-03
3.520984e+02 2.410745e-01 9.689986e-01 8.187412e+05 6.515346e+01 -1.685935e-02 2.311826e-03
3.630758e+02 2.283519e-01 9.234779e-01 7.763571e+05 6.178024e+01 -1.013851e-01 2.475023e-03
3.743955e+02 2.310469e-01 9.125918e-01 7.741548e+05 6.160504e+01 6.473458e-02 2.487183e-03
3.860681e+02 2.407487e-01 9.325867e-01 7.788828e+05 6.198142e+01 7.608140e-02 2.327800e-03
3.981047e+02 2.375160e-01 9.322618e-01 7.887497e+05 6.276723e+01 -2.202028e-02 2.411604e-03
4.105165e+02 2.233911e-01 9.138642e-01 7.517954e+05 5.982588e+01 1.176810e-02 2.375603e-03
4.233152e+02 2.271373e-01 9.551348e-01 7.971644e+05 6.343652e+01 -3.707558e-02 2.423406e-03
4.365131e+02 2.287550e-01 9.618631e-01 7.766711e+05 6.180569e+01 1.502442e-02 2.498031e-03
4.501223e+02 2.342860e-01 9.828877e-01 7.971638e+05 6.343658e+01 3.942096e-02 2.558470e-03
4.641559e+02 2.312596e-01 9.582692e-01 7.808271e+05 6.213616e+01 3.130782e-02 2.389789e-03
4.786270e+02 2.353803e-01 9.350941e-01 7.988710e+05 6.357233e+01 -8.001447e-03 2.389312e-03
4.935493e+02 2.175793e-01 9.790499e-01 7.365038e+05 5.860885e+01 -5.038446e-02 2.382994e-03
5.089368e+02 2.181886e-01 9.403095e-01 7.743937e+05 6.162418e+01 1.740885e-02 2.524972e-03
5.248040e+02 2.272822e-01 9.029471e-01 7.085411e+05 5.638408e+01 -8.295286e-02 2.354264e-03
5.411660e+02 2.195109e-01 9.070929e-01 7.428266e+05 5.911221e+01 -1.463932e-02 2.436519e-03
5.580380e+02 2.202565e-01 9.400951e-01 7.674265e+05 6.106998e+01 -4.925406e-02 2.312541e-03
5.754362e+02 2.312284e-01 9.168413e-01 7.530367e+05 5.992492e+01 -4.912472e-02 2.424598e-03
5.933766e+02 2.287771e-01 9.075899e-01 7.390202e+05 5.880960e+01 8.295429e-02 2.522111e-03
6.118765e+02 2.235405e-01 9.799076e-01 7.792056e+05 6.200735e+01 7.278705e-02 2.365351e-03
6.309531e+02 2.204512e-01 9.031084e-01 8.037346e+05 6.395904e+01 3.954136e-02 2.379060e-03
6.506245e+02 2.251977e-01 8.954609e-01 7.554243e+05 6.011487e+01 7.239008e-02 2.459049e-03
6.709092e+02 2.287595e-01 8.971078e-01 7.156442e+05 5.694906e+01 -2.888095e-02 2.460837e-03
6.918263e+02 2.147254e-01 9.017251e-01 7.659044e+05 6.094894e+01 -4.442489e-02 2.332330e-03
7.133955e+02 2.229515e-01 9.544348e-01 7.828898e+05 6.230016e+01 -4.894811e-02 2.310991e-03
7.356372e+02 2.203254e-01 9.283012e-01 7.595366e+05 6.044195e+01 -1.250848e-01 2.570748e-03
7.585724e+02 2.212991e-01 9.130296e-01 7.650241e+05 6.087854e+01 -6.872237e-02 2.532601e-03
7.822225e+02 2.173377e-01 9.502056e-01 7.706197e+05 6.132375e+01 -1.008253e-01 2.317786e-03
8.066101e+02 2.216471e-01 9.579320e-01 7.378468e+05 5.871606e+01 -5.144602e-02 2.494454e-03
8.317580e+02 2.192162e-01 9.405789e-01 7.846338e+05 6.243884e+01 -4.301667e-03 2.431035e-03
8.576899e+02 2.169051e-01 9.991758e-01 8.042608e+05 6.400114e+01 -3.224677e-02 2.495766e-03
8.844303e+02 2.217439e-01 9.267132e-01 7.431236e+05 5.913591e+01 -7.103544e-02 2.495646e-03
9.120044e+02 2.204667e-01 9.298324e-01 7.912576e+05 6.296636e+01 -5.171579e-02 2.393246e-03
9.404382e+02 2.102678e-01 9.483849e-01 7.879471e+05 6.270315e+01 3.242016e-02 2.611041e-03
9.697585e+02 2.156947e-01 9.647311e-01 8.030116e+05 6.390182e+01 -4.056090e-02 2.351522e-03
