#./double_munderdamped_3d --dev=0 --amp=250.0 --omega=1 --mass=0.01 --force=0 --Dg=0.01 --block=256 --paths=1024 --periods=1000 --trans=100 --samples=10000 --spp=10000 --algorithm=euler --pav=1 --mode=moments --domain=1d --domainx=a:-1:3:300:1 --domainy=s:-1:2:100:1 --domainz=a:-1:2.5:100:1 --q=2 --eps=0 --phi=1.57079632679 --lambda=5.0 --zeta=0.2 --comp=0 --mean=1.0 --second=20.0 --skew=0.99 --distribution=s>> 1D_double_a:-1:3:300:1_20.0_5.0_0.99_1.0_0.01.dat
#a <<v>> <<v^2>> qnu(q) mu_q Dx Gx Gv EBx EBv
1.000000e-01 9.957256e-01 5.167311e+03 9.754579e-01 6.262997e+05 4.983934e+01 5.058690e-02 2.259530e+01 1.663787e-04 1.845860e-02
1.031177e-01 1.004871e+00 5.171987e+03 1.002223e+00 6.875836e+05 5.471616e+01 2.606575e-02 2.008692e+01 1.678544e-04 1.909265e-02
1.063327e-01 1.006172e+00 5.171372e+03 9.363086e-01 6.132894e+05 4.880402e+01 -2.638487e-02 2.141709e+01 1.563283e-04 1.704541e-02
1.096478e-01 9.975116e-01 5.166510e+03 9.559785e-01 6.564439e+05 5.223814e+01 7.934019e-02 1.124772e+01 1.680620e-04 1.858436e-02
1.130663e-01 9.984413e-01 5.165705e+03 9.192772e-01 6.194912e+05 4.929754e+01 -2.440891e-02 1.556636e+01 1.621782e-04 1.818482e-02
1.165914e-01 1.005681e+00 5.171152e+03 9.902703e-01 6.466269e+05 5.145693e+01 1.886243e-01 4.794428e+01 1.638432e-04 1.830281e-02
1.202264e-01 1.007337e+00 5.171176e+03 9.903491e-01 7.038451e+05 5.601022e+01 1.117677e-01 2.947681e+01 1.823727e-04 1.982715e-02
1.239748e-01 9.982661e-01 5.169000e+03 9.251371e-01 6.102821e+05 4.856471e+01 -2.015075e-02 2.254105e+01 1.561879e-04 1.734936e-02
1.278400e-01 1.004326e+00 5.172556e+03 9.313144e-01 6.287781e+05 5.003657e+01 -2.431793e-02 2.856056e+01 1.633250e-04 1.745605e-02
1.318257e-01 1.003899e+00 5.168026e+03 9.620718e-01 6.800498e+05 5.411664e+01 2.532681e-01 1.286325e+01 1.629054e-04 1.867207e-02
1.359356e-01 9.955986e-01 5.168148e+03 1.057944e+00 7.195457e+05 5.725963e+01 1.427120e-01 2.061579e+01 1.709149e-04 1.962522e-02
1.401737e-01 1.009522e+00 5.173395e+03 9.021737e-01 6.143866e+05 4.889133e+01 1.759796e-02 2.843927e+01 1.522685e-04 1.714559e-02
1.445440e-01 1.004098e+00 5.172802e+03 9.845116e-01 6.410936e+05 5.101661e+01 4.944811e-02 5.455465e+01 1.696497e-04 1.822175e-02
1.490505e-01 9.935895e-01 5.165057e+03 1.008473e+00 6.538803e+05 5.203414e+01 8.506429e-02 1.741962e+01 1.694690e-04 1.974361e-02
1.536975e-01 9.981680e-01 5.168833e+03 9.572828e-01 6.226153e+05 4.954615e+01 1.278953e-01 2.326217e+01 1.556402e-04 1.800044e-02
1.584893e-01 9.941359e-01 5.168541e+03 9.454572e-01 6.264176e+05 4.984873e+01 -2.690074e-03 1.271529e+01 1.578664e-04 1.744505e-02
1.634306e-01 1.001696e+00 5.168839e+03 9.975505e-01 6.722413e+05 5.349526e+01 1.501288e-01 2.134995e+01 1.577765e-04 1.849177e-02
1.685259e-01 9.975392e-01 5.166335e+03 9.591990e-01 6.248211e+05 4.972168e+01 1.111593e-01 1.046326e+01 1.581225e-04 1.783300e-02
1.737801e-01 1.004524e+00 5.169764e+03 9.450721e-01 6.499202e+05 5.171900e+01 5.014376e-02 1.434676e+01 1.567278e-04 1.805370e-02
1.791981e-01 1.000871e+00 5.169923e+03 9.708499e-01 6.477050e+05 5.154272e+01 -5.634564e-02 4.216351e+01 1.544794e-04 1.822638e-02
1.847850e-01 1.003739e+00 5.169474e+03 9.453871e-01 6.221333e+05 4.950779e+01 1.219652e-01 2.066170e+01 1.634179e-04 1.755069e-02
1.905461e-01 9.996466e-01 5.165500e+03 1.003027e+00 6.621558e+05 5.269268e+01 9.708325e-02 6.826950e+01 1.677579e-04 1.876002e-02
1.964868e-01 9.969024e-01 5.169242e+03 9.393692e-01 6.156082e+05 4.898855e+01 4.084685e-02 1.849229e+01 1.561851e-04 1.802378e-02
2.026127e-01 1.002888e+00 5.170671e+03 9.642302e-01 6.381123e+05 5.077936e+01 3.787039e-02 2.999845e+01 1.538050e-04 1.780727e-02
2.089296e-01 9.985755e-01 5.167201e+03 1.006266e+00 6.337564e+05 5.043273e+01 2.026072e-02 1.723391e+01 1.671301e-04 1.844117e-02
2.154435e-01 1.009060e+00 5.170378e+03 9.260887e-01 6.292017e+05 5.007028e+01 -3.149962e-02 2.024905e+01 1.612826e-04 1.764195e-02
2.221604e-01 1.000526e+00 5.169880e+03 1.011453e+00 6.321426e+05 5.030431e+01 2.326124e-02 1.204497e+01 1.565957e-04 1.811989e-02
2.290868e-01 9.954089e-01 5.169390e+03 9.445669e-01 5.874037e+05 4.674410e+01 6.661430e-02 5.178118e+01 1.669529e-04 1.735868e-02
2.362291e-01 9.928494e-01 5.168882e+03 9.358512e-01 6.343566e+05 5.048049e+01 1.779360e-02 1.650611e+01 1.715524e-04 1.819967e-02
2.435940e-01 9.980716e-01 5.169164e+03 9.157936e-01 6.110289e+05 4.862413e+01 2.228432e-02 1.350090e+01 1.727927e-04 1.751770e-02
2.511886e-01 9.937966e-01 5.167269e+03 9.178649e-01 6.261313e+05 4.982594e+01 1.234276e-01 1.521343e+01 1.498668e-04 1.745314e-02
2.590200e-01 1.007118e+00 5.173058e+03 9.504943e-01 6.376757e+05 5.074462e+01 4.721726e-02 1.600783e+01 1.592194e-04 1.770059e-02
2.670956e-01 9.977851e-01 5.165975e+03 1.029973e+00 6.377218e+05 5.074829e+01 9.070630e-02 2.905588e+01 1.634806e-04 1.826215e-02
2.754229e-01 1.008083e+00 5.171582e+03 9.751152e-01 6.493847e+05 5.167639e+01 6.057271e-02 1.919767e+01 1.557175e-04 1.831333e-02
2.840098e-01 1.001658e+00 5.166423e+03 9.964541e-01 6.562999e+05 5.222669e+01 8.690354e-02 9.741542e+00 1.678901e-04 1.853099e-02
2.928645e-01 9.942256e-01 5.167988e+03 9.695239e-01 6.237105e+05 4.963330e+01 1.828959e-01 2.156708e+01 1.585931e-04 1.858892e-02
3.019952e-01 1.004095e+00 5.168407e+03 9.460418e-01 6.106286e+05 4.859228e+01 -1.973841e-02 2.487076e+01 1.482471e-04 1.759109e-02
3.114106e-01 9.973590e-01 5.169003e+03 9.703356e-01 6.680329e+05 5.316037e+01 -2.191253e-02 2.791816e+01 1.627319e-04 1.855063e-02
3.211195e-01 9.953428e-01 5.166930e+03 9.840406e-01 6.464728e+05 5.144467e+01 5.625438e-02 1.550407e+01 1.701768e-04 1.858230e-02
3.311311e-01 1.001021e+00 5.164702e+03 9.342928e-01 5.714919e+05 4.547788e+01 6.293500e-02 2.101934e+01 1.631989e-04 1.626633e-02
3.414549e-01 1.001082e+00 5.170396e+03 9.841681e-01 6.818346e+05 5.425867e+01 4.674683e-02 2.133903e+01 1.610484e-04 1.918544e-02
3.521005e-01 9.954311e-01 5.169852e+03 1.000982e+00 6.327336e+05 5.035134e+01 7.763355e-03 2.756148e+01 1.621656e-04 1.803381e-02
3.630781e-01 9.973322e-01 5.168184e+03 9.553610e-01 6.049981e+05 4.814422e+01 4.264493e-02 3.262806e+01 1.580151e-04 1.717716e-02
3.743978e-01 9.927479e-01 5.165290e+03 9.656311e-01 5.911405e+05 4.704147e+01 -2.032260e-02 1.702838e+01 1.574674e-04 1.691260e-02
3.860705e-01 1.000637e+00 5.167828e+03 9.242072e-01 5.892379e+05 4.689006e+01 1.451659e-01 1.137538e+01 1.623619e-04 1.650187e-02
3.981072e-01 9.956255e-01 5.167979e+03 9.256054e-01 5.989702e+05 4.766453e+01 5.338871e-02 2.090392e+01 1.597028e-04 1.632237e-02
4.105191e-01 1.004250e+00 5.168279e+03 9.827937e-01 6.422344e+05 5.110739e+01 7.347701e-02 1.061726e+01 1.683578e-04 1.788441e-02
4.233179e-01 1.005745e+00 5.170504e+03 9.750088e-01 6.180106e+05 4.917972e+01 8.788012e-02 1.141521e+01 1.773838e-04 1.784133e-02
4.365158e-01 9.940480e-01 5.170330e+03 9.776914e-01 6.515193e+05 5.184626e+01 2.023498e-01 2.257133e+01 1.721248e-04 1.906703e-02
4.501252e-01 9.967106e-01 5.166270e+03 9.469449e-01 6.393891e+05 5.088096e+01 1.316966e-01 2.239511e+01 1.524134e-04 1.805356e-02
4.641589e-01 1.004496e+00 5.171184e+03 1.007210e+00 6.342278e+05 5.047024e+01 8.437645e-02 1.475150e+01 1.600332e-04 1.786870e-02
4.786301e-01 9.972264e-01 5.172000e+03 1.006386e+00 6.495899e+05 5.169272e+01 7.665958e-02 3.467636e+01 1.683506e-04 1.850020e-02
4.935525e-01 9.987844e-01 5.168931e+03 9.346951e-01 6.276955e+05 4.995042e+01 6.091793e-02 2.739612e+01 1.691079e-04 1.827191e-02
5.089401e-01 1.003353e+00 5.171696e+03 9.646266e-01 6.283310e+05 5.000099e+01 1.394919e-02 1.482462e+01 1.656916e-04 1.751090e-02
5.248075e-01 9.923358e-01 5.167261e+03 9.806199e-01 6.431329e+05 5.117889e+01 1.230582e-01 1.230594e+01 1.585124e-04 1.855125e-02
5.411695e-01 1.003273e+00 5.167417e+03 9.843806e-01 6.642018e+05 5.285550e+01 7.143856e-02 1.155463e+01 1.703267e-04 1.806477e-02
5.580417e-01 1.001142e+00 5.169413e+03 9.556403e-01 6.302993e+05 5.015762e+01 1.344687e-01 2.885937e+01 1.631063e-04 1.768080e-02
5.754399e-01 9.991177e-01 5.168099e+03 9.927027e-01 6.351370e+05 5.054260e+01 4.833042e-02 1.357810e+01 1.625577e-04 1.799776e-02
5.933806e-01 9.987883e-01 5.173071e+03 9.558159e-01 6.102144e+05 4.855932e+01 2.103914e-02 1.512608e+01 1.597269e-04 1.791665e-02
6.118806e-01 9.924596e-01 5.167528e+03 9.676474e-01 6.186282e+05 4.922887e+01 6.337910e-02 1.860232e+01 1.633789e-04 1.782752e-02
6.309573e-01 9.938382e-01 5.166498e+03 9.659594e-01 6.457813e+05 5.138964e+01 1.179409e-01 4.962499e+01 1.591439e-04 1.861896e-02
6.506289e-01 9.941545e-01 5.167152e+03 9.502759e-01 6.302831e+05 5.015634e+01 1.801413e-01 2.075398e+01 1.657838e-04 1.777697e-02
6.709137e-01 9.974514e-01 5.167800e+03 9.918610e-01 6.594204e+05 5.247501e+01 6.923821e-02 2.673708e+01 1.630929e-04 1.916390e-02
6.918310e-01 1.000850e+00 5.171712e+03 9.377611e-01 6.005047e+05 4.778664e+01 -5.120992e-02 2.705993e+01 1.668943e-04 1.748853e-02
7.134004e-01 1.001966e+00 5.170345e+03 9.353648e-01 5.801473e+05 4.616666e+01 1.189179e-01 1.938957e+01 1.699137e-04 1.706352e-02
7.356423e-01 9.972664e-01 5.166695e+03 9.932604e-01 6.205413e+05 4.938111e+01 1.189437e-01 1.561869e+01 1.722948e-04 1.793898e-02
7.585776e-01 1.002388e+00 5.169228e+03 9.878534e-01 6.371775e+05 5.070498e+01 -7.808740e-02 1.568202e+01 1.678692e-04 1.838689e-02
7.822280e-01 1.000319e+00 5.172579e+03 1.004706e+00 7.141139e+05 5.682738e+01 4.425254e-02 5.499762e+01 1.575466e-04 2.051089e-02
8.066157e-01 9.984492e-01 5.170548e+03 1.030331e+00 6.727027e+05 5.353198e+01 8.426785e-02 1.072126e+01 1.694108e-04 1.923577e-02
8.317638e-01 9.937431e-01 5.167875e+03 9.499365e-01 6.273866e+05 4.992584e+01 1.053925e-01 1.359671e+01 1.600374e-04 1.798117e-02
8.576959e-01 9.997694e-01 5.169349e+03 9.790443e-01 6.519001e+05 5.187656e+01 7.540588e-02 2.635687e+01 1.725179e-04 1.884011e-02
8.844365e-01 9.949485e-01 5.169050e+03 9.418683e-01 6.181454e+05 4.919044e+01 1.204101e-02 6.345331e+01 1.620075e-04 1.767570e-02
9.120108e-01 9.980878e-01 5.169508e+03 9.475012e-01 6.886815e+05 5.480353e+01 -2.071112e-02 1.555588e+01 1.739182e-04 1.833663e-02
9.404449e-01 9.960894e-01 5.170439e+03 9.949348e-01 6.674313e+05 5.311250e+01 1.250175e-01 1.629630e+01 1.604875e-04 1.883275e-02
9.697654e-01 1.005462e+00 5.171674e+03 9.896994e-01 6.675211e+05 5.311964e+01 9.321067e-02 1.849814e+01 1.718754e-04 1.848772e-02
1.000000e+00 9.985084e-01 5.167524e+03 9.082016e-01 6.148114e+05 4.892514e+01 1.501719e-01 1.404713e+01 1.635797e-04 1.718838e-02
1.031177e+00 9.977175e-01 5.168720e+03 1.026937e+00 6.809157e+05 5.418555e+01 1.452920e-01 3.211831e+01 1.640923e-04 2.017396e-02
1.063327e+00 9.921279e-01 5.171556e+03 9.850706e-01 6.634267e+05 5.279381e+01 -7.696441e-03 3.334534e+01 1.681799e-04 1.921248e-02
1.096478e+00 9.940339e-01 5.169639e+03 9.486079e-01 6.605108e+05 5.256178e+01 8.413746e-02 2.693234e+01 1.693502e-04 1.865222e-02
1.130663e+00 9.939126e-01 5.167300e+03 9.931971e-01 6.307480e+05 5.019333e+01 9.608572e-02 2.749572e+01 1.606878e-04 1.838655e-02
1.165914e+00 9.886554e-01 5.169097e+03 9.337348e-01 5.893231e+05 4.689684e+01 4.499836e-03 2.049476e+01 1.482479e-04 1.711219e-02
1.202264e+00 9.987639e-01 5.171797e+03 1.000011e+00 6.770107e+05 5.387479e+01 2.097287e-02 2.045098e+01 1.689960e-04 1.945190e-02
1.239748e+00 9.923787e-01 5.171876e+03 9.829348e-01 6.554059e+05 5.215555e+01 2.587866e-02 1.800598e+01 1.751391e-04 1.836981e-02
1.278400e+00 9.883959e-01 5.170150e+03 9.622687e-01 6.559666e+05 5.220016e+01 8.763116e-02 2.729352e+01 1.630093e-04 1.944831e-02
1.318257e+00 9.898907e-01 5.168636e+03 9.702670e-01 6.298602e+05 5.012268e+01 5.550282e-02 3.089657e+01 1.627243e-04 1.863228e-02
1.359356e+00 9.932943e-01 5.169928e+03 9.370446e-01 6.113671e+05 4.865104e+01 5.511528e-03 1.085649e+01 1.573167e-04 1.772890e-02
1.401737e+00 9.886796e-01 5.166209e+03 9.762426e-01 6.548136e+05 5.210841e+01 1.746898e-01 1.732571e+01 1.567962e-04 1.890598e-02
1.445440e+00 9.944132e-01 5.168295e+03 1.012807e+00 6.707461e+05 5.337627e+01 -4.550559e-03 3.141834e+01 1.558039e-04 1.913363e-02
1.490505e+00 9.914396e-01 5.167229e+03 9.686231e-01 6.552457e+05 5.214279e+01 1.526356e-01 2.820529e+01 1.649923e-04 1.899053e-02
1.536975e+00 9.867365e-01 5.167070e+03 9.599170e-01 6.696846e+05 5.329181e+01 1.241285e-01 4.603202e+01 1.681687e-04 1.840991e-02
1.584893e+00 9.927697e-01 5.171328e+03 1.027607e+00 6.964064e+05 5.541826e+01 1.050743e-01 2.081627e+01 1.729810e-04 2.032993e-02
1.634306e+00 9.878692e-01 5.167525e+03 9.079861e-01 6.178835e+05 4.916960e+01 -3.244475e-03 1.845778e+01 1.575629e-04 1.801521e-02
1.685259e+00 9.860017e-01 5.170536e+03 9.945598e-01 6.442775e+05 5.126998e+01 1.525551e-01 3.866522e+01 1.679037e-04 1.864415e-02
1.737801e+00 9.830805e-01 5.167763e+03 9.681955e-01 6.316207e+05 5.026277e+01 1.281104e-01 4.270366e+01 1.658537e-04 1.855003e-02
1.791981e+00 9.882368e-01 5.169884e+03 9.448800e-01 6.495655e+05 5.169078e+01 2.377896e-02 1.799768e+01 1.698576e-04 1.915942e-02
1.847850e+00 9.808228e-01 5.167733e+03 9.705617e-01 6.508910e+05 5.179626e+01 2.834667e-03 1.358689e+01 1.764913e-04 1.896250e-02
1.905461e+00 9.866447e-01 5.166581e+03 8.636693e-01 5.666153e+05 4.508982e+01 5.148154e-02 3.638979e+01 1.505442e-04 1.665606e-02
1.964868e+00 9.768222e-01 5.165961e+03 9.646303e-01 6.401631e+05 5.094256e+01 -2.181918e-04 1.784700e+01 1.713087e-04 1.859588e-02
2.026127e+00 9.758151e-01 5.169043e+03 9.026617e-01 5.830153e+05 4.639488e+01 -5.692973e-02 1.711559e+01 1.528415e-04 1.762603e-02
2.089296e+00 9.753620e-01 5.167564e+03 9.926803e-01 6.236825e+05 4.963107e+01 7.666172e-02 3.753452e+01 1.679530e-04 1.868278e-02
2.154435e+00 9.829088e-01 5.170625e+03 1.034746e+00 7.014897e+05 5.582277e+01 6.515355e-02 1.393884e+01 1.701328e-04 2.092506e-02
2.221604e+00 9.782516e-01 5.171834e+03 9.703561e-01 6.616972e+05 5.265619e+01 2.749087e-02 1.783398e+01 1.617968e-04 1.983910e-02
2.290868e+00 9.837128e-01 5.174195e+03 9.570801e-01 6.079446e+05 4.837869e+01 1.263135e-01 1.583615e+01 1.610542e-04 1.765759e-02
2.362291e+00 9.795015e-01 5.169494e+03 9.621576e-01 5.916584e+05 4.708268e+01 -5.647943e-03 1.398172e+01 1.544859e-04 1.760631e-02
2.435940e+00 9.798945e-01 5.168390e+03 9.656669e-01 6.633509e+05 5.278779e+01 1.548786e-01 2.621025e+01 1.637130e-04 1.901297e-02
2.511886e+00 9.800902e-01 5.168741e+03 9.442184e-01 6.412736e+05 5.103093e+01 6.276303e-02 4.974844e+01 1.578582e-04 1.916445e-02
2.590200e+00 9.670064e-01 5.167786e+03 9.431510e-01 6.368703e+05 5.068053e+01 5.463759e-03 1.627696e+01 1.654095e-04 1.940090e-02
2.670956e+00 9.746731e-01 5.169101e+03 9.364571e-01 6.240198e+05 4.965792e+01 -5.533174e-02 2.011465e+01 1.515301e-04 1.921331e-02
2.754229e+00 9.738841e-01 5.171260e+03 8.945316e-01 6.157368e+05 4.899878e+01 -1.219759e-02 2.131127e+01 1.495436e-04 1.749523e-02
2.840098e+00 9.740628e-01 5.169944e+03 9.768668e-01 6.283617e+05 5.000343e+01 8.285074e-02 2.984881e+01 1.791422e-04 1.844760e-02
2.928645e+00 9.642437e-01 5.165959e+03 9.817013e-01 6.909536e+05 5.498434e+01 1.395622e-01 1.478279e+01 1.732650e-04 2.058098e-02
3.019952e+00 9.714946e-01 5.169045e+03 9.614926e-01 6.816053e+05 5.424043e+01 2.529267e-02 1.248230e+01 1.707449e-04 2.032067e-02
3.114106e+00 9.639592e-01 5.167226e+03 9.754953e-01 6.577717e+05 5.234381e+01 1.080996e-01 2.067298e+01 1.661849e-04 1.950421e-02
3.211195e+00 9.619977e-01 5.167902e+03 9.538643e-01 5.913898e+05 4.706130e+01 3.604035e-02 2.314971e+01 1.629669e-04 1.834299e-02
3.311311e+00 9.593293e-01 5.170263e+03 1.006938e+00 6.333158e+05 5.039767e+01 6.505106e-02 1.121533e+01 1.647892e-04 1.953537e-02
3.414549e+00 9.568076e-01 5.166874e+03 9.359241e-01 6.404366e+05 5.096432e+01 7.407863e-02 1.168651e+01 1.650253e-04 1.957895e-02
3.521005e+00 9.582202e-01 5.168261e+03 1.028406e+00 6.724938e+05 5.351535e+01 4.551911e-02 1.347207e+01 1.541460e-04 2.108683e-02
3.630781e+00 9.597315e-01 5.169597e+03 9.938774e-01 6.777678e+05 5.393505e+01 1.026596e-02 2.293808e+01 1.613665e-04 2.090468e-02
3.743978e+00 9.517505e-01 5.169424e+03 9.714827e-01 6.489878e+05 5.164481e+01 -2.633355e-02 1.848218e+01 1.650353e-04 2.064081e-02
3.860705e+00 9.518985e-01 5.167887e+03 1.050498e+00 7.357468e+05 5.854887e+01 8.127591e-02 2.957434e+01 1.730870e-04 2.265797e-02
3.981072e+00 9.518765e-01 5.170123e+03 9.710261e-01 6.624977e+05 5.271989e+01 3.730388e-02 7.662235e+01 1.696789e-04 2.077225e-02
4.105191e+00 9.535688e-01 5.168292e+03 9.621670e-01 6.464292e+05 5.144120e+01 9.985021e-02 2.228096e+01 1.621256e-04 2.026570e-02
4.233179e+00 9.482123e-01 5.172888e+03 1.009980e+00 6.798394e+05 5.409990e+01 4.188012e-02 1.421779e+01 1.747323e-04 2.194301e-02
4.365158e+00 9.462725e-01 5.170107e+03 9.382742e-01 6.481414e+05 5.157746e+01 4.667103e-02 1.545064e+01 1.642794e-04 2.075060e-02
4.501252e+00 9.476818e-01 5.169934e+03 9.281038e-01 6.560759e+05 5.220886e+01 -4.119951e-03 1.234937e+01 1.628636e-04 1.996392e-02
4.641589e+00 9.338659e-01 5.167235e+03 9.272489e-01 6.357200e+05 5.058899e+01 1.188947e-01 1.954777e+01 1.663199e-04 2.078483e-02
4.786301e+00 9.387819e-01 5.173625e+03 8.939710e-01 6.348889e+05 5.052285e+01 4.809741e-02 1.403206e+01 1.585030e-04 2.029217e-02
4.935525e+00 9.414914e-01 5.171032e+03 9.530788e-01 6.669805e+05 5.307662e+01 2.095227e-01 1.721535e+01 1.659669e-04 2.074099e-02
5.089401e+00 9.285753e-01 5.168077e+03 9.969389e-01 6.283653e+05 5.000372e+01 7.827353e-03 2.385470e+01 1.718264e-04 2.170673e-02
5.248075e+00 9.298598e-01 5.166333e+03 9.811174e-01 6.497421e+05 5.170483e+01 9.156019e-02 3.153199e+01 1.801859e-04 2.182472e-02
5.411695e+00 9.243001e-01 5.172452e+03 1.005334e+00 6.746657e+05 5.368819e+01 5.689969e-02 1.628605e+01 1.696252e-04 2.212811e-02
5.580417e+00 9.328548e-01 5.170827e+03 9.665843e-01 6.139613e+05 4.885748e+01 5.135356e-04 2.418784e+01 1.775932e-04 2.035645e-02
5.754399e+00 9.141953e-01 5.169107e+03 9.750067e-01 6.829095e+05 5.434421e+01 3.851253e-02 2.791498e+01 1.616035e-04 2.322499e-02
5.933806e+00 9.185579e-01 5.171690e+03 9.626318e-01 6.335337e+05 5.041501e+01 -1.629426e-02 1.287285e+01 1.584793e-04 2.193007e-02
6.118806e+00 9.155052e-01 5.167666e+03 9.475023e-01 6.519953e+05 5.188414e+01 2.571862e-02 2.225954e+01 1.582932e-04 2.242141e-02
6.309573e+00 9.126577e-01 5.171630e+03 9.764283e-01 6.679474e+05 5.315356e+01 3.063036e-02 1.556313e+01 1.603382e-04 2.224852e-02
6.506289e+00 9.154983e-01 5.169556e+03 9.680209e-01 6.665238e+05 5.304028e+01 -1.281740e-02 7.594376e+01 1.498743e-04 2.251126e-02
6.709137e+00 9.144429e-01 5.170401e+03 9.630220e-01 6.289444e+05 5.004981e+01 4.037696e-02 1.537067e+01 1.647540e-04 2.179000e-02
6.918310e+00 9.057993e-01 5.170626e+03 8.996090e-01 6.500090e+05 5.172607e+01 -3.799972e-02 1.588155e+01 1.572665e-04 2.192272e-02
7.134004e+00 9.086823e-01 5.170743e+03 9.597046e-01 6.580109e+05 5.236285e+01 4.223157e-02 2.934959e+01 1.565492e-04 2.281007e-02
7.356423e+00 9.030186e-01 5.173884e+03 1.031714e+00 7.165287e+05 5.701954e+01 1.139990e-01 2.770497e+01 1.746874e-04 2.501910e-02
7.585776e+00 8.963141e-01 5.169253e+03 1.073794e+00 7.095959e+05 5.646784e+01 1.241890e-01 1.550625e+01 1.731948e-04 2.485533e-02
7.822280e+00 8.927728e-01 5.169653e+03 9.459331e-01 6.675133e+05 5.311902e+01 1.214734e-02 1.184391e+01 1.759333e-04 2.405476e-02
8.066157e+00 8.975524e-01 5.171616e+03 9.477746e-01 6.300893e+05 5.014091e+01 9.286483e-02 1.479099e+01 1.478461e-04 2.170455e-02
8.317638e+00 9.015806e-01 5.172578e+03 9.635427e-01 6.460556e+05 5.141147e+01 9.392232e-03 1.674691e+01 1.787141e-04 2.330649e-02
8.576959e+00 8.914669e-01 5.171945e+03 9.570670e-01 6.599474e+05 5.251694e+01 5.285721e-02 1.839563e+01 1.648716e-04 2.388658e-02
8.844365e+00 8.841207e-01 5.169520e+03 8.938106e-01 6.310938e+05 5.022084e+01 -7.172796e-02 2.673578e+01 1.612924e-04 2.259106e-02
9.120108e+00 8.888991e-01 5.171878e+03 9.642518e-01 6.241018e+05 4.966444e+01 2.661699e-02 1.715679e+01 1.604498e-04 2.248914e-02
9.404449e+00 8.755989e-01 5.164437e+03 9.438086e-01 6.426309e+05 5.113894e+01 2.906723e-02 1.507028e+01 1.611371e-04 2.381956e-02
9.697654e+00 8.871870e-01 5.173510e+03 1.038111e+00 6.578946e+05 5.235359e+01 3.141945e-02 1.649804e+01 1.602389e-04 2.477449e-02
1.000000e+01 8.849056e-01 5.174053e+03 9.275062e-01 6.359837e+05 5.060997e+01 -7.597981e-03 3.801838e+01 1.593520e-04 2.337858e-02
1.031177e+01 8.742180e-01 5.169204e+03 1.002659e+00 6.793418e+05 5.406030e+01 -5.584941e-04 9.641521e+00 1.679499e-04 2.493251e-02
1.063327e+01 8.726075e-01 5.169371e+03 9.637814e-01 6.220804e+05 4.950359e+01 1.362794e-01 1.598501e+01 1.467220e-04 2.361974e-02
1.096478e+01 8.696400e-01 5.169220e+03 9.571798e-01 6.729173e+05 5.354906e+01 3.205180e-02 2.405812e+01 1.578750e-04 2.479993e-02
1.130663e+01 8.753315e-01 5.171513e+03 1.038783e+00 7.094956e+05 5.645986e+01 -3.944340e-02 2.405226e+01 1.777705e-04 2.646725e-02
1.165914e+01 8.675245e-01 5.171949e+03 9.881430e-01 6.564483e+05 5.223849e+01 7.011907e-02 1.205185e+01 1.603520e-04 2.495015e-02
1.202264e+01 8.657015e-01 5.170445e+03 9.451188e-01 6.377040e+05 5.074687e+01 3.438881e-02 2.724021e+01 1.496024e-04 2.505658e-02
1.239748e+01 8.681371e-01 5.170711e+03 9.725298e-01 6.635923e+05 5.280700e+01 6.941234e-02 2.009452e+01 1.610620e-04 2.489094e-02
1.278400e+01 8.622034e-01 5.168864e+03 9.870154e-01 6.655628e+05 5.296380e+01 -4.195037e-02 3.677930e+01 1.533031e-04 2.610646e-02
1.318257e+01 8.665624e-01 5.169448e+03 1.007360e+00 6.789625e+05 5.403011e+01 6.528789e-02 1.501258e+01 1.696936e-04 2.509175e-02
1.359356e+01 8.651760e-01 5.170093e+03 9.526101e-01 6.776264e+05 5.392379e+01 -1.504376e-02 2.071385e+01 1.460765e-04 2.533729e-02
1.401737e+01 8.619278e-01 5.173039e+03 9.990401e-01 6.639567e+05 5.283600e+01 -9.507435e-02 1.662536e+01 1.656437e-04 2.612410e-02
1.445440e+01 8.628843e-01 5.171921e+03 1.014446e+00 7.005416e+05 5.574733e+01 6.714258e-02 2.088479e+01 1.715228e-04 2.788961e-02
1.490505e+01 8.673479e-01 5.172667e+03 9.914521e-01 7.145384e+05 5.686116e+01 -2.701892e-02 2.625828e+01 1.586913e-04 2.708538e-02
1.536975e+01 8.699493e-01 5.170671e+03 9.547996e-01 6.225085e+05 4.953765e+01 3.704787e-02 9.594196e+01 1.568224e-04 2.365767e-02
1.584893e+01 8.685829e-01 5.172920e+03 9.161202e-01 6.088758e+05 4.845280e+01 5.492332e-03 1.443774e+01 1.644307e-04 2.276168e-02
1.634306e+01 8.692489e-01 5.173291e+03 1.006029e+00 6.653782e+05 5.294911e+01 5.740374e-02 3.447213e+01 1.781111e-04 2.628408e-02
1.685259e+01 8.679785e-01 5.173572e+03 9.746648e-01 6.616618e+05 5.265338e+01 -6.232348e-02 4.324404e+01 1.683100e-04 2.426499e-02
1.737801e+01 8.737934e-01 5.176138e+03 9.347872e-01 6.723636e+05 5.350499e+01 4.470629e-02 2.538078e+01 1.614811e-04 2.435879e-02
1.791981e+01 8.752255e-01 5.172426e+03 9.104771e-01 6.236634e+05 4.962956e+01 -5.392372e-02 1.521227e+01 1.562719e-04 2.246595e-02
1.847850e+01 8.784504e-01 5.172489e+03 9.999860e-01 7.070101e+05 5.626207e+01 2.233716e-02 3.716345e+01 1.688976e-04 2.613678e-02
1.905461e+01 8.784702e-01 5.177755e+03 1.007786e+00 6.955344e+05 5.534886e+01 4.658325e-02 9.908724e+00 1.655784e-04 2.561764e-02
1.964868e+01 8.787826e-01 5.174192e+03 8.748281e-01 5.936008e+05 4.723725e+01 9.731751e-02 1.137152e+01 1.562428e-04 2.246450e-02
2.026127e+01 8.790132e-01 5.173993e+03 9.747888e-01 6.502100e+05 5.174206e+01 1.054372e-01 1.221162e+02 1.652997e-04 2.331231e-02
2.089296e+01 8.859988e-01 5.175867e+03 9.632469e-01 6.378372e+05 5.075747e+01 1.038557e-01 1.435507e+01 1.693282e-04 2.257856e-02
2.154435e+01 8.850380e-01 5.176464e+03 1.006790e+00 6.835972e+05 5.439894e+01 4.444301e-02 1.618038e+01 1.653879e-04 2.463992e-02
2.221604e+01 8.886049e-01 5.172565e+03 9.811676e-01 6.441868e+05 5.126275e+01 1.336482e-01 1.604771e+01 1.556184e-04 2.351809e-02
2.290868e+01 8.950944e-01 5.174599e+03 9.514556e-01 6.435625e+05 5.121307e+01 7.786581e-02 9.982429e+00 1.650309e-04 2.295466e-02
2.362291e+01 9.045321e-01 5.177084e+03 9.670830e-01 6.942929e+05 5.525007e+01 8.466892e-02 1.474922e+01 1.728334e-04 2.418310e-02
2.435940e+01 9.042314e-01 5.174786e+03 9.789724e-01 7.187904e+05 5.719952e+01 2.205245e-02 2.004768e+01 1.724440e-04 2.496048e-02
2.511886e+01 9.063104e-01 5.178271e+03 1.019916e+00 6.722011e+05 5.349206e+01 8.076903e-02 4.288292e+01 1.560984e-04 2.286087e-02
2.590200e+01 9.146548e-01 5.174789e+03 9.933223e-01 6.391904e+05 5.086515e+01 9.048708e-03 3.320405e+01 1.594805e-04 2.164997e-02
2.670956e+01 9.232751e-01 5.175778e+03 9.616049e-01 6.789605e+05 5.402996e+01 -3.734218e-02 1.900898e+01 1.727750e-04 2.303663e-02
2.754229e+01 9.294081e-01 5.179074e+03 9.381782e-01 6.665627e+05 5.304338e+01 9.316176e-03 1.850573e+01 1.597573e-04 2.176388e-02
2.840098e+01 9.419248e-01 5.177133e+03 9.472318e-01 6.315234e+05 5.025504e+01 8.213077e-02 1.338579e+01 1.578630e-04 2.064154e-02
2.928645e+01 9.477295e-01 5.182319e+03 1.001440e+00 6.636403e+05 5.281082e+01 5.838495e-02 2.801708e+01 1.665710e-04 2.128999e-02
3.019952e+01 9.501609e-01 5.179795e+03 9.849196e-01 6.768747e+05 5.386398e+01 -2.815811e-02 1.601723e+01 1.628666e-04 2.115136e-02
3.114106e+01 9.598517e-01 5.177502e+03 9.822872e-01 7.016093e+05 5.583229e+01 -5.105569e-02 1.150202e+01 1.708950e-04 2.173303e-02
3.211195e+01 9.740331e-01 5.180033e+03 1.008059e+00 6.757792e+05 5.377680e+01 6.051743e-02 3.079477e+01 1.609501e-04 2.051283e-02
3.311311e+01 9.815777e-01 5.184387e+03 9.838820e-01 6.712237e+05 5.341428e+01 2.555493e-02 4.210231e+01 1.667193e-04 2.020174e-02
3.414549e+01 9.869835e-01 5.180031e+03 9.727844e-01 6.541364e+05 5.205452e+01 -2.055430e-02 2.867508e+01 1.684643e-04 1.894925e-02
3.521005e+01 9.993354e-01 5.187031e+03 9.699516e-01 6.480622e+05 5.157115e+01 3.796365e-02 1.620332e+01 1.608615e-04 1.848132e-02
3.630781e+01 1.005382e+00 5.183455e+03 9.654630e-01 6.517293e+05 5.186297e+01 6.954149e-02 4.110816e+01 1.690481e-04 1.853760e-02
3.743978e+01 1.024534e+00 5.181531e+03 9.396142e-01 6.548878e+05 5.211432e+01 2.064556e-02 2.153781e+01 1.593124e-04 1.744248e-02
3.860705e+01 1.031983e+00 5.186418e+03 9.261819e-01 6.049683e+05 4.814185e+01 -5.775858e-02 2.628348e+01 1.630630e-04 1.670163e-02
3.981072e+01 1.042437e+00 5.185006e+03 1.059191e+00 6.914087e+05 5.502055e+01 7.359312e-02 2.781792e+01 1.736167e-04 1.776179e-02
4.105191e+01 1.061742e+00 5.185857e+03 9.252252e-01 6.150743e+05 4.894606e+01 2.270748e-02 1.955122e+01 1.629711e-04 1.561908e-02
4.233179e+01 1.078279e+00 5.188895e+03 9.449318e-01 6.282041e+05 4.999089e+01 3.833776e-03 2.997103e+01 1.730977e-04 1.522331e-02
4.365158e+01 1.086116e+00 5.187358e+03 9.548456e-01 6.031486e+05 4.799704e+01 -2.930610e-03 2.863496e+01 1.638618e-04 1.416295e-02
4.501252e+01 1.097796e+00 5.188820e+03 9.969991e-01 6.321276e+05 5.030311e+01 7.513936e-03 1.358025e+01 1.659362e-04 1.533870e-02
4.641589e+01 1.114242e+00 5.190368e+03 9.767551e-01 6.393989e+05 5.088175e+01 4.526829e-02 9.895064e+00 1.684699e-04 1.494209e-02
4.786301e+01 1.125625e+00 5.188020e+03 9.960512e-01 6.417578e+05 5.106946e+01 1.848385e-03 1.406631e+01 1.638499e-04 1.418814e-02
4.935525e+01 1.146564e+00 5.190553e+03 9.389375e-01 6.087619e+05 4.844373e+01 -4.424248e-02 2.937345e+01 1.600100e-04 1.321250e-02
5.089401e+01 1.166213e+00 5.193550e+03 1.048585e+00 6.627920e+05 5.274331e+01 -3.987901e-02 1.845303e+01 1.625936e-04 1.454054e-02
5.248075e+01 1.183969e+00 5.191657e+03 9.861975e-01 6.559372e+05 5.219782e+01 1.837526e-03 3.125094e+01 1.677704e-04 1.318894e-02
5.411695e+01 1.196452e+00 5.192773e+03 1.008796e+00 6.747386e+05 5.369399e+01 3.326456e-02 3.545693e+01 1.649956e-04 1.338678e-02
5.580417e+01 1.216209e+00 5.192452e+03 9.283392e-01 6.160202e+05 4.902133e+01 1.752812e-02 1.383605e+01 1.667683e-04 1.177914e-02
5.754399e+01 1.246201e+00 5.197494e+03 9.766539e-01 6.534786e+05 5.200217e+01 -3.869057e-02 1.513720e+01 1.718641e-04 1.175770e-02
5.933806e+01 1.268075e+00 5.196887e+03 1.060648e+00 7.047020e+05 5.607840e+01 1.660892e-02 2.768012e+01 1.781804e-04 1.250905e-02
6.118806e+01 1.289079e+00 5.200649e+03 9.293889e-01 6.442333e+05 5.126646e+01 -6.221156e-02 2.061937e+01 1.521753e-04 1.081683e-02
6.309573e+01 1.298963e+00 5.200776e+03 1.012428e+00 6.460282e+05 5.140929e+01 6.782149e-02 1.019263e+01 1.619397e-04 1.077326e-02
6.506289e+01 1.321766e+00 5.200397e+03 9.807696e-01 6.201404e+05 4.934920e+01 4.966726e-04 4.494792e+01 1.598221e-04 1.031463e-02
6.709137e+01 1.348396e+00 5.205136e+03 9.937483e-01 6.823452e+05 5.429931e+01 -3.687109e-02 2.110360e+01 1.702627e-04 1.044191e-02
6.918310e+01 1.378661e+00 5.205715e+03 1.035338e+00 6.318202e+05 5.027865e+01 -1.494220e-02 2.077962e+01 1.555281e-04 9.627982e-03
7.134004e+01 1.396461e+00 5.206533e+03 9.894242e-01 6.251182e+05 4.974532e+01 -5.892794e-02 1.929707e+01 1.637094e-04 9.083599e-03
7.356423e+01 1.424737e+00 5.207650e+03 9.857999e-01 6.330615e+05 5.037743e+01 -6.492794e-03 1.517286e+01 1.658712e-04 8.642581e-03
7.585776e+01 1.451306e+00 5.209946e+03 9.309630e-01 6.026056e+05 4.795383e+01 -7.769703e-02 5.572226e+01 1.478718e-04 7.868554e-03
7.822280e+01 1.477646e+00 5.214356e+03 9.521779e-01 6.118754e+05 4.869150e+01 -3.083882e-02 1.876900e+01 1.614445e-04 7.553766e-03
8.066157e+01 1.514077e+00 5.214819e+03 9.652339e-01 6.128320e+05 4.876762e+01 -3.781887e-02 2.348193e+01 1.682395e-04 7.445343e-03
8.317638e+01 1.551933e+00 5.220472e+03 1.053378e+00 6.549633e+05 5.212032e+01 1.188806e-01 1.375807e+01 1.756614e-04 7.911700e-03
8.576959e+01 1.563559e+00 5.217869e+03 9.954176e-01 6.110094e+05 4.862259e+01 -3.482113e-02 2.528683e+01 1.605518e-04 7.157038e-03
8.844365e+01 1.604830e+00 5.222059e+03 1.030523e+00 6.086420e+05 4.843419e+01 1.083314e-03 2.705755e+01 1.637705e-04 6.989540e-03
9.120108e+01 1.631440e+00 5.225544e+03 1.033741e+00 5.928194e+05 4.717506e+01 -9.268342e-02 1.702124e+01 1.500126e-04 6.188374e-03
9.404449e+01 1.667808e+00 5.228119e+03 9.644759e-01 5.943748e+05 4.729884e+01 2.288729e-02 2.342740e+01 1.664936e-04 6.137113e-03
9.697654e+01 1.698820e+00 5.231004e+03 1.018193e+00 6.257732e+05 4.979745e+01 -4.484094e-02 1.786132e+01 1.588078e-04 6.094752e-03
1.000000e+02 1.733850e+00 5.230212e+03 1.029039e+00 6.311579e+05 5.022595e+01 3.871798e-02 1.154080e+01 1.594560e-04 5.855949e-03
1.031177e+02 1.773312e+00 5.234068e+03 1.081723e+00 6.172887e+05 4.912227e+01 -4.105124e-02 1.520550e+01 1.637596e-04 5.767528e-03
1.063327e+02 1.808659e+00 5.237099e+03 1.040603e+00 5.819966e+05 4.631382e+01 -6.482531e-02 8.513243e+00 1.622211e-04 5.170150e-03
1.096478e+02 1.850330e+00 5.240460e+03 1.000459e+00 5.712022e+05 4.545482e+01 2.579251e-02 1.621641e+01 1.618847e-04 4.739891e-03
1.130663e+02 1.896380e+00 5.247582e+03 1.059007e+00 5.886161e+05 4.684058e+01 8.512137e-02 2.922180e+01 1.622000e-04 4.637681e-03
1.165914e+02 1.935100e+00 5.251510e+03 1.024031e+00 5.821805e+05 4.632845e+01 5.501461e-02 1.206742e+01 1.537286e-04 4.402999e-03
1.202264e+02 1.969929e+00 5.254217e+03 9.924436e-01 5.238244e+05 4.168462e+01 -5.266923e-02 1.048779e+01 1.547968e-04 3.864949e-03
1.239748e+02 2.016300e+00 5.257372e+03 1.045550e+00 5.922821e+05 4.713231e+01 9.179164e-02 2.500052e+01 1.650119e-04 4.115949e-03
1.278400e+02 2.058185e+00 5.261502e+03 1.001867e+00 5.477802e+05 4.359096e+01 8.298003e-02 1.926543e+01 1.630346e-04 3.688748e-03
1.318257e+02 2.097651e+00 5.265490e+03 9.465443e-01 5.515999e+05 4.389492e+01 -7.938270e-02 1.526188e+01 1.534356e-04 3.466737e-03
1.359356e+02 2.145531e+00 5.271016e+03 1.029937e+00 5.241421e+05 4.170990e+01 -5.109041e-02 1.455177e+01 1.535386e-04 3.220815e-03
1.401737e+02 2.197816e+00 5.277066e+03 9.724761e-01 4.781721e+05 3.805172e+01 -1.413353e-01 2.865174e+01 1.604952e-04 2.883935e-03
1.445440e+02 2.244495e+00 5.277122e+03 9.914561e-01 5.255185e+05 4.181943e+01 -9.337231e-03 2.450456e+01 1.662357e-04 2.892547e-03
1.490505e+02 2.292680e+00 5.281418e+03 9.895007e-01 5.000799e+05 3.979509e+01 6.837949e-02 2.550040e+01 1.635471e-04 2.801168e-03
1.536975e+02 2.349408e+00 5.294109e+03 1.012338e+00 4.978459e+05 3.961731e+01 -1.069299e-01 1.749640e+01 1.550739e-04 2.546591e-03
1.584893e+02 2.403962e+00 5.302119e+03 9.726511e-01 5.033299e+05 4.005372e+01 7.892038e-02 1.248725e+01 1.555405e-04 2.468429e-03
1.634306e+02 2.457278e+00 5.304481e+03 9.464543e-01 4.442836e+05 3.535497e+01 1.053816e-01 1.972991e+01 1.660146e-04 2.094913e-03
1.685259e+02 2.514412e+00 5.313081e+03 1.006748e+00 4.709192e+05 3.747456e+01 -2.925091e-02 1.977211e+01 1.579871e-04 2.091522e-03
1.737801e+02 2.566572e+00 5.322163e+03 9.120377e-01 4.147053e+05 3.300120e+01 5.878785e-02 1.716336e+01 1.634900e-04 1.815703e-03
1.791981e+02 2.612172e+00 5.320728e+03 9.525116e-01 4.152162e+05 3.304185e+01 -3.437948e-02 1.701032e+01 1.721793e-04 1.882484e-03
1.847850e+02 2.680121e+00 5.335822e+03 1.021243e+00 4.594825e+05 3.656446e+01 -2.723960e-02 1.281227e+01 1.606999e-04 1.862343e-03
1.905461e+02 2.736200e+00 5.342304e+03 9.819329e-01 4.340347e+05 3.453938e+01 -3.805629e-02 1.287634e+01 1.453474e-04 1.663974e-03
1.964868e+02 2.805589e+00 5.353993e+03 1.005857e+00 4.285177e+05 3.410035e+01 -9.864423e-02 2.399769e+01 1.615901e-04 1.529768e-03
2.026127e+02 2.856512e+00 5.363839e+03 1.035035e+00 4.463177e+05 3.551683e+01 -4.979278e-02 1.273154e+01 1.609469e-04 1.532528e-03
2.089296e+02 2.922411e+00 5.372502e+03 9.813824e-01 3.899570e+05 3.103179e+01 -6.938931e-02 4.449946e+01 1.426416e-04 1.287909e-03
2.154435e+02 2.989458e+00 5.388382e+03 9.813301e-01 4.259537e+05 3.389632e+01 -9.775985e-03 2.049254e+01 1.540197e-04 1.366006e-03
2.221604e+02 3.053184e+00 5.395550e+03 9.226695e-01 3.948734e+05 3.142303e+01 1.215416e-03 9.891385e+00 1.434815e-04 1.171866e-03
2.290868e+02 3.114468e+00 5.401943e+03 9.822583e-01 3.800945e+05 3.024695e+01 -7.132659e-02 1.700997e+01 1.531327e-04 1.150345e-03
2.362291e+02 3.184842e+00 5.420679e+03 1.040700e+00 4.074971e+05 3.242759e+01 -7.409778e-02 1.758419e+01 1.559799e-04 1.142124e-03
2.435940e+02 3.251669e+00 5.434559e+03 9.979785e-01 3.501478e+05 2.786388e+01 6.982030e-02 1.626160e+01 1.440875e-04 9.527726e-04
2.511886e+02 3.319179e+00 5.447409e+03 1.005066e+00 3.770137e+05 3.000180e+01 -5.019542e-02 3.435435e+01 1.469929e-04 9.467876e-04
2.590200e+02 3.380872e+00 5.459756e+03 9.571605e-01 3.403390e+05 2.708332e+01 -7.809840e-02 3.584545e+01 1.524865e-04 8.631470e-04
2.670956e+02 3.440796e+00 5.474664e+03 1.024494e+00 3.682319e+05 2.930297e+01 -3.880124e-02 1.957061e+01 1.537028e-04 8.688710e-04
2.754229e+02 3.510173e+00 5.492784e+03 9.338276e-01 3.128067e+05 2.489237e+01 -1.155658e-03 1.424444e+01 1.543251e-04 7.100119e-04
2.840098e+02 3.568009e+00 5.508364e+03 9.567936e-01 3.397818e+05 2.703898e+01 1.282714e-01 2.994216e+01 1.509874e-04 7.347018e-04
2.928645e+02 3.627444e+00 5.527682e+03 9.177940e-01 3.013520e+05 2.398083e+01 4.762343e-02 1.818952e+01 1.489974e-04 6.476440e-04
3.019952e+02 3.687215e+00 5.554196e+03 1.003692e+00 3.294494e+05 2.621675e+01 8.562781e-02 1.256886e+01 1.500141e-04 6.850282e-04
3.114106e+02 3.730770e+00 5.570589e+03 9.792329e-01 3.118507e+05 2.481629e+01 -1.963293e-03 1.109761e+01 1.513359e-04 6.309150e-04
3.211195e+02 3.776641e+00 5.594707e+03 1.003909e+00 3.079582e+05 2.450653e+01 1.757385e-01 2.008218e+01 1.535898e-04 6.223108e-04
3.311311e+02 3.807307e+00 5.613996e+03 9.817756e-01 2.940467e+05 2.339949e+01 -3.502899e-02 1.082527e+01 1.582802e-04 5.899352e-04
3.414549e+02 3.833484e+00 5.638543e+03 1.017228e+00 2.895849e+05 2.304443e+01 2.058825e-01 1.330490e+01 1.466386e-04 5.584685e-04
3.521005e+02 3.849521e+00 5.666097e+03 9.485788e-01 2.607716e+05 2.075155e+01 1.648865e-01 1.973776e+01 1.375352e-04 5.025562e-04
3.630781e+02 3.857007e+00 5.689684e+03 1.025215e+00 2.658880e+05 2.115870e+01 3.388917e-02 1.602968e+01 1.474525e-04 5.200180e-04
3.743978e+02 3.858134e+00 5.716781e+03 9.771499e-01 2.569719e+05 2.044917e+01 -2.490320e-02 1.860609e+01 1.360818e-04 4.920533e-04
3.860705e+02 3.859647e+00 5.752114e+03 1.065495e+00 2.931176e+05 2.332555e+01 2.271262e-01 4.972837e+00 1.525611e-04 5.630347e-04
3.981072e+02 3.840771e+00 5.781387e+03 1.027287e+00 2.772323e+05 2.206144e+01 2.516259e-01 1.380661e+01 1.509526e-04 5.231750e-04
4.105191e+02 3.814989e+00 5.813021e+03 9.681521e-01 2.551425e+05 2.030359e+01 1.937320e-01 2.142396e+01 1.383624e-04 5.069458e-04
4.233179e+02 3.793857e+00 5.854773e+03 9.666786e-01 2.367257e+05 1.883803e+01 1.103514e-01 1.788429e+01 1.398292e-04 4.752478e-04
4.365158e+02 3.752257e+00 5.885531e+03 1.057821e+00 2.505780e+05 1.994036e+01 1.030706e-01 2.678045e+01 1.436738e-04 5.309976e-04
4.501252e+02 3.713101e+00 5.924175e+03 1.018840e+00 2.375240e+05 1.890156e+01 7.181630e-03 1.238030e+01 1.420391e-04 4.867643e-04
4.641589e+02 3.678738e+00 5.972918e+03 1.030187e+00 2.512471e+05 1.999361e+01 9.385803e-02 1.129855e+01 1.449542e-04 5.236184e-04
4.786301e+02 3.633071e+00 6.017591e+03 1.060973e+00 2.573415e+05 2.047858e+01 1.436044e-01 4.399687e+01 1.413744e-04 5.468475e-04
4.935525e+02 3.586016e+00 6.061890e+03 9.258584e-01 2.225685e+05 1.771144e+01 7.703527e-02 5.265678e+00 1.311270e-04 4.827477e-04
5.089401e+02 3.542773e+00 6.116767e+03 9.682970e-01 2.101555e+05 1.672364e+01 2.542138e-01 9.547048e+00 1.348669e-04 4.757011e-04
5.248075e+02 3.494999e+00 6.169782e+03 8.994732e-01 2.228279e+05 1.773208e+01 2.153505e-01 1.320192e+01 1.299205e-04 5.069925e-04
5.411695e+02 3.446264e+00 6.229092e+03 9.632502e-01 2.031106e+05 1.616302e+01 7.496264e-02 5.969833e+00 1.250647e-04 4.771506e-04
5.580417e+02 3.400336e+00 6.290710e+03 9.514087e-01 2.051989e+05 1.632921e+01 1.378895e-01 1.779886e+01 1.263465e-04 5.018161e-04
5.754399e+02 3.349625e+00 6.357012e+03 9.929463e-01 2.037585e+05 1.621458e+01 9.122770e-02 8.033250e+00 1.354772e-04 5.149991e-04
5.933806e+02 3.290872e+00 6.421122e+03 9.946100e-01 2.044227e+05 1.626744e+01 5.916162e-02 1.918331e+01 1.277931e-04 5.228489e-04
6.118806e+02 3.238683e+00 6.499722e+03 9.964173e-01 1.952588e+05 1.553820e+01 1.237705e-01 1.221273e+01 1.285617e-04 5.305101e-04
6.309573e+02 3.191775e+00 6.580386e+03 9.774516e-01 1.997815e+05 1.589811e+01 1.243584e-01 5.349517e+00 1.333077e-04 5.555566e-04
6.506289e+02 3.140626e+00 6.670416e+03 9.766708e-01 1.780660e+05 1.417004e+01 -3.481990e-02 1.042941e+01 1.228083e-04 4.972174e-04
6.709137e+02 3.084863e+00 6.759544e+03 9.911832e-01 1.947324e+05 1.549631e+01 1.995310e-01 7.926934e+00 1.259532e-04 5.759500e-04
6.918310e+02 3.032179e+00 6.857211e+03 9.920561e-01 1.823212e+05 1.450866e+01 3.915053e-02 7.687625e+00 1.181949e-04 5.556730e-04
7.134004e+02 2.980134e+00 6.966528e+03 1.002645e+00 1.814258e+05 1.443740e+01 -3.890800e-02 1.254350e+01 1.247034e-04 5.920192e-04
7.356423e+02 2.927453e+00 7.083226e+03 9.641700e-01 1.844595e+05 1.467882e+01 4.972545e-02 8.516654e+00 1.164634e-04 6.027376e-04
7.585776e+02 2.873080e+00 7.206273e+03 1.024326e+00 1.809096e+05 1.439633e+01 1.127919e-01 8.221205e+00 1.193436e-04 6.178202e-04
7.822280e+02 2.818794e+00 7.340267e+03 1.069265e+00 1.818402e+05 1.447038e+01 1.725430e-02 1.574650e+01 1.184186e-04 6.412863e-04
8.066157e+02 2.766384e+00 7.486677e+03 9.912342e-01 1.629765e+05 1.296925e+01 3.650898e-04 1.408718e+01 1.175942e-04 6.154990e-04
8.317638e+02 2.715117e+00 7.649262e+03 9.963840e-01 1.648264e+05 1.311647e+01 -1.542178e-02 1.140572e+01 1.103671e-04 6.384491e-04
8.576959e+02 2.659437e+00 7.819178e+03 1.056323e+00 1.772101e+05 1.410193e+01 5.437086e-02 2.217389e+01 1.171114e-04 6.942125e-04
8.844365e+02 2.606220e+00 8.011008e+03 9.715143e-01 1.540978e+05 1.226271e+01 3.358462e-02 1.130626e+01 1.101766e-04 6.325297e-04
9.120108e+02 2.557103e+00 8.224100e+03 9.681062e-01 1.526438e+05 1.214701e+01 7.435595e-02 3.698873e+01 1.090339e-04 6.806286e-04
9.404449e+02 2.506245e+00 8.456660e+03 9.809272e-01 1.461913e+05 1.163353e+01 -8.728522e-03 7.304213e+00 1.042552e-04 6.849757e-04
9.697654e+02 2.449715e+00 8.710919e+03 9.616654e-01 1.459371e+05 1.161330e+01 1.103894e-01 4.225893e+00 1.041221e-04 6.860486e-04
