#./double_munderdamped_3d --dev=0 --amp=250.0 --omega=1 --mass=1.0 --force=0 --Dg=0.01 --block=256 --paths=1024 --periods=1000 --trans=100 --samples=10000 --spp=10000 --algorithm=euler --pav=1 --mode=moments --domain=1d --domainx=a:-1:3:300:1 --domainy=s:-1:2:100:1 --domainz=a:-1:2.5:100:1 --q=2 --eps=0 --phi=1.57079632679 --lambda=5.0 --zeta=0.2 --comp=0 --mean=1.0 --second=20.0 --skew=0.99 --distribution=s>> 1D_double_a:-1:3:300:1_20.0_5.0_0.99_1.0_1.0.dat
#a <<v>> <<v^2>> qnu(q) mu_q Dx Gx Gv EBx EBv
1.000000e-01 9.939518e-01 5.102929e+01 1.015502e+00 6.334430e+05 5.040779e+01 5.590876e-02 4.589714e-01 4.973631e-04 1.872968e-02
1.031177e-01 9.966883e-01 5.107879e+01 9.882376e-01 6.035281e+05 4.802724e+01 2.091959e-02 2.961737e-01 5.487569e-04 1.816550e-02
1.063327e-01 1.004329e+00 5.110171e+01 9.626402e-01 6.575484e+05 5.232604e+01 4.733403e-02 9.359767e-02 5.937936e-04 1.824706e-02
1.096478e-01 1.002394e+00 5.114517e+01 9.780943e-01 6.649256e+05 5.291310e+01 1.033088e-01 1.913698e-01 5.703062e-04 1.918114e-02
1.130663e-01 9.992594e-01 5.109683e+01 9.283699e-01 5.950838e+05 4.735526e+01 9.300746e-02 2.069456e-01 5.677084e-04 1.695914e-02
1.165914e-01 1.002853e+00 5.109432e+01 9.450998e-01 6.199202e+05 4.933168e+01 1.549262e-01 3.313741e-01 5.995165e-04 1.799386e-02
1.202264e-01 9.992864e-01 5.111027e+01 9.608936e-01 6.185758e+05 4.922469e+01 6.235934e-02 7.665072e-01 5.772118e-04 1.796274e-02
1.239748e-01 1.005297e+00 5.111578e+01 1.037947e+00 6.451066e+05 5.133595e+01 6.272440e-02 8.361488e-02 5.885607e-04 1.860464e-02
1.278400e-01 1.005818e+00 5.111299e+01 9.320722e-01 6.130537e+05 4.878526e+01 1.330688e-02 9.777939e-02 5.896830e-04 1.752850e-02
1.318257e-01 9.985408e-01 5.110498e+01 9.809615e-01 6.944367e+05 5.526151e+01 1.892038e-01 5.275691e-01 6.057519e-04 1.946650e-02
1.359356e-01 1.003143e+00 5.103090e+01 9.629748e-01 6.661154e+05 5.300778e+01 3.971660e-02 5.137754e-01 5.571454e-04 1.808482e-02
1.401737e-01 1.004603e+00 5.115638e+01 9.685022e-01 6.515142e+05 5.184585e+01 3.601240e-02 5.698951e-01 5.638915e-04 1.785499e-02
1.445440e-01 9.976291e-01 5.099322e+01 9.424780e-01 6.039866e+05 4.806373e+01 -1.755022e-02 4.952593e-01 5.544265e-04 1.779189e-02
1.490505e-01 1.000327e+00 5.107638e+01 9.297359e-01 6.446491e+05 5.129955e+01 9.398340e-02 3.013738e-01 5.506430e-04 1.825296e-02
1.536975e-01 1.003504e+00 5.107370e+01 9.897498e-01 6.397862e+05 5.091257e+01 9.880482e-03 3.139347e-01 5.450887e-04 1.796785e-02
1.584893e-01 1.001404e+00 5.111885e+01 1.042024e+00 6.633925e+05 5.279110e+01 6.407081e-02 2.129438e-01 5.573273e-04 1.890837e-02
1.634306e-01 9.981433e-01 5.110313e+01 1.010200e+00 6.301311e+05 5.014423e+01 1.013476e-01 2.926892e-01 5.705304e-04 1.789680e-02
1.685259e-01 9.992796e-01 5.112756e+01 9.643745e-01 6.335160e+05 5.041360e+01 1.425768e-01 2.645461e-01 5.902086e-04 1.838913e-02
1.737801e-01 9.983287e-01 5.115404e+01 9.998149e-01 6.349088e+05 5.052444e+01 9.242407e-02 1.943696e-01 5.822441e-04 1.777145e-02
1.791981e-01 1.002287e+00 5.113712e+01 1.000547e+00 6.258723e+05 4.980533e+01 -2.100568e-02 1.336077e-01 5.661097e-04 1.760281e-02
1.847850e-01 9.976049e-01 5.114089e+01 9.268621e-01 5.684465e+05 4.523553e+01 3.859683e-02 6.208874e-02 5.926768e-04 1.691849e-02
1.905461e-01 9.968883e-01 5.111148e+01 9.331621e-01 6.730285e+05 5.355790e+01 1.453863e-01 3.565086e-01 6.055292e-04 1.941219e-02
1.964868e-01 9.956618e-01 5.102628e+01 9.727114e-01 5.994883e+05 4.770577e+01 4.817031e-02 2.261982e-01 5.729677e-04 1.721393e-02
2.026127e-01 1.001733e+00 5.111629e+01 9.848853e-01 6.820112e+05 5.427272e+01 3.128583e-02 4.464273e-01 5.901498e-04 1.889784e-02
2.089296e-01 1.003026e+00 5.106473e+01 9.522436e-01 6.105260e+05 4.858411e+01 8.083506e-02 7.601339e-02 5.423880e-04 1.678621e-02
2.154435e-01 9.923871e-01 5.110413e+01 9.526207e-01 5.870269e+05 4.671411e+01 1.064661e-01 5.260410e-01 5.107284e-04 1.721029e-02
2.221604e-01 9.994799e-01 5.110446e+01 9.306567e-01 6.366392e+05 5.066213e+01 1.021895e-01 1.089684e-01 5.896113e-04 1.809623e-02
2.290868e-01 1.008833e+00 5.112097e+01 9.362258e-01 6.304684e+05 5.017108e+01 1.331733e-01 1.880693e-01 6.058714e-04 1.765650e-02
2.362291e-01 1.005906e+00 5.104647e+01 9.131702e-01 6.086143e+05 4.843198e+01 1.219798e-01 5.070540e-01 5.756396e-04 1.701378e-02
2.435940e-01 1.003541e+00 5.112806e+01 9.267650e-01 5.791051e+05 4.608372e+01 1.389582e-01 4.612128e-01 5.427588e-04 1.654305e-02
2.511886e-01 9.990864e-01 5.113442e+01 9.224276e-01 5.719114e+05 4.551126e+01 9.159674e-02 3.061020e-01 5.857188e-04 1.629925e-02
2.590200e-01 1.002798e+00 5.114068e+01 9.718573e-01 6.495662e+05 5.169083e+01 -1.404989e-02 2.619220e-01 5.685632e-04 1.834215e-02
2.670956e-01 9.987745e-01 5.107755e+01 9.360370e-01 5.884211e+05 4.682506e+01 3.017962e-02 3.012486e-01 5.856625e-04 1.660106e-02
2.754229e-01 1.010618e+00 5.113412e+01 9.951965e-01 6.668452e+05 5.306586e+01 8.022554e-02 1.052165e-01 5.761191e-04 1.836385e-02
2.840098e-01 1.003411e+00 5.117613e+01 9.122800e-01 5.921753e+05 4.712382e+01 1.139753e-01 1.535359e-01 6.013834e-04 1.685556e-02
2.928645e-01 9.957042e-01 5.107581e+01 9.462898e-01 6.075445e+05 4.834685e+01 2.353849e-02 3.428151e-01 5.559289e-04 1.761772e-02
3.019952e-01 1.000302e+00 5.108330e+01 1.031561e+00 6.804966e+05 5.415220e+01 9.823438e-02 4.203607e-01 5.904440e-04 1.920457e-02
3.114106e-01 9.979506e-01 5.112194e+01 1.019617e+00 6.577919e+05 5.234542e+01 7.341236e-02 5.047248e-02 5.922701e-04 1.895997e-02
3.211195e-01 9.993041e-01 5.107302e+01 9.973533e-01 6.532364e+05 5.198290e+01 1.028904e-01 1.730943e-01 5.820187e-04 1.848692e-02
3.311311e-01 9.948265e-01 5.104785e+01 8.932230e-01 6.102936e+05 4.856562e+01 -3.980701e-03 2.103115e-01 5.781226e-04 1.826828e-02
3.414549e-01 1.009007e+00 5.114306e+01 9.914155e-01 6.821143e+05 5.428093e+01 1.348255e-01 2.339315e-01 5.564538e-04 1.842926e-02
3.521005e-01 1.001168e+00 5.111856e+01 9.642389e-01 6.690005e+05 5.323737e+01 4.511192e-02 2.166183e-01 5.913939e-04 1.890216e-02
3.630781e-01 9.985057e-01 5.110111e+01 9.536698e-01 6.431735e+05 5.118212e+01 1.094528e-01 1.939077e-01 5.576008e-04 1.808996e-02
3.743978e-01 1.002304e+00 5.107295e+01 9.608531e-01 6.369723e+05 5.068864e+01 9.408191e-02 9.397166e-02 5.906187e-04 1.813788e-02
3.860705e-01 1.003565e+00 5.109674e+01 9.982351e-01 6.608331e+05 5.258742e+01 -2.336467e-03 4.761064e-01 5.749787e-04 1.880452e-02
3.981072e-01 9.939656e-01 5.109628e+01 9.023618e-01 5.893950e+05 4.690256e+01 -2.136986e-03 1.890682e-01 6.124868e-04 1.728924e-02
4.105191e-01 9.991294e-01 5.113026e+01 9.765043e-01 6.241245e+05 4.966625e+01 1.104638e-01 1.980364e-01 5.758585e-04 1.818290e-02
4.233179e-01 1.000343e+00 5.111292e+01 9.222522e-01 6.239889e+05 4.965545e+01 1.432185e-01 2.725831e-01 5.425923e-04 1.733202e-02
4.365158e-01 1.000624e+00 5.110241e+01 9.513471e-01 6.294336e+05 5.008873e+01 5.311768e-02 6.833081e-01 5.757196e-04 1.758601e-02
4.501252e-01 1.002442e+00 5.108917e+01 9.862056e-01 6.151500e+05 4.895208e+01 -4.485547e-03 2.084960e-01 5.820206e-04 1.741536e-02
4.641589e-01 1.008772e+00 5.104361e+01 9.710396e-01 5.888148e+05 4.685639e+01 3.874180e-02 3.231635e-01 5.554263e-04 1.666711e-02
4.786301e-01 1.003805e+00 5.115872e+01 9.653112e-01 6.211957e+05 4.943318e+01 -5.681955e-02 1.808944e-01 5.536590e-04 1.783287e-02
4.935525e-01 1.000343e+00 5.109389e+01 1.050754e+00 6.929236e+05 5.514111e+01 7.520473e-02 1.518788e-01 5.726358e-04 1.959004e-02
5.089401e-01 1.006274e+00 5.109042e+01 1.000960e+00 6.678314e+05 5.314433e+01 1.812574e-01 1.641569e-01 5.781878e-04 1.880608e-02
5.248075e-01 9.992801e-01 5.111442e+01 1.007808e+00 6.639288e+05 5.283377e+01 -1.669737e-02 2.275521e-01 6.046453e-04 1.928559e-02
5.411695e-01 1.002832e+00 5.108275e+01 9.681109e-01 6.630636e+05 5.276493e+01 8.787542e-02 2.238312e-01 5.564114e-04 1.849297e-02
5.580417e-01 1.001737e+00 5.114551e+01 9.507008e-01 6.170440e+05 4.910280e+01 1.013401e-01 4.368294e-01 5.969133e-04 1.766340e-02
5.754399e-01 9.922286e-01 5.102134e+01 9.647241e-01 6.873484e+05 5.469745e+01 2.399384e-03 1.886931e-01 5.479147e-04 1.951809e-02
5.933806e-01 9.955157e-01 5.113028e+01 9.830550e-01 6.050920e+05 4.815169e+01 7.146883e-02 2.384147e-01 5.258412e-04 1.750021e-02
6.118806e-01 9.999025e-01 5.108666e+01 9.539634e-01 6.407877e+05 5.099227e+01 1.253048e-01 1.674730e-01 5.503665e-04 1.795517e-02
6.309573e-01 1.001489e+00 5.105823e+01 9.846393e-01 6.718327e+05 5.346275e+01 1.087173e-01 3.660322e-01 5.959269e-04 1.878680e-02
6.506289e-01 1.005415e+00 5.116866e+01 9.670567e-01 6.429013e+05 5.116046e+01 1.090280e-01 1.128849e-01 5.667960e-04 1.813916e-02
6.709137e-01 1.005017e+00 5.107253e+01 9.470916e-01 6.311579e+05 5.022595e+01 4.820147e-02 4.110997e-01 5.687933e-04 1.728454e-02
6.918310e-01 1.005103e+00 5.104893e+01 9.340912e-01 6.022549e+05 4.792592e+01 6.225938e-02 2.324866e-01 5.847280e-04 1.648090e-02
7.134004e-01 9.996196e-01 5.111806e+01 1.012568e+00 6.801163e+05 5.412193e+01 1.246749e-01 3.671932e-01 5.666024e-04 1.924488e-02
7.356423e-01 9.975388e-01 5.106368e+01 9.934370e-01 6.383429e+05 5.079771e+01 6.954992e-02 2.928820e-01 5.569193e-04 1.843863e-02
7.585776e-01 1.001998e+00 5.108236e+01 1.000994e+00 6.478833e+05 5.155691e+01 9.418967e-02 4.452378e-01 5.876732e-04 1.828928e-02
7.822280e-01 1.006048e+00 5.105953e+01 9.567838e-01 6.265075e+05 4.985588e+01 7.362608e-02 2.239290e-01 5.827245e-04 1.781461e-02
8.066157e-01 1.004851e+00 5.112417e+01 9.825579e-01 7.010385e+05 5.578687e+01 1.153593e-01 1.206569e-01 5.596065e-04 1.994519e-02
8.317638e-01 9.960120e-01 5.104826e+01 9.869698e-01 6.065941e+05 4.827123e+01 -1.336208e-02 2.881569e-01 5.351959e-04 1.762852e-02
8.576959e-01 1.004555e+00 5.110538e+01 1.038351e+00 6.778830e+05 5.394421e+01 6.356470e-02 1.582103e-01 5.550646e-04 1.866617e-02
8.844365e-01 1.004003e+00 5.111789e+01 9.732557e-01 6.726356e+05 5.352664e+01 1.649180e-02 1.417010e-01 5.332315e-04 1.902649e-02
9.120108e-01 1.000170e+00 5.103229e+01 9.472076e-01 5.893166e+05 4.689632e+01 2.003150e-02 3.769988e-01 5.530074e-04 1.629722e-02
9.404449e-01 1.003032e+00 5.109074e+01 9.491098e-01 6.461628e+05 5.142000e+01 1.004045e-01 4.298940e-01 5.827304e-04 1.793284e-02
9.697654e-01 1.001044e+00 5.109580e+01 9.823158e-01 6.391080e+05 5.085860e+01 1.441898e-01 2.628879e-01 5.615878e-04 1.820866e-02
1.000000e+00 1.004901e+00 5.111362e+01 9.552426e-01 6.250987e+05 4.974377e+01 4.480563e-02 1.278634e-01 5.541246e-04 1.768145e-02
1.031177e+00 1.003979e+00 5.112768e+01 9.350711e-01 6.110039e+05 4.862215e+01 3.242603e-03 2.223746e-02 5.570929e-04 1.684233e-02
1.063327e+00 1.006083e+00 5.107580e+01 9.393720e-01 6.226969e+05 4.955265e+01 -2.062811e-02 3.786582e-01 5.816737e-04 1.724472e-02
1.096478e+00 1.006750e+00 5.110104e+01 9.715517e-01 6.298738e+05 5.012376e+01 -1.901003e-02 3.212965e-01 5.581771e-04 1.804696e-02
1.130663e+00 1.002097e+00 5.103205e+01 1.031001e+00 6.430437e+05 5.117179e+01 1.738921e-02 1.773294e-01 5.706304e-04 1.846686e-02
1.165914e+00 9.992053e-01 5.107434e+01 9.524104e-01 6.111341e+05 4.863250e+01 1.102623e-01 2.017774e-01 5.469511e-04 1.715651e-02
1.202264e+00 1.003670e+00 5.110648e+01 9.631932e-01 6.332790e+05 5.039474e+01 9.351601e-02 3.307404e-01 5.603206e-04 1.805220e-02
1.239748e+00 1.001419e+00 5.106316e+01 9.790632e-01 6.170483e+05 4.910314e+01 7.185830e-02 8.642124e-02 5.439573e-04 1.774576e-02
1.278400e+00 9.986191e-01 5.111530e+01 9.463188e-01 6.297681e+05 5.011535e+01 -2.272176e-02 2.939296e-01 6.057432e-04 1.805836e-02
1.318257e+00 1.003027e+00 5.112338e+01 1.018279e+00 6.840253e+05 5.443300e+01 2.303477e-02 1.094919e-01 5.899209e-04 1.914267e-02
1.359356e+00 1.001848e+00 5.108914e+01 9.668658e-01 6.579004e+05 5.235405e+01 -3.430484e-02 1.576444e-01 5.138267e-04 1.814948e-02
1.401737e+00 1.004349e+00 5.105900e+01 9.703037e-01 6.401767e+05 5.094364e+01 6.544301e-02 1.501544e-01 5.519561e-04 1.798476e-02
1.445440e+00 1.007173e+00 5.113530e+01 9.646577e-01 6.445828e+05 5.129427e+01 -4.819523e-02 9.773722e-02 5.834491e-04 1.792343e-02
1.490505e+00 9.995043e-01 5.112509e+01 1.021277e+00 6.430464e+05 5.117201e+01 1.853349e-01 3.841911e-01 5.798979e-04 1.838235e-02
1.536975e+00 9.989634e-01 5.109944e+01 9.186717e-01 5.970950e+05 4.751531e+01 6.279173e-02 3.776013e-01 5.859013e-04 1.691163e-02
1.584893e+00 1.002032e+00 5.111239e+01 9.542357e-01 6.375401e+05 5.073383e+01 -1.780885e-02 2.233910e-01 5.841354e-04 1.776372e-02
1.634306e+00 1.003298e+00 5.100785e+01 9.589516e-01 6.171388e+05 4.911035e+01 6.335057e-02 4.603696e-01 5.728696e-04 1.706870e-02
1.685259e+00 1.004917e+00 5.111819e+01 9.842874e-01 6.532195e+05 5.198155e+01 1.080478e-01 3.301107e-01 5.721193e-04 1.838952e-02
1.737801e+00 1.005186e+00 5.112963e+01 9.470214e-01 6.044406e+05 4.809985e+01 -5.214072e-02 5.359895e-01 5.568491e-04 1.738412e-02
1.791981e+00 9.998529e-01 5.106091e+01 9.675194e-01 6.567851e+05 5.226529e+01 -2.056804e-02 3.524171e-01 5.880693e-04 1.844923e-02
1.847850e+00 1.004293e+00 5.107214e+01 9.361576e-01 6.119330e+05 4.869608e+01 1.179733e-01 2.051033e-01 5.570146e-04 1.729321e-02
1.905461e+00 1.004759e+00 5.117519e+01 9.807478e-01 6.442827e+05 5.127038e+01 7.179957e-02 3.599150e-01 5.799882e-04 1.812089e-02
1.964868e+00 1.003211e+00 5.109577e+01 9.222930e-01 6.269383e+05 4.989016e+01 1.043912e-02 1.743575e-01 5.946857e-04 1.755329e-02
2.026127e+00 1.008173e+00 5.113262e+01 9.395356e-01 6.236199e+05 4.962609e+01 -4.048416e-02 2.085978e-01 5.926229e-04 1.734906e-02
2.089296e+00 1.005869e+00 5.112853e+01 9.712962e-01 6.181889e+05 4.919391e+01 -1.855324e-02 2.672127e-01 5.566013e-04 1.756435e-02
2.154435e+00 1.010530e+00 5.113500e+01 9.848128e-01 6.465107e+05 5.144769e+01 -4.564311e-03 2.104504e-01 5.723213e-04 1.848016e-02
2.221604e+00 1.012977e+00 5.107571e+01 9.564027e-01 6.346840e+05 5.050655e+01 -2.831364e-02 3.045047e-01 5.707906e-04 1.734546e-02
2.290868e+00 1.008574e+00 5.107592e+01 9.738243e-01 6.354026e+05 5.056373e+01 -6.004573e-02 2.721439e-01 5.543571e-04 1.764819e-02
2.362291e+00 1.010512e+00 5.104561e+01 9.459144e-01 6.079840e+05 4.838183e+01 1.431789e-02 3.486734e-01 5.534398e-04 1.652108e-02
2.435940e+00 1.002864e+00 5.109011e+01 9.666245e-01 6.138935e+05 4.885209e+01 7.963979e-02 1.524192e-01 5.340072e-04 1.772219e-02
2.511886e+00 1.005880e+00 5.113416e+01 9.592317e-01 6.191086e+05 4.926709e+01 1.079930e-01 2.715704e-01 5.551439e-04 1.710902e-02
2.590200e+00 1.003564e+00 5.113012e+01 1.026336e+00 6.587378e+05 5.242068e+01 3.410556e-03 1.771889e-01 5.619365e-04 1.844321e-02
2.670956e+00 1.007354e+00 5.111808e+01 9.481465e-01 6.053321e+05 4.817080e+01 2.785324e-02 1.343905e-01 5.549025e-04 1.683900e-02
2.754229e+00 1.009080e+00 5.108349e+01 9.886143e-01 6.189199e+05 4.925208e+01 3.355418e-02 2.982142e-01 5.933357e-04 1.767458e-02
2.840098e+00 1.007741e+00 5.108236e+01 9.746127e-01 6.288035e+05 5.003859e+01 9.197583e-02 8.131193e-02 5.956795e-04 1.815101e-02
2.928645e+00 1.016221e+00 5.110545e+01 9.562303e-01 6.017221e+05 4.788352e+01 2.742432e-02 6.187700e-01 5.397977e-04 1.682390e-02
3.019952e+00 1.009695e+00 5.112371e+01 1.014080e+00 6.624371e+05 5.271507e+01 4.768642e-03 2.395862e-01 5.956892e-04 1.869442e-02
3.114106e+00 1.014383e+00 5.108106e+01 8.879199e-01 5.739069e+05 4.567006e+01 1.225135e-01 8.356603e-02 5.907403e-04 1.599037e-02
3.211195e+00 1.017112e+00 5.116397e+01 9.280557e-01 5.878559e+05 4.678008e+01 8.711081e-02 2.841062e-01 6.093053e-04 1.590964e-02
3.311311e+00 1.009212e+00 5.109946e+01 9.683120e-01 6.113714e+05 4.865139e+01 7.171629e-02 2.773920e-01 5.478179e-04 1.736013e-02
3.414549e+00 1.019297e+00 5.120832e+01 9.554643e-01 6.312532e+05 5.023353e+01 -5.464641e-03 1.803929e-01 6.432281e-04 1.724611e-02
3.521005e+00 1.014450e+00 5.112461e+01 9.476332e-01 5.981318e+05 4.759782e+01 3.989613e-02 5.154751e-01 5.905127e-04 1.672799e-02
3.630781e+00 1.019935e+00 5.111650e+01 9.127145e-01 5.834859e+05 4.643233e+01 1.583409e-01 2.385220e-01 5.878230e-04 1.587219e-02
3.743978e+00 1.023496e+00 5.119906e+01 9.872563e-01 6.013920e+05 4.785725e+01 -4.042446e-03 4.667894e-01 5.878515e-04 1.639633e-02
3.860705e+00 1.016862e+00 5.114987e+01 9.578197e-01 6.214044e+05 4.944979e+01 6.282215e-02 1.881640e-01 5.387862e-04 1.747501e-02
3.981072e+00 1.023045e+00 5.107208e+01 9.840892e-01 6.265981e+05 4.986309e+01 1.583929e-02 2.252441e-01 5.841146e-04 1.702196e-02
4.105191e+00 1.014194e+00 5.110786e+01 9.053485e-01 5.834606e+05 4.643032e+01 8.532677e-02 1.969166e-01 5.661942e-04 1.571971e-02
4.233179e+00 1.016486e+00 5.110530e+01 9.609438e-01 5.929464e+05 4.718518e+01 2.024094e-01 2.151540e-01 5.917530e-04 1.585387e-02
4.365158e+00 1.027588e+00 5.115432e+01 1.016159e+00 6.184419e+05 4.921404e+01 1.298752e-01 2.038225e-01 6.075356e-04 1.712903e-02
4.501252e+00 1.015521e+00 5.107004e+01 9.735914e-01 6.334386e+05 5.040744e+01 -7.033781e-03 4.344785e-01 5.781029e-04 1.755227e-02
4.641589e+00 1.026875e+00 5.113993e+01 9.908799e-01 6.644597e+05 5.287602e+01 8.086540e-02 2.220987e-01 5.660652e-04 1.752910e-02
4.786301e+00 1.018430e+00 5.116212e+01 9.613335e-01 6.176952e+05 4.915462e+01 5.413985e-02 5.052980e-01 5.552920e-04 1.706878e-02
4.935525e+00 1.025701e+00 5.114324e+01 9.629409e-01 6.487899e+05 5.162906e+01 -3.523812e-02 1.615186e-01 5.686165e-04 1.689774e-02
5.089401e+00 1.023533e+00 5.110190e+01 9.300004e-01 5.705059e+05 4.539942e+01 5.438477e-02 2.942024e-01 5.727793e-04 1.528401e-02
5.248075e+00 1.018528e+00 5.112207e+01 9.103136e-01 5.375543e+05 4.277721e+01 6.983185e-02 8.588525e-02 5.470523e-04 1.453980e-02
5.411695e+00 1.031263e+00 5.118508e+01 9.428148e-01 5.834641e+05 4.643060e+01 3.282971e-02 2.438234e-01 5.647795e-04 1.566255e-02
5.580417e+00 1.030628e+00 5.113431e+01 9.862611e-01 6.220152e+05 4.949840e+01 -4.495165e-02 3.433818e-01 5.817248e-04 1.668999e-02
5.754399e+00 1.025241e+00 5.115896e+01 9.552361e-01 6.037448e+05 4.804448e+01 -6.327014e-02 2.919827e-01 6.164671e-04 1.616219e-02
5.933806e+00 1.032741e+00 5.112855e+01 9.833949e-01 6.349926e+05 5.053111e+01 -3.592779e-02 1.460385e-01 5.560814e-04 1.645235e-02
6.118806e+00 1.030600e+00 5.112381e+01 9.268920e-01 5.811351e+05 4.624526e+01 5.781326e-02 2.888810e-01 5.572453e-04 1.560338e-02
6.309573e+00 1.036770e+00 5.114975e+01 9.658316e-01 5.951858e+05 4.736338e+01 1.100297e-01 3.226349e-01 6.059325e-04 1.550854e-02
6.506289e+00 1.035367e+00 5.114809e+01 9.474729e-01 5.696793e+05 4.533364e+01 1.058941e-01 3.892902e-01 5.743813e-04 1.487101e-02
6.709137e+00 1.039164e+00 5.118958e+01 9.715906e-01 5.823321e+05 4.634052e+01 2.997559e-02 3.030857e-01 5.680948e-04 1.547733e-02
6.918310e+00 1.037767e+00 5.115003e+01 9.852787e-01 6.230911e+05 4.958401e+01 -4.985465e-03 1.132123e-01 5.968748e-04 1.558260e-02
7.134004e+00 1.041554e+00 5.115658e+01 1.002200e+00 6.059118e+05 4.821693e+01 1.007808e-01 2.388951e-01 5.759706e-04 1.574925e-02
7.356423e+00 1.041496e+00 5.110683e+01 9.765877e-01 5.871578e+05 4.672453e+01 -2.221799e-02 8.097424e-02 5.440894e-04 1.535320e-02
7.585776e+00 1.037223e+00 5.113144e+01 9.810504e-01 6.025276e+05 4.794762e+01 1.516671e-02 1.133168e-01 5.560591e-04 1.579604e-02
7.822280e+00 1.041506e+00 5.109224e+01 1.074242e+00 6.294254e+05 5.008808e+01 4.080605e-02 2.933928e-01 5.908331e-04 1.669690e-02
8.066157e+00 1.055174e+00 5.115491e+01 9.784058e-01 6.097463e+05 4.852207e+01 5.231772e-02 2.834967e-01 5.845912e-04 1.504343e-02
8.317638e+00 1.051909e+00 5.113202e+01 1.018204e+00 5.635658e+05 4.484714e+01 -4.135950e-02 1.480563e-01 5.054816e-04 1.438855e-02
8.576959e+00 1.053858e+00 5.115022e+01 1.022821e+00 5.685436e+05 4.524326e+01 6.226814e-02 2.835034e-01 5.390074e-04 1.450423e-02
8.844365e+00 1.052956e+00 5.120418e+01 9.593629e-01 5.596983e+05 4.453937e+01 4.260936e-02 1.856024e-01 5.771714e-04 1.442299e-02
9.120108e+00 1.058264e+00 5.117949e+01 9.609880e-01 5.598477e+05 4.455127e+01 8.317450e-02 1.536811e-01 5.433139e-04 1.380873e-02
9.404449e+00 1.050012e+00 5.116686e+01 1.033068e+00 5.671930e+05 4.513578e+01 1.550089e-01 3.184105e-01 5.652892e-04 1.483680e-02
9.697654e+00 1.057096e+00 5.119371e+01 1.001700e+00 5.529540e+05 4.400268e+01 7.267374e-02 1.691958e-01 5.668616e-04 1.363416e-02
1.000000e+01 1.062259e+00 5.124246e+01 9.868735e-01 5.694373e+05 4.531438e+01 1.508091e-01 1.839883e-01 6.082613e-04 1.436572e-02
1.031177e+01 1.060115e+00 5.115330e+01 9.746244e-01 5.114710e+05 4.070156e+01 6.232445e-02 2.205851e-01 5.482858e-04 1.285162e-02
1.063327e+01 1.062401e+00 5.119135e+01 9.464184e-01 5.111390e+05 4.067515e+01 1.300745e-01 3.674377e-01 5.433165e-04 1.300438e-02
1.096478e+01 1.061775e+00 5.110604e+01 9.983554e-01 5.510685e+05 4.385264e+01 1.032629e-01 4.727707e-01 5.461912e-04 1.434122e-02
1.130663e+01 1.066124e+00 5.118788e+01 9.776246e-01 5.140158e+05 4.090408e+01 4.766417e-02 7.838962e-02 5.170699e-04 1.282850e-02
1.165914e+01 1.064097e+00 5.115461e+01 1.021068e+00 5.317859e+05 4.231818e+01 5.809027e-03 4.120828e-01 5.777757e-04 1.268357e-02
1.202264e+01 1.067427e+00 5.117222e+01 1.011685e+00 5.112839e+05 4.068668e+01 -4.289735e-03 1.840529e-01 5.763731e-04 1.232417e-02
1.239748e+01 1.068660e+00 5.123515e+01 9.145059e-01 4.617630e+05 3.674593e+01 -3.659644e-02 2.384733e-01 5.498925e-04 1.185546e-02
1.278400e+01 1.069245e+00 5.112971e+01 9.784662e-01 4.720890e+05 3.756765e+01 6.085026e-02 1.145040e-01 5.355973e-04 1.167176e-02
1.318257e+01 1.065912e+00 5.118627e+01 9.652197e-01 4.602879e+05 3.662855e+01 7.821398e-02 2.734547e-01 5.107798e-04 1.128393e-02
1.359356e+01 1.071088e+00 5.119125e+01 1.040465e+00 4.798303e+05 3.818368e+01 5.256847e-02 2.364368e-01 5.917600e-04 1.217098e-02
1.401737e+01 1.066456e+00 5.120931e+01 9.810108e-01 4.771317e+05 3.796893e+01 -6.758193e-02 1.370372e-01 6.026389e-04 1.212209e-02
1.445440e+01 1.071572e+00 5.117995e+01 9.808775e-01 4.623124e+05 3.678965e+01 1.387109e-01 6.175457e-02 5.076876e-04 1.110593e-02
1.490505e+01 1.076967e+00 5.124878e+01 9.709539e-01 4.903519e+05 3.902096e+01 3.553973e-02 4.042902e-01 5.389462e-04 1.143354e-02
1.536975e+01 1.068284e+00 5.120649e+01 1.030832e+00 4.560329e+05 3.628995e+01 9.452101e-02 2.166773e-01 5.496566e-04 1.190485e-02
1.584893e+01 1.076135e+00 5.123166e+01 1.003141e+00 4.541970e+05 3.614385e+01 9.498885e-02 2.662835e-01 5.678333e-04 1.115842e-02
1.634306e+01 1.077702e+00 5.130443e+01 1.010086e+00 4.815578e+05 3.832115e+01 2.605118e-01 1.702634e-01 5.846530e-04 1.140514e-02
1.685259e+01 1.076648e+00 5.130852e+01 9.640640e-01 4.603601e+05 3.663429e+01 6.336701e-02 3.877626e-01 5.847015e-04 1.112724e-02
1.737801e+01 1.066478e+00 5.127596e+01 1.048304e+00 4.600444e+05 3.660917e+01 9.099827e-02 3.353478e-01 5.269010e-04 1.134456e-02
1.791981e+01 1.063416e+00 5.129167e+01 9.726601e-01 4.492917e+05 3.575349e+01 3.072726e-01 3.667907e-02 5.610857e-04 1.087159e-02
1.847850e+01 1.064181e+00 5.123187e+01 1.023565e+00 4.054151e+05 3.226191e+01 1.782567e-02 2.901657e-01 5.441862e-04 1.038262e-02
1.905461e+01 1.059685e+00 5.131330e+01 1.020794e+00 4.444370e+05 3.536717e+01 -5.124981e-02 1.500797e-01 5.787961e-04 1.103425e-02
1.964868e+01 1.057921e+00 5.129617e+01 1.027158e+00 4.334943e+05 3.449638e+01 1.789425e-01 1.428616e-01 5.680847e-04 1.101655e-02
2.026127e+01 1.059527e+00 5.128250e+01 9.918238e-01 3.889182e+05 3.094912e+01 6.269810e-02 5.399959e-01 5.677220e-04 9.772522e-03
2.089296e+01 1.056985e+00 5.128762e+01 9.283320e-01 3.679445e+05 2.928009e+01 2.491899e-02 1.132455e-01 5.408484e-04 9.270121e-03
2.154435e+01 1.048670e+00 5.128013e+01 9.410435e-01 3.413441e+05 2.716330e+01 1.610737e-01 3.891388e-01 5.807843e-04 8.946232e-03
2.221604e+01 1.047510e+00 5.125459e+01 1.006903e+00 3.661360e+05 2.913618e+01 6.861699e-03 3.705834e-01 6.102619e-04 9.712090e-03
2.290868e+01 1.040721e+00 5.131644e+01 1.008990e+00 3.951676e+05 3.144643e+01 -3.562761e-02 1.485152e-01 6.028953e-04 1.020880e-02
2.362291e+01 1.043583e+00 5.135196e+01 1.022404e+00 3.647079e+05 2.902253e+01 1.115961e-02 2.802674e-01 5.768695e-04 9.752363e-03
2.435940e+01 1.035131e+00 5.135723e+01 9.261616e-01 3.438109e+05 2.735960e+01 -6.892218e-02 2.164897e-01 5.585995e-04 9.301244e-03
2.511886e+01 1.026310e+00 5.128020e+01 1.018958e+00 3.809528e+05 3.031526e+01 7.918687e-02 9.031618e-01 5.580923e-04 1.029872e-02
2.590200e+01 1.026424e+00 5.137384e+01 9.510158e-01 3.229291e+05 2.569788e+01 5.597500e-02 6.098479e-01 5.428090e-04 8.848840e-03
2.670956e+01 1.017508e+00 5.141040e+01 9.589790e-01 3.122162e+05 2.484538e+01 1.346369e-02 2.412763e-01 5.583762e-04 8.398086e-03
2.754229e+01 1.010882e+00 5.131418e+01 9.730092e-01 2.992929e+05 2.381697e+01 -1.666742e-02 2.715833e-02 5.237749e-04 8.297591e-03
2.840098e+01 1.002789e+00 5.137370e+01 9.262864e-01 2.594782e+05 2.064862e+01 6.523023e-03 3.790429e-01 5.604890e-04 7.499416e-03
2.928645e+01 9.921044e-01 5.138227e+01 9.136039e-01 2.813682e+05 2.239057e+01 -2.126463e-02 1.410287e-01 5.502529e-04 8.138305e-03
3.019952e+01 9.886587e-01 5.141741e+01 9.133937e-01 2.746127e+05 2.185298e+01 -7.183141e-03 2.756010e-01 5.560114e-04 7.924676e-03
3.114106e+01 9.788453e-01 5.151295e+01 9.259122e-01 2.827863e+05 2.250342e+01 4.608313e-02 1.654101e-01 5.648242e-04 8.213115e-03
3.211195e+01 9.661838e-01 5.138234e+01 1.022867e+00 2.995965e+05 2.384113e+01 1.110575e-01 2.847510e-01 5.541138e-04 9.064292e-03
3.311311e+01 9.596092e-01 5.147379e+01 1.047880e+00 2.836249e+05 2.257015e+01 5.974838e-02 3.606951e-01 5.855226e-04 8.982384e-03
3.414549e+01 9.406139e-01 5.137609e+01 1.003331e+00 2.508162e+05 1.995932e+01 -2.564454e-02 2.248552e-01 5.327762e-04 8.017689e-03
3.521005e+01 9.252583e-01 5.142699e+01 1.018498e+00 2.763710e+05 2.199291e+01 -1.475436e-02 9.762965e-02 5.529661e-04 9.252481e-03
3.630781e+01 9.193033e-01 5.148883e+01 9.620788e-01 2.576011e+05 2.049924e+01 9.115640e-02 1.687502e-01 5.818779e-04 8.762496e-03
3.743978e+01 9.059455e-01 5.137186e+01 9.597500e-01 2.472598e+05 1.967631e+01 7.437465e-02 1.127850e-01 5.633853e-04 8.756556e-03
3.860705e+01 8.905609e-01 5.145301e+01 9.673667e-01 2.079900e+05 1.655132e+01 1.192227e-02 3.268830e-02 5.873243e-04 7.520938e-03
3.981072e+01 8.845664e-01 5.144594e+01 9.692472e-01 2.096065e+05 1.667996e+01 -4.320085e-02 2.270638e-01 5.562584e-04 7.731351e-03
4.105191e+01 8.654812e-01 5.144577e+01 9.479132e-01 1.991290e+05 1.584619e+01 -1.340062e-02 1.667713e-01 5.644643e-04 7.464594e-03
4.233179e+01 8.579285e-01 5.152344e+01 9.449062e-01 2.027015e+05 1.613047e+01 1.149042e-01 4.227740e-01 5.982463e-04 7.952216e-03
4.365158e+01 8.383329e-01 5.154261e+01 8.925777e-01 1.831703e+05 1.457623e+01 9.783404e-04 1.641359e-01 5.354838e-04 7.281240e-03
4.501252e+01 8.231572e-01 5.155243e+01 9.333260e-01 1.687529e+05 1.342893e+01 3.076032e-02 1.212951e-01 5.441792e-04 7.266343e-03
4.641589e+01 8.053841e-01 5.153205e+01 9.135430e-01 1.793355e+05 1.427106e+01 5.912264e-02 4.665313e-01 5.766441e-04 7.547789e-03
4.786301e+01 7.857163e-01 5.143637e+01 9.143783e-01 1.622349e+05 1.291024e+01 1.542678e-01 1.719881e-01 5.156418e-04 7.156863e-03
4.935525e+01 7.625677e-01 5.148698e+01 1.002684e+00 1.738200e+05 1.383216e+01 1.037545e-01 1.358902e-01 5.679516e-04 8.339663e-03
5.089401e+01 7.497358e-01 5.147161e+01 9.809827e-01 1.740509e+05 1.385053e+01 9.638742e-02 1.235909e-01 5.498409e-04 8.781499e-03
5.248075e+01 7.279516e-01 5.148179e+01 1.030782e+00 1.683656e+05 1.339811e+01 5.036819e-02 1.519955e-01 5.473796e-04 8.706623e-03
5.411695e+01 7.079540e-01 5.151285e+01 9.645899e-01 1.461392e+05 1.162939e+01 1.840205e-01 3.484155e-01 5.327669e-04 8.251915e-03
5.580417e+01 6.900208e-01 5.156952e+01 9.977661e-01 1.562525e+05 1.243418e+01 2.979629e-02 8.211641e-02 5.783935e-04 9.114421e-03
5.754399e+01 6.718993e-01 5.156539e+01 9.667332e-01 1.429428e+05 1.137502e+01 -7.049470e-02 1.689321e-01 5.594037e-04 8.816123e-03
5.933806e+01 6.486160e-01 5.146530e+01 1.067744e+00 1.440194e+05 1.146070e+01 -9.750447e-02 2.623134e-01 4.845966e-04 9.444584e-03
6.118806e+01 6.317032e-01 5.163509e+01 1.085148e+00 1.539175e+05 1.224836e+01 -7.661698e-02 3.829938e-01 6.041042e-04 1.045587e-02
6.309573e+01 6.194209e-01 5.177978e+01 9.760121e-01 1.262230e+05 1.004450e+01 1.869376e-02 1.897799e-01 5.799727e-04 9.594741e-03
6.506289e+01 5.938988e-01 5.165800e+01 9.861976e-01 1.219402e+05 9.703689e+00 2.384685e-01 2.101676e-01 5.837737e-04 9.773184e-03
6.709137e+01 5.782404e-01 5.183373e+01 9.863802e-01 1.177766e+05 9.372368e+00 -4.303278e-02 2.525657e-02 5.744217e-04 9.640799e-03
6.918310e+01 5.589408e-01 5.192435e+01 1.000917e+00 1.136406e+05 9.043228e+00 -7.317768e-02 1.798592e-01 5.142862e-04 9.948849e-03
7.134004e+01 5.377471e-01 5.190177e+01 9.374206e-01 9.756012e+04 7.763588e+00 -5.783827e-02 4.984275e-01 4.898442e-04 9.412091e-03
7.356423e+01 5.182771e-01 5.201140e+01 1.023920e+00 1.086252e+05 8.644122e+00 -1.148556e-01 1.866700e-01 5.375676e-04 1.132601e-02
7.585776e+01 4.923561e-01 5.193048e+01 9.549418e-01 9.712171e+04 7.728700e+00 -1.011893e-01 1.386167e-01 4.772034e-04 1.131839e-02
7.822280e+01 4.731655e-01 5.209479e+01 9.727098e-01 9.055348e+04 7.206017e+00 -1.564648e-01 3.965391e-01 5.005849e-04 1.140083e-02
8.066157e+01 4.524080e-01 5.207556e+01 1.017196e+00 8.457866e+04 6.730555e+00 -1.020983e-01 8.999769e-02 5.061883e-04 1.181581e-02
8.317638e+01 4.299544e-01 5.212976e+01 9.974074e-01 8.559313e+04 6.811284e+00 -5.801712e-02 4.818371e-02 5.445810e-04 1.260037e-02
8.576959e+01 4.141448e-01 5.217167e+01 1.013657e+00 8.340159e+04 6.636888e+00 8.222125e-02 6.561017e-02 6.343163e-04 1.361813e-02
8.844365e+01 3.922248e-01 5.227296e+01 9.516732e-01 6.853033e+04 5.453470e+00 1.703475e-01 4.904374e-02 5.524773e-04 1.256330e-02
9.120108e+01 3.752479e-01 5.240199e+01 1.012626e+00 6.539009e+04 5.203578e+00 -8.589786e-02 1.709413e-01 5.481796e-04 1.325534e-02
9.404449e+01 3.552509e-01 5.245192e+01 1.003210e+00 6.891199e+04 5.483842e+00 1.116288e-02 2.780396e-01 5.452642e-04 1.532667e-02
9.697654e+01 3.362174e-01 5.250548e+01 9.657880e-01 6.015855e+04 4.787265e+00 -1.288181e-01 1.278012e-01 5.320452e-04 1.493211e-02
1.000000e+02 3.159281e-01 5.255553e+01 9.002578e-01 4.801219e+04 3.820689e+00 8.491293e-02 2.182463e-01 5.211120e-04 1.379689e-02
1.031177e+02 3.009193e-01 5.268376e+01 9.553775e-01 4.989278e+04 3.970341e+00 -3.945898e-02 1.015795e-01 4.848385e-04 1.532308e-02
1.063327e+02 2.796686e-01 5.276091e+01 1.015182e+00 5.161828e+04 4.107652e+00 -1.045415e-01 6.563421e-02 4.860037e-04 1.855336e-02
1.096478e+02 2.656636e-01 5.286727e+01 9.247165e-01 4.613875e+04 3.671605e+00 -1.247573e-01 1.142183e-01 4.725734e-04 1.822164e-02
1.130663e+02 2.489611e-01 5.289279e+01 1.026743e+00 4.179055e+04 3.325586e+00 -8.655932e-02 8.988126e-02 5.247715e-04 1.942525e-02
1.165914e+02 2.327945e-01 5.300391e+01 9.921909e-01 3.741094e+04 2.977068e+00 -8.275349e-03 2.267881e-01 4.872342e-04 1.954020e-02
1.202264e+02 2.175342e-01 5.317261e+01 1.039211e+00 3.700592e+04 2.944837e+00 3.326636e-02 1.492179e-01 5.660584e-04 2.173209e-02
1.239748e+02 2.036058e-01 5.318292e+01 9.738232e-01 3.234996e+04 2.574328e+00 8.926874e-02 4.494244e-02 4.524304e-04 2.206404e-02
1.278400e+02 1.927559e-01 5.337953e+01 1.005702e+00 3.130038e+04 2.490805e+00 2.450295e-01 1.333622e-01 4.285625e-04 2.406803e-02
1.318257e+02 1.777651e-01 5.336207e+01 9.383176e-01 2.622874e+04 2.087217e+00 1.376873e-01 1.264545e-01 5.052717e-04 2.339499e-02
1.359356e+02 1.640064e-01 5.351855e+01 9.234000e-01 2.410808e+04 1.918460e+00 2.396297e-01 1.271345e-01 4.634542e-04 2.571800e-02
1.401737e+02 1.526547e-01 5.364848e+01 9.303808e-01 2.120032e+04 1.687068e+00 1.259037e-01 3.413781e-01 5.046562e-04 2.600900e-02
1.445440e+02 1.385051e-01 5.371896e+01 1.028602e+00 2.096313e+04 1.668193e+00 1.482805e-01 2.382697e-01 4.508658e-04 3.125012e-02
1.490505e+02 1.286072e-01 5.388914e+01 9.375123e-01 1.889557e+04 1.503662e+00 2.341327e-01 7.739215e-02 4.692555e-04 3.116036e-02
1.536975e+02 1.200423e-01 5.411862e+01 9.840729e-01 1.673602e+04 1.331810e+00 6.443685e-02 1.050171e-01 4.961847e-04 3.208360e-02
1.584893e+02 1.104885e-01 5.429390e+01 8.815730e-01 1.344779e+04 1.070141e+00 -9.636706e-02 2.765891e-01 4.838618e-04 3.116188e-02
1.634306e+02 1.003660e-01 5.443740e+01 1.010598e+00 1.487673e+04 1.183852e+00 -1.443103e-02 2.019409e-01 4.889101e-04 4.157853e-02
1.685259e+02 9.156111e-02 5.466643e+01 1.076416e+00 1.470610e+04 1.170275e+00 1.668029e-01 1.030495e-01 5.318927e-04 5.027268e-02
1.737801e+02 8.398131e-02 5.493048e+01 1.040453e+00 1.231892e+04 9.803085e-01 -6.145822e-02 1.371746e-01 5.841940e-04 4.886272e-02
1.791981e+02 7.450553e-02 5.505746e+01 1.049718e+00 1.162460e+04 9.250559e-01 1.029196e-01 3.294530e-02 5.493750e-04 5.777459e-02
1.847850e+02 6.911159e-02 5.521085e+01 9.642809e-01 9.930926e+03 7.902780e-01 -5.994692e-02 1.040774e-01 4.472970e-04 5.904487e-02
1.905461e+02 6.116486e-02 5.540922e+01 1.031754e+00 8.600813e+03 6.844309e-01 -1.015472e-01 1.581605e-01 4.899238e-04 6.599881e-02
1.964868e+02 5.630506e-02 5.566330e+01 1.020045e+00 6.991082e+03 5.563326e-01 1.363955e-02 2.151433e-01 4.782477e-04 6.078152e-02
2.026127e+02 4.901304e-02 5.581534e+01 1.042208e+00 7.210223e+03 5.737713e-01 -1.585626e-03 5.506879e-01 5.098964e-04 8.342222e-02
2.089296e+02 4.480983e-02 5.617643e+01 9.673057e-01 5.810329e+03 4.623713e-01 1.202239e-01 3.039770e-02 6.150074e-04 8.349746e-02
2.154435e+02 4.092659e-02 5.634689e+01 1.024940e+00 5.984644e+03 4.762429e-01 -1.703115e-02 1.029366e-01 5.812595e-04 1.016246e-01
2.221604e+02 3.689582e-02 5.672875e+01 9.957133e-01 4.541556e+03 3.614055e-01 1.044925e-01 1.262596e-01 5.758187e-04 9.108450e-02
2.290868e+02 3.282606e-02 5.696453e+01 8.651450e-01 4.191147e+03 3.335209e-01 2.523658e-01 1.159775e-01 4.905418e-04 1.099935e-01
2.362291e+02 2.956924e-02 5.728482e+01 9.259346e-01 3.747689e+03 2.982316e-01 -6.581436e-02 1.291039e-01 5.304277e-04 1.256442e-01
2.435940e+02 2.611498e-02 5.752263e+01 1.047811e+00 3.901083e+03 3.104383e-01 1.347140e-01 1.428208e-01 5.068118e-04 1.680071e-01
2.511886e+02 2.296055e-02 5.787671e+01 9.608328e-01 3.058671e+03 2.434013e-01 -3.552513e-03 2.650829e-01 5.461854e-04 1.639061e-01
2.590200e+02 2.050595e-02 5.807866e+01 8.615079e-01 2.137258e+03 1.700775e-01 -1.210343e-02 1.431374e-01 5.145902e-04 1.437195e-01
2.670956e+02 1.788338e-02 5.847191e+01 9.589840e-01 2.193299e+03 1.745372e-01 9.031464e-02 1.468473e-01 5.395370e-04 1.937875e-01
2.754229e+02 1.511266e-02 5.874234e+01 9.760965e-01 1.701060e+03 1.353660e-01 -3.821099e-02 4.693713e-02 4.967449e-04 2.154616e-01
2.840098e+02 1.428896e-02 5.923102e+01 8.554117e-01 1.450180e+03 1.154016e-01 -7.105874e-02 1.466755e-01 5.248464e-04 2.002924e-01
2.928645e+02 1.230232e-02 5.964597e+01 8.979303e-01 1.229302e+03 9.782477e-02 2.764780e-01 1.209112e-01 5.452855e-04 2.275794e-01
3.019952e+02 1.126998e-02 6.002455e+01 8.652107e-01 1.072247e+03 8.532673e-02 -5.675537e-02 1.040701e-01 5.499536e-04 2.431048e-01
3.114106e+02 9.039124e-03 6.040640e+01 9.463230e-01 1.024898e+03 8.155876e-02 1.600550e-01 1.283591e-01 5.405897e-04 3.551289e-01
3.211195e+02 8.306028e-03 6.081529e+01 9.101614e-01 7.845040e+02 6.242884e-02 2.099202e-01 6.166354e-02 5.026899e-04 3.253495e-01
3.311311e+02 6.988357e-03 6.125128e+01 1.070049e+00 8.961819e+02 7.131589e-02 1.377412e-01 2.024196e-01 4.560595e-04 5.085110e-01
3.414549e+02 6.351297e-03 6.172437e+01 9.396341e-01 7.058594e+02 5.617051e-02 1.840202e-01 9.074558e-02 4.846779e-04 4.996616e-01
3.521005e+02 5.509133e-03 6.227662e+01 9.879407e-01 5.524936e+02 4.396604e-02 -3.694069e-02 1.602422e-01 5.060862e-04 5.055418e-01
3.630781e+02 5.009358e-03 6.284785e+01 1.116628e+00 6.153524e+02 4.896819e-02 4.218709e-01 3.734147e-01 5.650442e-04 7.051742e-01
3.743978e+02 4.447441e-03 6.346255e+01 9.454958e-01 5.693278e+02 4.530567e-02 6.405231e-01 1.691749e-01 5.680449e-04 7.975131e-01
3.860705e+02 3.928652e-03 6.404295e+01 9.234016e-01 4.813430e+02 3.830406e-02 7.767528e-01 8.554325e-02 5.673188e-04 8.882612e-01
3.981072e+02 2.934390e-03 6.455681e+01 9.859260e-01 2.919885e+02 2.323570e-02 4.338866e-01 3.317732e-02 5.963939e-04 9.897469e-01
4.105191e+02 2.797422e-03 6.515935e+01 9.779934e-01 2.840859e+02 2.260684e-02 4.797934e-01 5.420573e-02 5.763406e-04 1.036841e+00
4.233179e+02 2.124875e-03 6.592310e+01 8.862944e-01 2.110849e+02 1.679761e-02 1.647451e-01 8.575120e-02 5.672226e-04 1.331041e+00
4.365158e+02 1.853008e-03 6.674704e+01 9.022322e-01 2.027508e+02 1.613440e-02 4.149360e-01 4.370111e-02 5.575534e-04 1.625150e+00
4.501252e+02 1.483488e-03 6.750529e+01 9.782848e-01 1.551972e+02 1.235020e-02 2.117342e+00 1.900330e-01 5.630057e-04 2.056346e+00
4.641589e+02 1.311442e-03 6.807697e+01 9.353994e-01 1.458143e+02 1.160353e-02 1.411088e+00 1.706714e-02 4.928741e-04 2.369690e+00
4.786301e+02 1.088320e-03 6.906971e+01 1.131503e+00 1.086109e+02 8.642980e-03 2.576929e+00 6.047514e-02 5.257164e-04 2.637492e+00
4.935525e+02 1.021003e-03 7.001907e+01 8.944393e-01 9.966402e+01 7.931010e-03 1.863983e+00 1.289122e-01 5.214044e-04 2.709497e+00
5.089401e+02 7.793808e-04 7.088608e+01 8.930057e-01 7.468601e+01 5.943323e-03 1.922640e+00 3.177320e-02 5.769071e-04 3.177182e+00
5.248075e+02 8.381916e-04 7.202749e+01 9.627351e-01 1.174591e+02 9.347097e-03 2.689913e+00 2.223781e-02 6.329471e-04 4.456531e+00
5.411695e+02 6.833427e-04 7.290717e+01 9.791965e-01 8.738983e+01 6.954262e-03 4.949932e+00 5.809808e-02 5.847915e-04 5.204008e+00
5.580417e+02 7.885596e-04 7.386711e+01 1.184505e+00 9.393197e+01 7.474869e-03 3.894329e+00 1.520533e-01 6.255582e-04 4.440724e+00
5.754399e+02 5.793373e-04 7.523344e+01 1.360644e+00 7.142621e+01 5.683917e-03 6.040363e+00 4.040304e-02 6.429852e-04 6.497239e+00
5.933806e+02 5.861311e-04 7.630156e+01 1.191487e+00 7.771554e+01 6.184406e-03 6.472922e+00 1.090082e-01 6.873616e-04 6.212884e+00
6.118806e+02 4.236127e-04 7.772373e+01 8.817746e-01 3.876343e+01 3.084696e-03 3.394132e+00 6.421858e-02 7.039776e-04 6.042554e+00
6.309573e+02 4.075507e-04 7.934607e+01 1.162063e+00 4.446027e+01 3.538036e-03 7.101020e+00 1.633184e-01 6.772780e-04 7.364555e+00
6.506289e+02 2.950868e-04 8.075747e+01 1.075263e+00 2.462360e+01 1.959484e-03 4.795366e+00 4.678732e-02 6.746798e-04 8.135735e+00
6.709137e+02 2.141356e-04 8.224918e+01 1.004334e+00 1.995368e+01 1.587863e-03 7.576270e+00 -2.625491e-02 6.585012e-04 1.277851e+01
6.918310e+02 1.228814e-04 8.400505e+01 1.109653e+00 1.726865e+01 1.374196e-03 3.229262e+01 8.629530e-02 6.977146e-04 3.201892e+01
7.134004e+02 1.577125e-04 8.596947e+01 1.270889e+00 1.426208e+01 1.134940e-03 1.332101e+01 2.767115e-02 6.662333e-04 1.625111e+01
7.356423e+02 1.487788e-04 8.807258e+01 1.015011e+00 2.273086e+01 1.808864e-03 1.291615e+01 1.431193e-01 5.873526e-04 3.042265e+01
7.585776e+02 8.780089e-05 9.013364e+01 7.642492e-01 7.932420e+00 6.312420e-04 9.690175e+00 8.249683e-03 7.076550e-04 2.787282e+01
7.822280e+02 5.983490e-05 9.248178e+01 1.002279e+00 8.165461e+00 6.497867e-04 1.188512e+01 1.326935e-01 6.686005e-04 6.459554e+01
8.066157e+02 1.046778e-04 9.508265e+01 8.598877e-01 2.485109e+01 1.977587e-03 3.155396e+01 7.298154e-02 7.230132e-04 5.356130e+01
8.317638e+02 6.561827e-05 9.761024e+01 7.125626e-01 4.751263e+00 3.780935e-04 1.011463e+01 6.293325e-02 6.209052e-04 2.893470e+01
8.576959e+02 3.049513e-05 1.007898e+02 7.137154e-01 2.342122e+00 1.863802e-04 9.954484e+00 5.142088e-02 6.873996e-04 7.081978e+01
8.844365e+02 4.112412e-05 1.042108e+02 4.967364e-01 3.506447e+00 2.790341e-04 1.273268e+01 5.240845e-02 7.349091e-04 5.736348e+01
9.120108e+02 3.316809e-05 1.081180e+02 9.293680e-01 2.670528e+00 2.125138e-04 1.387311e+01 9.107269e-02 8.505883e-04 6.721327e+01
9.404449e+02 2.356697e-05 1.119157e+02 8.243372e-01 2.404373e+00 1.913339e-04 4.405146e+01 -1.668081e-03 7.786800e-04 1.134867e+02
9.697654e+02 8.008200e-06 1.163081e+02 9.114332e-01 1.125573e+00 8.957022e-05 9.252480e+00 -3.030009e-02 8.384830e-04 5.760424e+02
