#./overdamped_3d --dev=1 --amp=250.0 --omega=1 --force=0 --Dg=0.01 --block=256 --paths=1024 --periods=1000 --trans=100 --samples=10000 --spp=10000 --algorithm=euler --pav=1 --mode=moments --domain=1d --domainx=a:-1:3:300:1 --domainy=s:-1:2:100:1 --domainz=a:-1:2.5:100:1 --q=2 --eps=0 --phi=1.57079632679 --lambda=50.0 --zeta=0.02 --comp=0 --mean=1.0 --second=2.0 --skew=0.99 --distribution=s>> 1D_double_a:-1:3:300:1_2.0_50.0_0.99_1.0_0.0.dat
#a <<v>> qnu(q) mu_q Dx Gx EBx
1.000000e-01 1.005186e+00 9.225938e-01 6.212716e+05 4.943576e+01 -5.315787e-02 2.117038e-03
1.031177e-01 1.002313e+00 9.662142e-01 6.053403e+05 4.816761e+01 -2.416581e-02 2.164841e-03
1.063327e-01 1.007174e+00 9.491415e-01 6.220851e+05 4.950610e+01 -7.189018e-02 2.162695e-03
1.096478e-01 1.000088e+00 9.975803e-01 6.277861e+05 4.994664e+01 -2.491933e-02 2.076387e-03
1.130663e-01 1.003274e+00 9.751922e-01 6.394472e+05 5.088375e+01 1.053333e-03 2.291322e-03
1.165914e-01 1.006392e+00 1.041110e+00 6.893196e+05 5.485944e+01 2.782202e-02 2.261877e-03
1.202264e-01 9.980145e-01 9.272110e-01 6.038928e+05 4.805429e+01 6.514049e-02 2.014399e-03
1.239747e-01 1.008723e+00 8.983375e-01 5.994864e+05 4.770797e+01 -3.844488e-02 2.123237e-03
1.278399e-01 9.959050e-01 9.598029e-01 6.191313e+05 4.927406e+01 -8.788228e-03 2.235651e-03
1.318256e-01 9.978719e-01 9.599075e-01 6.202016e+05 4.935077e+01 -1.929229e-02 2.169371e-03
1.359356e-01 1.000010e+00 9.521617e-01 5.949202e+05 4.734669e+01 1.603854e-02 2.264857e-03
1.401737e-01 1.004566e+00 9.121346e-01 5.796825e+05 4.612788e+01 -5.955368e-02 2.080321e-03
1.445439e-01 1.004177e+00 9.103364e-01 6.294576e+05 5.008765e+01 -1.572555e-02 2.120018e-03
1.490504e-01 1.004657e+00 9.494779e-01 6.264189e+05 4.985147e+01 6.684518e-02 2.505422e-03
1.536974e-01 1.004375e+00 9.589707e-01 6.326789e+05 5.034930e+01 -4.843754e-02 2.221227e-03
1.584892e-01 1.009120e+00 9.409933e-01 6.538598e+05 5.203380e+01 -1.337016e-02 2.429008e-03
1.634305e-01 1.007673e+00 9.119732e-01 6.184434e+05 4.921708e+01 -1.311185e-01 2.365828e-03
1.685258e-01 1.006683e+00 9.036484e-01 5.977970e+05 4.757046e+01 3.280640e-02 2.061248e-03
1.737800e-01 1.001861e+00 9.057593e-01 6.129966e+05 4.877749e+01 -4.626644e-02 2.216935e-03
1.791980e-01 1.004815e+00 9.111411e-01 5.873575e+05 4.673521e+01 -9.374905e-02 2.254844e-03
1.847849e-01 1.001016e+00 9.784084e-01 6.070266e+05 4.830926e+01 -9.806812e-03 2.163649e-03
1.905460e-01 1.009013e+00 1.021990e+00 6.707753e+05 5.337739e+01 -6.082374e-02 2.449274e-03
1.964867e-01 1.004315e+00 9.648110e-01 6.328971e+05 5.036522e+01 9.114265e-03 2.253413e-03
2.026126e-01 9.999913e-01 9.363927e-01 6.113141e+05 4.864539e+01 -2.258414e-02 2.096176e-03
2.089295e-01 1.008724e+00 9.786903e-01 6.391939e+05 5.086688e+01 -1.683772e-02 2.333045e-03
2.154433e-01 1.002128e+00 9.547284e-01 6.562849e+05 5.222288e+01 -3.709978e-02 2.266884e-03
2.221602e-01 1.004078e+00 9.689894e-01 6.169410e+05 4.909039e+01 -3.978342e-02 2.288580e-03
2.290866e-01 1.008037e+00 9.255517e-01 6.279738e+05 4.997497e+01 -6.894952e-02 2.129793e-03
2.362289e-01 1.002743e+00 9.183063e-01 6.262046e+05 4.984064e+01 -3.558105e-02 2.314687e-03
2.435938e-01 1.003090e+00 9.699454e-01 6.352306e+05 5.054602e+01 -1.395595e-02 2.069116e-03
2.511884e-01 9.976403e-01 9.601820e-01 6.198546e+05 4.932880e+01 -3.385514e-02 2.244711e-03
2.590198e-01 1.007615e+00 9.658923e-01 6.549500e+05 5.212197e+01 -1.157061e-01 2.400756e-03
2.670953e-01 9.988097e-01 9.841599e-01 6.391157e+05 5.085446e+01 -8.062726e-02 2.148032e-03
2.754226e-01 9.995291e-01 8.859538e-01 5.869781e+05 4.670816e+01 4.257882e-02 2.289176e-03
2.840095e-01 1.006996e+00 9.366459e-01 6.215243e+05 4.945804e+01 -1.274133e-02 2.379656e-03
2.928641e-01 9.965763e-01 9.572418e-01 6.305383e+05 5.017264e+01 8.451939e-03 2.139449e-03
3.019949e-01 1.003955e+00 8.950306e-01 5.899853e+05 4.695198e+01 -3.155065e-02 2.127647e-03
3.114102e-01 9.997051e-01 9.496776e-01 5.867190e+05 4.668938e+01 -8.281875e-02 2.219439e-03
3.211191e-01 1.004861e+00 9.376774e-01 5.880801e+05 4.679601e+01 -7.590157e-02 2.270937e-03
3.311307e-01 9.906856e-01 9.628259e-01 6.183082e+05 4.920912e+01 -3.984255e-02 2.142668e-03
3.414545e-01 9.959756e-01 8.858905e-01 5.774161e+05 4.595122e+01 5.134523e-02 2.127647e-03
3.521001e-01 1.008098e+00 1.039929e+00 6.868391e+05 5.465540e+01 -2.229869e-02 2.390862e-03
3.630776e-01 9.998178e-01 9.384032e-01 6.301416e+05 5.014813e+01 -2.091289e-02 2.305269e-03
3.743974e-01 1.001020e+00 9.616615e-01 6.403653e+05 5.096110e+01 -8.566099e-02 2.248764e-03
3.860700e-01 9.993597e-01 9.501026e-01 6.041259e+05 4.807498e+01 -5.517709e-02 2.208829e-03
3.981066e-01 1.006893e+00 9.099532e-01 5.918141e+05 4.709650e+01 4.742146e-03 2.384305e-03
4.105185e-01 1.011926e+00 9.811868e-01 6.398530e+05 5.091271e+01 -4.524392e-02 2.148867e-03
4.233173e-01 1.014292e+00 1.029680e+00 6.727376e+05 5.353877e+01 -4.674840e-02 2.303958e-03
4.365152e-01 9.976324e-01 9.672588e-01 6.317862e+05 5.027609e+01 -9.037215e-02 2.182364e-03
4.501246e-01 1.006715e+00 9.568302e-01 6.185381e+05 4.922758e+01 -6.832981e-02 2.178311e-03
4.641582e-01 1.009689e+00 9.609037e-01 6.373041e+05 5.071250e+01 -7.330352e-02 2.372742e-03
4.786294e-01 1.001058e+00 9.588799e-01 6.255608e+05 4.978208e+01 -3.981322e-02 2.077460e-03
4.935517e-01 9.998252e-01 9.629906e-01 6.230478e+05 4.958568e+01 -4.614848e-02 2.280951e-03
5.089393e-01 1.002836e+00 9.145429e-01 6.116482e+05 4.867627e+01 -5.228198e-02 2.224088e-03
5.248066e-01 9.984938e-01 9.655048e-01 5.963656e+05 4.745491e+01 -5.964673e-02 2.185345e-03
5.411686e-01 1.003504e+00 9.498695e-01 6.213549e+05 4.944244e+01 -1.305509e-02 2.095938e-03
5.580408e-01 1.006741e+00 9.904332e-01 6.691446e+05 5.325134e+01 -8.739591e-03 2.368212e-03
5.754390e-01 1.007057e+00 9.923164e-01 6.697738e+05 5.330036e+01 5.500412e-02 2.246141e-03
5.933796e-01 1.005228e+00 9.606054e-01 6.242379e+05 4.967544e+01 -1.755595e-03 2.148747e-03
6.118796e-01 1.003239e+00 9.461410e-01 6.259002e+05 4.980690e+01 -3.680390e-02 2.080679e-03
6.309564e-01 1.001077e+00 9.589500e-01 6.310227e+05 5.021593e+01 -2.198142e-02 2.412796e-03
6.506279e-01 9.991430e-01 1.005230e+00 6.510185e+05 5.180780e+01 -9.387332e-02 2.274513e-03
6.709126e-01 1.013039e+00 9.771456e-01 6.421286e+05 5.109956e+01 -1.284742e-02 2.408266e-03
6.918299e-01 1.010190e+00 9.525175e-01 6.063948e+05 4.825355e+01 1.851118e-02 2.074599e-03
7.133992e-01 1.012616e+00 9.424124e-01 6.131332e+05 4.878895e+01 -7.174236e-02 2.105951e-03
7.356411e-01 1.012612e+00 9.545287e-01 5.954076e+05 4.738298e+01 -4.857743e-02 2.303720e-03
7.585764e-01 1.003543e+00 9.632894e-01 6.120948e+05 4.870874e+01 9.797812e-04 2.237678e-03
7.822267e-01 1.007298e+00 9.879019e-01 6.479789e+05 5.156939e+01 -2.506655e-02 2.253413e-03
8.066144e-01 1.002575e+00 9.977003e-01 6.387128e+05 5.082836e+01 -3.201121e-02 2.313375e-03
8.317624e-01 1.008051e+00 9.642892e-01 6.487433e+05 5.163432e+01 -1.800478e-03 2.309680e-03
8.576946e-01 1.001855e+00 8.865961e-01 6.059055e+05 4.821854e+01 -4.313707e-02 2.059102e-03
8.844351e-01 1.003214e+00 9.488693e-01 6.712912e+05 5.342227e+01 -3.277701e-02 2.132654e-03
9.120094e-01 1.003033e+00 9.302714e-01 6.282415e+05 4.999948e+01 -7.659614e-02 2.213359e-03
9.404434e-01 1.011470e+00 9.479288e-01 6.259858e+05 4.980913e+01 -1.139096e-01 2.164602e-03
9.697639e-01 1.004526e+00 9.642369e-01 6.252139e+05 4.974483e+01 -7.951081e-03 2.021432e-03
9.999985e-01 1.007079e+00 9.607000e-01 6.559165e+05 5.219455e+01 -3.999341e-02 2.200603e-03
1.031176e+00 1.007459e+00 9.530498e-01 6.401824e+05 5.095250e+01 -6.437665e-02 2.262235e-03
1.063325e+00 1.016215e+00 9.782193e-01 6.301851e+05 5.015132e+01 -3.998399e-03 2.229810e-03
1.096476e+00 1.012353e+00 9.956118e-01 6.668926e+05 5.307054e+01 -3.128093e-02 2.385855e-03
1.130662e+00 1.008553e+00 9.175871e-01 6.100796e+05 4.854640e+01 -2.196330e-02 2.242804e-03
1.165913e+00 1.008921e+00 9.420673e-01 6.151717e+05 4.896657e+01 -1.335174e-02 2.211690e-03
1.202263e+00 1.006416e+00 8.798155e-01 6.066571e+05 4.828443e+01 2.094424e-02 2.242327e-03
1.239746e+00 1.006509e+00 9.832121e-01 6.530524e+05 5.196855e+01 -4.066592e-02 2.191186e-03
1.278398e+00 1.012360e+00 9.490338e-01 6.197970e+05 4.932499e+01 -2.246791e-02 2.108335e-03
1.318255e+00 1.013220e+00 9.613550e-01 6.113391e+05 4.864666e+01 -1.955563e-02 2.431035e-03
1.359354e+00 1.003209e+00 1.014113e+00 6.355776e+05 5.056989e+01 -1.232767e-02 2.084613e-03
1.401735e+00 1.007541e+00 8.951066e-01 5.955776e+05 4.739157e+01 2.822697e-02 2.213240e-03
1.445438e+00 1.017622e+00 9.424818e-01 6.128577e+05 4.876794e+01 -8.512646e-02 2.305627e-03
1.490502e+00 1.014433e+00 9.516734e-01 6.272713e+05 4.991322e+01 6.689906e-03 2.169728e-03
1.536972e+00 1.018537e+00 9.494258e-01 6.594897e+05 5.248071e+01 -8.146709e-02 2.502203e-03
1.584891e+00 1.012469e+00 9.577168e-01 6.445886e+05 5.129437e+01 1.171505e-02 2.108216e-03
1.634303e+00 1.010816e+00 9.229589e-01 6.177133e+05 4.915915e+01 -3.187072e-02 2.246976e-03
1.685256e+00 1.024897e+00 9.157768e-01 6.299965e+05 5.013063e+01 -5.884349e-02 2.307773e-03
1.737798e+00 1.018110e+00 9.667709e-01 6.568749e+05 5.227317e+01 -4.515547e-02 2.203226e-03
1.791978e+00 1.008238e+00 9.871354e-01 6.592238e+05 5.245811e+01 -1.295236e-01 2.285242e-03
1.847847e+00 1.020449e+00 8.975018e-01 5.808427e+05 4.622274e+01 -1.021767e-01 2.189159e-03
1.905458e+00 1.015871e+00 9.425292e-01 6.143369e+05 4.888794e+01 -3.600091e-02 2.356172e-03
1.964865e+00 1.023797e+00 9.060221e-01 6.040618e+05 4.807339e+01 -9.619504e-02 2.089739e-03
2.026124e+00 1.024866e+00 9.609693e-01 6.384104e+05 5.081276e+01 6.002176e-02 2.123475e-03
2.089293e+00 1.018457e+00 9.658096e-01 6.671184e+05 5.309122e+01 -7.726884e-02 2.150297e-03
2.154431e+00 1.026417e+00 9.434015e-01 6.381002e+05 5.078030e+01 -2.043098e-02 2.222538e-03
2.221600e+00 1.024660e+00 9.351000e-01 6.194081e+05 4.929506e+01 -3.626561e-02 2.108932e-03
2.290864e+00 1.031449e+00 9.204727e-01 5.841589e+05 4.648693e+01 8.980036e-03 2.140880e-03
2.362287e+00 1.030040e+00 9.316952e-01 6.040619e+05 4.806798e+01 -4.133815e-02 2.290487e-03
2.435936e+00 1.027986e+00 9.621952e-01 6.226351e+05 4.954971e+01 4.192138e-02 2.225757e-03
2.511882e+00 1.028975e+00 9.862709e-01 6.310344e+05 5.022039e+01 -5.614942e-02 2.185583e-03
2.590195e+00 1.033079e+00 9.634341e-01 6.245466e+05 4.969932e+01 -5.999053e-02 2.300620e-03
2.670950e+00 1.034039e+00 9.712983e-01 6.510306e+05 5.180494e+01 -5.370384e-02 2.179503e-03
2.754223e+00 1.040618e+00 9.445255e-01 6.105547e+05 4.859096e+01 -1.074861e-01 2.232313e-03
2.840092e+00 1.035360e+00 9.574199e-01 6.425184e+05 5.113076e+01 -5.628288e-02 2.096534e-03
2.928639e+00 1.040683e+00 9.533057e-01 6.374725e+05 5.072937e+01 -2.668661e-02 2.222300e-03
3.019946e+00 1.049832e+00 9.378791e-01 6.140066e+05 4.885993e+01 -5.291843e-02 2.214313e-03
3.114099e+00 1.045532e+00 9.570861e-01 6.032768e+05 4.800272e+01 -7.121104e-02 2.092957e-03
3.211188e+00 1.049199e+00 9.764093e-01 5.989400e+05 4.765895e+01 -1.343560e-02 2.121687e-03
3.311304e+00 1.051812e+00 9.460171e-01 6.262297e+05 4.984033e+01 -6.916916e-02 2.347946e-03
3.414541e+00 1.058465e+00 9.346068e-01 5.975430e+05 4.755550e+01 1.550663e-02 2.368450e-03
3.520998e+00 1.061558e+00 9.682391e-01 6.290639e+05 5.005550e+01 2.256715e-02 2.146244e-03
3.630773e+00 1.063738e+00 9.649518e-01 6.111641e+05 4.864285e+01 1.139104e-02 2.467871e-03
3.743970e+00 1.069768e+00 9.926577e-01 6.419121e+05 5.107951e+01 -5.401391e-02 2.280474e-03
3.860697e+00 1.067639e+00 9.841902e-01 6.708966e+05 5.339044e+01 -8.662754e-02 2.171159e-03
3.981063e+00 1.085862e+00 9.391086e-01 6.389574e+05 5.085001e+01 -8.363169e-02 2.278805e-03
4.105181e+00 1.075339e+00 9.146351e-01 5.962281e+05 4.744441e+01 -7.757431e-02 2.197504e-03
4.233170e+00 1.078655e+00 9.582730e-01 6.303829e+05 5.016087e+01 -6.770128e-02 2.074838e-03
4.365148e+00 1.088594e+00 9.285235e-01 6.390894e+05 5.086433e+01 -4.926682e-02 2.152562e-03
4.501241e+00 1.096063e+00 9.404806e-01 6.210861e+05 4.941920e+01 -4.893494e-02 2.381206e-03
4.641578e+00 1.100806e+00 8.864310e-01 5.836104e+05 4.644237e+01 -5.938238e-02 2.363682e-03
4.786289e+00 1.098256e+00 1.001703e+00 6.526263e+05 5.193481e+01 -5.430645e-02 2.111554e-03
4.935513e+00 1.113315e+00 9.960679e-01 6.529715e+05 5.196505e+01 -6.931800e-02 2.381563e-03
5.089388e+00 1.124987e+00 9.608466e-01 6.406743e+05 5.097860e+01 -1.715487e-02 2.303123e-03
5.248061e+00 1.122862e+00 9.224090e-01 5.939284e+05 4.726265e+01 -3.889424e-02 1.993537e-03
5.411681e+00 1.135821e+00 9.439061e-01 5.989012e+05 4.766182e+01 -2.806562e-02 2.182841e-03
5.580403e+00 1.142458e+00 9.734558e-01 6.583816e+05 5.239476e+01 -1.690805e-02 2.158046e-03
5.754384e+00 1.146564e+00 9.588512e-01 5.935312e+05 4.722446e+01 -3.915530e-02 2.004385e-03
5.933790e+00 1.156726e+00 9.657028e-01 6.113576e+05 4.865144e+01 -7.587671e-04 2.422214e-03
6.118789e+00 1.172581e+00 9.336341e-01 5.726931e+05 4.557116e+01 9.580016e-03 2.350569e-03
6.309556e+00 1.183702e+00 9.527750e-01 6.273024e+05 4.991927e+01 1.005411e-03 2.126455e-03
6.506271e+00 1.184704e+00 9.690046e-01 6.510218e+05 5.180302e+01 -4.476643e-02 2.271652e-03
6.709118e+00 1.210543e+00 9.998403e-01 6.435760e+05 5.121383e+01 -7.200009e-02 2.290249e-03
6.918290e+00 1.213843e+00 9.279050e-01 5.893554e+05 4.689787e+01 1.889479e-02 2.187490e-03
7.133984e+00 1.225149e+00 9.774728e-01 6.327966e+05 5.035695e+01 -5.095071e-02 2.134800e-03
7.356401e+00 1.238474e+00 8.991926e-01 5.795451e+05 4.612342e+01 -5.251229e-03 1.959920e-03
7.585754e+00 1.260467e+00 9.655406e-01 6.350767e+05 5.053774e+01 -2.758944e-02 2.356648e-03
7.822257e+00 1.277884e+00 9.296256e-01 6.093324e+05 4.849547e+01 -1.056004e-02 1.852274e-03
8.066133e+00 1.293062e+00 9.642010e-01 6.456332e+05 5.137745e+01 -4.952979e-02 2.228975e-03
8.317613e+00 1.306395e+00 9.587327e-01 6.124301e+05 4.873898e+01 -3.770489e-02 2.095819e-03
8.576933e+00 1.322245e+00 9.534482e-01 6.251826e+05 4.975247e+01 7.774675e-02 2.388120e-03
8.844338e+00 1.338201e+00 9.031915e-01 6.116398e+05 4.866768e+01 -3.185391e-03 2.225399e-03
9.120080e+00 1.359251e+00 9.511791e-01 6.247814e+05 4.972128e+01 -2.450931e-02 2.138853e-03
9.404419e+00 1.387155e+00 9.540933e-01 6.453820e+05 5.135294e+01 -1.280582e-02 2.195001e-03
9.697623e+00 1.405693e+00 9.698388e-01 6.432203e+05 5.119442e+01 -1.837051e-02 2.331972e-03
9.999969e+00 1.436451e+00 1.012315e+00 6.632536e+05 5.277896e+01 3.018439e-02 2.204537e-03
1.031174e+01 1.454714e+00 1.045272e+00 6.580137e+05 5.236198e+01 -5.611479e-03 2.216458e-03
1.063323e+01 1.488362e+00 9.986280e-01 6.346562e+05 5.050814e+01 -2.916563e-02 2.190232e-03
1.096475e+01 1.510546e+00 8.907261e-01 5.716890e+05 4.548394e+01 -2.887011e-02 2.132535e-03
1.130660e+01 1.545727e+00 9.375903e-01 5.775219e+05 4.595695e+01 -4.602826e-02 1.948595e-03
1.165911e+01 1.569112e+00 9.693737e-01 6.358995e+05 5.059600e+01 -4.018289e-02 2.287149e-03
1.202261e+01 1.602103e+00 9.490375e-01 6.045098e+05 4.810745e+01 5.366802e-04 2.154589e-03
1.239744e+01 1.642112e+00 8.995269e-01 5.615456e+05 4.467798e+01 -2.056128e-02 2.231956e-03
1.278396e+01 1.677202e+00 9.038913e-01 5.972433e+05 4.752367e+01 7.667744e-02 2.141595e-03
1.318252e+01 1.720439e+00 9.097813e-01 5.806791e+05 4.622687e+01 -1.598120e-02 2.130270e-03
1.359352e+01 1.766685e+00 9.561347e-01 5.953038e+05 4.737152e+01 -2.804488e-02 2.231956e-03
1.401733e+01 1.797980e+00 9.808704e-01 5.966922e+05 4.748674e+01 -4.784197e-02 2.274990e-03
1.445435e+01 1.846548e+00 9.840833e-01 6.334096e+05 5.041647e+01 -3.269058e-02 2.195001e-03
1.490500e+01 1.893432e+00 8.918554e-01 5.762499e+05 4.586846e+01 -4.660684e-02 2.150536e-03
1.536969e+01 1.942283e+00 9.367159e-01 6.245333e+05 4.967417e+01 -2.969444e-03 2.116680e-03
1.584888e+01 1.986452e+00 9.810138e-01 6.310998e+05 5.020893e+01 3.192425e-04 2.252221e-03
1.634300e+01 2.049171e+00 9.397662e-01 6.154396e+05 4.897643e+01 -4.346973e-02 2.092242e-03
1.685253e+01 2.102172e+00 9.527710e-01 6.038069e+05 4.802787e+01 -2.345324e-02 2.326727e-03
1.737795e+01 2.154724e+00 9.094971e-01 6.094836e+05 4.850534e+01 4.540801e-03 2.075791e-03
1.791974e+01 2.224241e+00 9.997431e-01 6.363834e+05 5.064056e+01 8.356571e-05 2.384424e-03
1.847843e+01 2.292158e+00 9.830452e-01 5.995621e+05 4.771211e+01 2.214217e-02 2.106309e-03
1.905454e+01 2.347626e+00 9.695848e-01 6.129119e+05 4.880200e+01 -6.348670e-03 2.122998e-03
1.964861e+01 2.418903e+00 9.528662e-01 6.152762e+05 4.896115e+01 9.871125e-03 2.193570e-03
2.026120e+01 2.501631e+00 9.792193e-01 6.317636e+05 5.026750e+01 -1.232481e-02 2.071977e-03
2.089288e+01 2.578739e+00 8.993164e-01 5.655862e+05 4.500393e+01 -2.772260e-02 2.225161e-03
2.154427e+01 2.651939e+00 1.002257e+00 6.412665e+05 5.104417e+01 -1.169980e-02 2.165675e-03
2.221596e+01 2.733055e+00 9.324765e-01 6.110716e+05 4.870142e+01 -2.627492e-03 2.020955e-03
2.290859e+01 2.814101e+00 9.290214e-01 5.792885e+05 4.608618e+01 2.690291e-02 1.946092e-03
2.362282e+01 2.898049e+00 1.000414e+00 6.046482e+05 4.812846e+01 -2.699292e-02 2.202153e-03
2.435931e+01 3.000380e+00 9.185119e-01 5.947836e+05 4.731868e+01 -5.168378e-03 2.032042e-03
2.511877e+01 3.084564e+00 9.102808e-01 5.533507e+05 4.400316e+01 -3.538191e-03 2.077341e-03
2.590190e+01 3.184121e+00 9.593910e-01 6.153322e+05 4.892805e+01 9.096134e-02 2.051115e-03
2.670945e+01 3.284737e+00 9.807196e-01 6.307284e+05 5.017837e+01 5.617940e-02 2.097607e-03
2.754218e+01 3.374863e+00 9.672308e-01 5.638710e+05 4.492244e+01 -1.708955e-02 1.876712e-03
2.840087e+01 3.490529e+00 9.523864e-01 6.025136e+05 4.782797e+01 3.804243e-02 1.912117e-03
2.928633e+01 3.593443e+00 8.946974e-01 5.687801e+05 4.525093e+01 -2.018803e-02 1.837611e-03
3.019939e+01 3.712517e+00 8.560534e-01 5.038396e+05 4.009177e+01 -5.801153e-02 1.647711e-03
3.114093e+01 3.818724e+00 9.038112e-01 5.462751e+05 4.339710e+01 1.099212e-01 1.694322e-03
3.211182e+01 3.937515e+00 9.940231e-01 5.508444e+05 4.376379e+01 -1.701778e-02 1.755834e-03
3.311298e+01 4.049480e+00 8.999680e-01 5.513846e+05 4.389621e+01 9.927785e-02 1.590371e-03
3.414534e+01 4.165008e+00 9.974394e-01 6.114848e+05 4.874471e+01 -1.037705e-02 1.777411e-03
3.520990e+01 4.289327e+00 9.472173e-01 5.238414e+05 4.173170e+01 -3.415233e-02 1.408458e-03
3.630765e+01 4.409483e+00 9.874831e-01 5.849504e+05 4.648853e+01 2.086246e-02 1.619220e-03
3.743962e+01 4.547253e+00 9.825792e-01 5.771187e+05 4.599451e+01 2.850401e-02 1.497746e-03
3.860689e+01 4.667979e+00 8.898408e-01 5.393469e+05 4.307624e+01 -1.422584e-03 1.405239e-03
3.981054e+01 4.797078e+00 9.351807e-01 5.204106e+05 4.151780e+01 -1.785070e-02 1.404047e-03
4.105173e+01 4.928856e+00 9.364869e-01 5.539284e+05 4.397770e+01 1.636100e-02 1.388669e-03
4.233161e+01 5.052410e+00 9.070401e-01 5.333066e+05 4.256185e+01 -4.401994e-02 1.280785e-03
4.365139e+01 5.190681e+00 9.498346e-01 5.536740e+05 4.404900e+01 -5.449140e-02 1.347542e-03
4.501232e+01 5.318588e+00 9.390049e-01 5.246891e+05 4.164003e+01 4.687715e-02 1.306534e-03
4.641568e+01 5.453366e+00 9.267544e-01 5.304441e+05 4.214932e+01 -4.470098e-02 1.267910e-03
4.786279e+01 5.586975e+00 9.595491e-01 5.540275e+05 4.402353e+01 -1.652777e-02 1.244783e-03
4.935502e+01 5.713976e+00 9.287226e-01 5.222614e+05 4.158910e+01 3.936124e-02 1.171708e-03
5.089378e+01 5.849481e+00 9.188291e-01 5.153508e+05 4.121222e+01 -2.410954e-02 1.191378e-03
5.248050e+01 5.984937e+00 8.948165e-01 4.893062e+05 3.885927e+01 -2.485538e-02 1.056433e-03
5.411670e+01 6.119123e+00 9.263155e-01 4.829417e+05 3.851295e+01 -2.306455e-02 9.769201e-04
5.580391e+01 6.254719e+00 9.324204e-01 5.066029e+05 4.053995e+01 8.994555e-02 1.009345e-03
5.754372e+01 6.383595e+00 9.234473e-01 4.871986e+05 3.872686e+01 6.606758e-02 9.799004e-04
5.933778e+01 6.508544e+00 9.864275e-01 5.571801e+05 4.429855e+01 1.475840e-01 1.009107e-03
6.118777e+01 6.635451e+00 9.854977e-01 5.483702e+05 4.378926e+01 1.151643e-01 9.933710e-04
6.309543e+01 6.759148e+00 9.321477e-01 4.952709e+05 3.948061e+01 5.381262e-02 8.908510e-04
6.506258e+01 6.887952e+00 9.475840e-01 5.061179e+05 4.002047e+01 9.798849e-02 8.660555e-04
6.709105e+01 7.013118e+00 9.962147e-01 5.119392e+05 4.073348e+01 4.867101e-02 8.481741e-04
6.918276e+01 7.135303e+00 9.509525e-01 4.920693e+05 3.941950e+01 9.928215e-02 8.382797e-04
7.133969e+01 7.252178e+00 9.331367e-01 4.706051e+05 3.735176e+01 -1.274818e-02 7.456541e-04
7.356387e+01 7.374346e+00 1.041568e+00 5.295379e+05 4.212895e+01 2.669990e-02 8.277893e-04
7.585738e+01 7.490684e+00 9.792459e-01 4.990147e+05 3.972507e+01 1.091516e-02 7.599592e-04
7.822240e+01 7.598401e+00 9.141951e-01 4.435706e+05 3.508030e+01 -6.850648e-02 6.923676e-04
8.066116e+01 7.714181e+00 8.809269e-01 4.367216e+05 3.489695e+01 -3.161955e-02 6.352663e-04
8.317596e+01 7.823346e+00 9.460316e-01 4.625404e+05 3.683228e+01 -1.123422e-02 6.703138e-04
8.576916e+01 7.917429e+00 9.850133e-01 4.881964e+05 3.882872e+01 1.905441e-02 6.828308e-04
8.844320e+01 8.029485e+00 8.845374e-01 4.387212e+05 3.499881e+01 -5.926049e-02 6.239414e-04
9.120061e+01 8.122409e+00 9.584883e-01 4.414584e+05 3.573220e+01 -4.477203e-03 6.024837e-04
9.404400e+01 8.222048e+00 1.007607e+00 4.610622e+05 3.703599e+01 -5.703610e-02 6.349087e-04
9.697604e+01 8.314375e+00 9.949437e-01 4.509760e+05 3.620075e+01 -6.320989e-02 6.179810e-04
9.999948e+01 8.406366e+00 9.828454e-01 4.506959e+05 3.565071e+01 -8.195597e-02 5.877018e-04
1.031172e+02 8.497303e+00 9.446825e-01 4.376255e+05 3.461174e+01 -7.578385e-02 5.571842e-04
1.063321e+02 8.586779e+00 9.581652e-01 4.729452e+05 3.774901e+01 -5.352300e-02 5.970001e-04
1.096473e+02 8.666073e+00 1.006805e+00 4.626908e+05 3.695451e+01 -1.264741e-01 5.880594e-04
1.130658e+02 8.742816e+00 9.965018e-01 4.769042e+05 3.758603e+01 -1.315946e-01 6.034374e-04
1.165908e+02 8.816774e+00 1.007839e+00 4.669276e+05 3.738231e+01 -1.146420e-01 5.487204e-04
1.202258e+02 8.899349e+00 1.070412e+00 4.992353e+05 3.937875e+01 -4.581529e-02 6.031990e-04
1.239741e+02 8.969932e+00 9.253202e-01 4.430254e+05 3.542662e+01 -8.861071e-02 5.335808e-04
1.278393e+02 9.043244e+00 1.078744e+00 4.970783e+05 3.964359e+01 2.740383e-03 5.719662e-04
1.318250e+02 9.113043e+00 1.025346e+00 4.852953e+05 3.862500e+01 -9.548521e-02 5.711317e-04
1.359349e+02 9.174072e+00 9.502637e-01 4.204427e+05 3.320609e+01 -7.279605e-02 4.639626e-04
1.401730e+02 9.236356e+00 9.994342e-01 4.688014e+05 3.721934e+01 -8.053553e-02 5.338192e-04
1.445432e+02 9.294477e+00 1.035666e+00 4.663784e+05 3.732120e+01 -3.569853e-02 5.403757e-04
1.490497e+02 9.341712e+00 1.054186e+00 4.568840e+05 3.642484e+01 4.348993e-03 5.247593e-04
1.536966e+02 9.408331e+00 1.012961e+00 4.644038e+05 3.666930e+01 -2.028358e-02 4.954338e-04
1.584885e+02 9.458252e+00 1.027301e+00 4.661813e+05 3.732120e+01 7.991850e-02 5.089045e-04
1.634297e+02 9.498826e+00 1.039142e+00 4.767446e+05 3.793235e+01 1.560974e-02 5.142689e-04
1.685250e+02 9.549415e+00 1.075210e+00 4.873963e+05 3.903243e+01 2.602530e-02 5.135536e-04
1.737791e+02 9.600382e+00 1.063747e+00 4.878759e+05 3.921578e+01 -5.310285e-02 5.302429e-04
1.791971e+02 9.640055e+00 9.761827e-01 4.528065e+05 3.607852e+01 -6.283259e-02 4.791021e-04
1.847840e+02 9.679838e+00 1.023106e+00 4.685476e+05 3.803421e+01 1.223469e-02 4.899502e-04
1.905450e+02 9.727821e+00 9.713554e-01 4.276401e+05 3.412282e+01 -6.206304e-02 4.606247e-04
1.964857e+02 9.756011e+00 1.058069e+00 4.570986e+05 3.613963e+01 -2.393842e-03 4.879236e-04
2.026116e+02 9.797446e+00 9.790640e-01 4.563278e+05 3.605814e+01 1.438630e-02 4.742146e-04
2.089284e+02 9.829593e+00 1.079520e+00 4.746900e+05 3.736194e+01 6.428480e-03 5.141497e-04
2.154422e+02 9.852770e+00 1.003489e+00 4.651123e+05 3.679153e+01 -8.618897e-02 4.837513e-04
2.221591e+02 9.891595e+00 9.760491e-01 4.620887e+05 3.628223e+01 -6.166995e-03 4.813671e-04
2.290854e+02 9.913404e+00 1.075784e+00 4.667172e+05 3.709711e+01 -7.854813e-02 4.820824e-04
2.362277e+02 9.948647e+00 1.062608e+00 4.728234e+05 3.738231e+01 -4.360479e-02 4.781485e-04
2.435926e+02 9.971255e+00 1.063490e+00 4.793693e+05 3.770826e+01 -5.162644e-02 4.991293e-04
2.511872e+02 9.995844e+00 1.043138e+00 4.746909e+05 3.754529e+01 -3.866512e-02 4.687309e-04
2.590185e+02 1.002211e+01 1.052446e+00 4.317506e+05 3.408208e+01 1.400590e-03 4.606247e-04
2.670940e+02 1.004623e+01 1.008354e+00 4.536843e+05 3.534513e+01 -6.762946e-02 4.433393e-04
2.754212e+02 1.006575e+01 1.052993e+00 4.589829e+05 3.636372e+01 1.095397e-01 4.647970e-04
2.840081e+02 1.008675e+01 1.050105e+00 4.419225e+05 3.481546e+01 -2.835530e-02 4.462004e-04
2.928627e+02 1.010688e+01 1.077107e+00 4.773805e+05 3.799347e+01 1.186013e-02 4.719496e-04
3.019933e+02 1.012861e+01 1.017754e+00 4.055268e+05 3.247270e+01 -1.043200e-02 4.060268e-04
3.114087e+02 1.014136e+01 1.036019e+00 4.268644e+05 3.428580e+01 -1.991582e-02 4.409552e-04
3.211176e+02 1.016556e+01 1.054209e+00 4.424265e+05 3.514141e+01 -1.209736e-02 4.471540e-04
3.311291e+02 1.018188e+01 1.069558e+00 4.594677e+05 3.668967e+01 -9.417534e-03 4.520416e-04
3.414528e+02 1.018789e+01 1.073202e+00 4.403579e+05 3.495807e+01 -2.610457e-02 4.507303e-04
3.520984e+02 1.020786e+01 1.042174e+00 4.180506e+05 3.351167e+01 5.097878e-02 4.069805e-04
3.630758e+02 1.021459e+01 1.093711e+00 4.408032e+05 3.446914e+01 4.278266e-02 4.385710e-04
3.743955e+02 1.023015e+01 1.028871e+00 4.392482e+05 3.503955e+01 5.897439e-02 4.267693e-04
3.860681e+02 1.023556e+01 1.035383e+00 4.319794e+05 3.495807e+01 -1.200038e-02 4.277229e-04
3.981047e+02 1.025656e+01 1.088958e+00 4.583600e+05 3.626186e+01 -8.370155e-02 4.527569e-04
4.105165e+02 1.025744e+01 1.080481e+00 4.377704e+05 3.473397e+01 -1.019517e-01 4.338026e-04
4.233152e+02 1.027056e+01 1.072075e+00 4.489302e+05 3.544699e+01 -6.430542e-02 4.388094e-04
4.365131e+02 1.027945e+01 1.003266e+00 4.485389e+05 3.573220e+01 8.138537e-03 4.422665e-04
4.501223e+02 1.028835e+01 1.066713e+00 4.430094e+05 3.503955e+01 -4.678869e-02 4.317760e-04
4.641559e+02 1.030016e+01 9.851544e-01 4.245485e+05 3.332832e+01 -5.423814e-02 4.186630e-04
4.786270e+02 1.030664e+01 1.108973e+00 4.891493e+05 3.860463e+01 -2.064890e-02 4.726648e-04
4.935493e+02 1.031083e+01 1.071646e+00 4.806374e+05 3.797310e+01 3.609681e-02 4.667044e-04
5.089368e+02 1.031817e+01 1.083825e+00 4.647986e+05 3.693414e+01 3.076792e-03 4.717112e-04
5.248040e+02 1.032314e+01 1.086069e+00 4.669388e+05 3.717860e+01 -9.567738e-02 4.491806e-04
5.411660e+02 1.033126e+01 1.040531e+00 4.642474e+05 3.705637e+01 -1.161885e-01 4.488230e-04
5.580380e+02 1.033268e+01 1.013143e+00 4.281654e+05 3.420431e+01 2.598536e-02 4.316568e-04
5.754362e+02 1.033547e+01 1.054174e+00 4.602901e+05 3.652670e+01 1.091373e-02 4.546642e-04
5.933766e+02 1.034060e+01 1.082446e+00 4.565466e+05 3.648595e+01 1.332033e-01 4.411936e-04
6.118765e+02 1.034840e+01 1.085517e+00 4.793051e+05 3.752492e+01 4.271102e-02 4.732609e-04
6.309531e+02 1.034984e+01 1.015737e+00 4.444235e+05 3.508030e+01 1.497972e-02 4.348755e-04
6.506245e+02 1.035504e+01 1.085686e+00 4.859876e+05 3.870648e+01 1.590133e-02 4.693270e-04
6.709092e+02 1.035711e+01 1.082654e+00 4.848114e+05 3.858425e+01 1.720178e-02 4.715919e-04
6.918263e+02 1.035807e+01 9.791444e-01 4.385101e+05 3.532476e+01 7.354295e-02 4.324913e-04
7.133955e+02 1.036535e+01 1.059414e+00 4.841360e+05 3.836016e+01 -1.976556e-02 4.602671e-04
7.356372e+02 1.037380e+01 1.058234e+00 4.827985e+05 3.799347e+01 -6.179625e-02 4.585981e-04
7.585724e+02 1.036823e+01 1.049415e+00 4.615196e+05 3.691376e+01 -5.333549e-02 4.380941e-04
7.822225e+02 1.037288e+01 1.071717e+00 4.322677e+05 3.457100e+01 7.912040e-02 4.154444e-04
8.066101e+02 1.037248e+01 1.044437e+00 4.232716e+05 3.347092e+01 -1.633596e-02 4.259348e-04
8.317580e+02 1.037181e+01 1.091544e+00 4.826737e+05 3.823793e+01 -9.725809e-03 4.594326e-04
8.576899e+02 1.037553e+01 1.055082e+00 4.563725e+05 3.634335e+01 1.810968e-02 4.301071e-04
8.844303e+02 1.037523e+01 1.056163e+00 4.591296e+05 3.622112e+01 1.008582e-02 4.606247e-04
9.120044e+02 1.038181e+01 1.077791e+00 4.790751e+05 3.787124e+01 6.876433e-02 4.374981e-04
9.404382e+02 1.037824e+01 1.050848e+00 4.546240e+05 3.593591e+01 1.528150e-01 4.433393e-04
9.697585e+02 1.038536e+01 1.026021e+00 4.396141e+05 3.440803e+01 -4.079741e-02 4.295111e-04
