#./double_munderdamped_3d --dev=0 --amp=250.0 --omega=1 --mass=0.01 --force=0 --Dg=0.01 --block=256 --paths=1024 --periods=1000 --trans=100 --samples=10000 --spp=10000 --algorithm=euler --pav=1 --mode=moments --domain=1d --domainx=a:-1:3:300:1 --domainy=s:-1:2:100:1 --domainz=a:-1:2.5:100:1 --q=2 --eps=0 --phi=1.57079632679 --lambda=50.0 --zeta=0.02 --comp=0 --mean=1.0 --second=2.0 --skew=0.99 --distribution=s>> 1D_double_a:-1:3:300:1_2.0_50.0_0.99_1.0_0.01.dat
#a <<v>> <<v^2>> qnu(q) mu_q Dx Gx Gv EBx EBv
1.000000e-01 1.003303e+00 5.160193e+03 9.164293e-01 5.805523e+05 4.619888e+01 -1.306283e-02 3.506926e+00 1.797772e-05 1.659901e-02
1.031177e-01 1.006041e+00 5.159714e+03 9.332414e-01 6.139439e+05 4.885611e+01 -3.155772e-02 2.566372e+00 1.860162e-05 1.709228e-02
1.063327e-01 1.000656e+00 5.159660e+03 9.138942e-01 6.207795e+05 4.940006e+01 -6.265044e-02 3.354378e+00 1.826751e-05 1.758005e-02
1.096478e-01 1.005047e+00 5.160118e+03 8.521737e-01 5.863933e+05 4.666370e+01 4.030673e-03 1.795448e+00 1.807075e-05 1.617754e-02
1.130663e-01 9.981029e-01 5.159050e+03 9.169714e-01 5.995016e+05 4.770682e+01 6.989076e-03 2.018468e+00 1.709054e-05 1.685074e-02
1.165914e-01 1.006036e+00 5.159559e+03 9.166952e-01 6.154234e+05 4.897383e+01 -3.009581e-02 1.735017e+00 1.781123e-05 1.702381e-02
1.202264e-01 1.002329e+00 5.160833e+03 9.241034e-01 6.165269e+05 4.906165e+01 -7.091719e-02 2.168010e+00 1.776922e-05 1.787358e-02
1.239748e-01 9.981468e-01 5.159712e+03 9.629887e-01 6.042643e+05 4.808582e+01 -9.245241e-03 5.126834e+00 1.919902e-05 1.738809e-02
1.278400e-01 9.944348e-01 5.158946e+03 9.093986e-01 5.896475e+05 4.692265e+01 -1.516367e-02 3.862026e+00 1.865417e-05 1.690657e-02
1.318257e-01 1.000944e+00 5.160571e+03 9.103739e-01 6.042651e+05 4.808588e+01 -3.416820e-02 3.818842e+00 1.708303e-05 1.699906e-02
1.359356e-01 1.007779e+00 5.160139e+03 8.966919e-01 5.899029e+05 4.694298e+01 -7.768806e-03 7.464458e+00 1.756176e-05 1.616395e-02
1.401737e-01 1.003304e+00 5.159434e+03 9.621123e-01 6.486916e+05 5.162124e+01 -4.646988e-03 2.123316e+00 1.964331e-05 1.811633e-02
1.445440e-01 1.007994e+00 5.158909e+03 8.959253e-01 6.198238e+05 4.932401e+01 -4.294267e-02 2.532514e+00 1.990625e-05 1.756847e-02
1.490505e-01 9.965746e-01 5.158896e+03 9.571353e-01 6.297188e+05 5.011143e+01 -2.824848e-02 1.908126e+00 1.753525e-05 1.775721e-02
1.536975e-01 1.000226e+00 5.160000e+03 9.398178e-01 5.930456e+05 4.719307e+01 -6.417335e-02 2.172250e+00 1.701643e-05 1.682385e-02
1.584893e-01 1.008233e+00 5.161571e+03 9.946547e-01 6.388038e+05 5.083439e+01 -5.072031e-02 6.653161e+00 1.879663e-05 1.739793e-02
1.634306e-01 9.984993e-01 5.159765e+03 9.142611e-01 5.911918e+05 4.704555e+01 -8.854948e-02 1.564495e+00 1.882075e-05 1.704737e-02
1.685259e-01 1.006536e+00 5.161407e+03 9.242286e-01 6.020996e+05 4.791356e+01 -5.842154e-02 2.413910e+00 1.849091e-05 1.681259e-02
1.737801e-01 1.004288e+00 5.160362e+03 9.258992e-01 6.266972e+05 4.987097e+01 -1.059754e-01 3.043710e+00 1.758195e-05 1.730788e-02
1.791981e-01 1.007321e+00 5.161554e+03 9.169709e-01 5.680435e+05 4.520347e+01 -7.223494e-02 2.227793e+00 1.820352e-05 1.595099e-02
1.847850e-01 9.950492e-01 5.159342e+03 9.617220e-01 6.401039e+05 5.093785e+01 -8.974517e-02 2.775349e+00 1.765246e-05 1.756915e-02
1.905461e-01 1.006168e+00 5.160357e+03 9.488990e-01 6.336191e+05 5.042180e+01 -1.599510e-02 3.205869e+00 1.827514e-05 1.815118e-02
1.964868e-01 1.002838e+00 5.158907e+03 9.073357e-01 5.887613e+05 4.685214e+01 -3.126783e-02 2.154711e+00 1.911075e-05 1.669352e-02
2.026127e-01 1.003950e+00 5.159881e+03 9.762538e-01 6.617962e+05 5.266407e+01 -2.476773e-03 2.485782e+00 1.966325e-05 1.878577e-02
2.089296e-01 1.004268e+00 5.160541e+03 8.833012e-01 5.845602e+05 4.651782e+01 -2.951686e-02 1.483861e+00 1.822253e-05 1.631024e-02
2.154435e-01 9.981292e-01 5.160124e+03 9.814414e-01 6.584421e+05 5.239716e+01 1.732779e-03 1.495374e+00 1.842495e-05 1.879985e-02
2.221604e-01 9.993904e-01 5.159785e+03 9.552106e-01 6.081799e+05 4.839742e+01 -4.924041e-02 1.271021e+00 1.849135e-05 1.727847e-02
2.290868e-01 1.003461e+00 5.160357e+03 9.036471e-01 6.201471e+05 4.934974e+01 -8.079172e-02 1.553818e+00 1.888471e-05 1.703110e-02
2.362291e-01 9.999759e-01 5.159496e+03 9.674922e-01 6.221768e+05 4.951125e+01 7.764916e-03 1.760919e+00 1.824074e-05 1.794675e-02
2.435940e-01 1.002315e+00 5.160502e+03 9.434534e-01 6.125181e+05 4.874264e+01 -4.832169e-02 1.873530e+00 1.911929e-05 1.712294e-02
2.511886e-01 1.007728e+00 5.160679e+03 9.917733e-01 6.728100e+05 5.354052e+01 -4.438173e-02 2.737306e+00 1.908034e-05 1.828463e-02
2.590200e-01 1.003491e+00 5.160570e+03 9.220141e-01 6.414615e+05 5.104588e+01 1.799858e-02 3.147091e+00 1.842877e-05 1.763627e-02
2.670956e-01 1.003899e+00 5.160954e+03 9.151916e-01 6.085307e+05 4.842533e+01 -4.890142e-02 2.830849e+00 1.668437e-05 1.690293e-02
2.754229e-01 1.004088e+00 5.159343e+03 9.404357e-01 6.346986e+05 5.050771e+01 -3.984821e-02 2.040738e+00 1.841958e-05 1.662028e-02
2.840098e-01 1.008660e+00 5.159988e+03 9.341322e-01 6.544110e+05 5.207637e+01 -9.069463e-02 5.659055e+00 2.023873e-05 1.810457e-02
2.928645e-01 1.008553e+00 5.160810e+03 9.251829e-01 5.835331e+05 4.643609e+01 3.399203e-02 2.646699e+00 1.743840e-05 1.656704e-02
3.019952e-01 1.000571e+00 5.159125e+03 9.615344e-01 6.178488e+05 4.916684e+01 -5.101720e-02 2.351761e+00 1.944715e-05 1.707860e-02
3.114106e-01 9.981584e-01 5.158578e+03 9.137311e-01 6.480955e+05 5.157380e+01 -6.011230e-02 2.864072e+00 1.902823e-05 1.800723e-02
3.211195e-01 9.973940e-01 5.160084e+03 9.568279e-01 6.113578e+05 4.865031e+01 -6.290261e-02 2.275125e+00 1.831720e-05 1.779966e-02
3.311311e-01 1.000065e+00 5.159228e+03 9.669249e-01 6.559791e+05 5.220116e+01 -5.271500e-02 2.063964e+00 2.044046e-05 1.768741e-02
3.414549e-01 9.980108e-01 5.159339e+03 9.121600e-01 5.836726e+05 4.644719e+01 -1.843708e-02 2.321199e+00 1.709773e-05 1.636921e-02
3.521005e-01 1.008094e+00 5.160596e+03 1.006957e+00 6.714286e+05 5.343059e+01 1.073370e-03 1.551775e+00 1.792653e-05 1.880247e-02
3.630781e-01 1.004444e+00 5.160204e+03 9.297406e-01 6.008992e+05 4.781804e+01 7.140141e-02 3.029935e+00 1.852688e-05 1.663491e-02
3.743978e-01 1.004272e+00 5.160662e+03 9.312149e-01 6.143523e+05 4.888860e+01 -1.771844e-02 1.957769e+00 1.803573e-05 1.707608e-02
3.860705e-01 1.005945e+00 5.160495e+03 8.712714e-01 6.033252e+05 4.801109e+01 -3.867479e-03 3.610461e+00 1.720109e-05 1.627276e-02
3.981072e-01 9.988927e-01 5.159912e+03 8.843530e-01 6.193749e+05 4.928829e+01 -6.951462e-02 1.689793e+00 1.844169e-05 1.700768e-02
4.105191e-01 9.979844e-01 5.158650e+03 8.855088e-01 5.936175e+05 4.723858e+01 -6.011808e-02 4.749834e+00 1.699913e-05 1.642708e-02
4.233179e-01 1.003285e+00 5.160747e+03 9.525640e-01 6.359300e+05 5.060570e+01 -5.546729e-02 2.176217e+00 1.738722e-05 1.746887e-02
4.365158e-01 1.014520e+00 5.161029e+03 1.012700e+00 6.466181e+05 5.145623e+01 -4.646628e-02 2.441916e+00 1.767569e-05 1.747159e-02
4.501252e-01 1.001721e+00 5.160232e+03 9.286794e-01 5.961991e+05 4.744402e+01 -4.994394e-02 2.240504e+00 1.747726e-05 1.655347e-02
4.641589e-01 1.010765e+00 5.161314e+03 9.046469e-01 5.996304e+05 4.771707e+01 -5.180346e-02 1.474513e+00 1.811297e-05 1.610513e-02
4.786301e-01 1.004296e+00 5.160645e+03 9.344142e-01 6.018341e+05 4.789243e+01 -1.474046e-02 3.024985e+00 1.757881e-05 1.665543e-02
4.935525e-01 9.954360e-01 5.159994e+03 9.196003e-01 5.725815e+05 4.556459e+01 -7.217468e-02 1.400696e+00 1.892685e-05 1.681496e-02
5.089401e-01 9.998377e-01 5.160277e+03 9.211079e-01 5.943421e+05 4.729624e+01 7.722325e-02 2.663792e+00 1.793411e-05 1.707646e-02
5.248075e-01 9.981191e-01 5.159806e+03 9.784817e-01 5.891145e+05 4.688024e+01 1.311027e-02 2.318631e+00 1.879670e-05 1.682036e-02
5.411695e-01 9.945173e-01 5.159784e+03 9.234676e-01 6.033701e+05 4.801466e+01 -4.454794e-02 2.380438e+00 1.920384e-05 1.729001e-02
5.580417e-01 1.008813e+00 5.159553e+03 9.875186e-01 6.057304e+05 4.820249e+01 -5.825403e-02 2.303235e+00 1.927204e-05 1.722516e-02
5.754399e-01 9.985252e-01 5.158706e+03 9.913358e-01 6.645184e+05 5.288069e+01 -7.004822e-02 1.858992e+00 1.954647e-05 1.879481e-02
5.933806e-01 1.008880e+00 5.160111e+03 9.697560e-01 6.391528e+05 5.086216e+01 -8.534778e-02 2.030731e+00 1.919682e-05 1.750232e-02
6.118806e-01 1.009006e+00 5.160694e+03 9.781683e-01 6.355201e+05 5.057308e+01 -1.649098e-02 3.542273e+00 1.801668e-05 1.774705e-02
6.309573e-01 1.000246e+00 5.158894e+03 9.513155e-01 6.252027e+05 4.975205e+01 -6.811450e-02 2.548653e+00 1.850638e-05 1.776457e-02
6.506289e-01 1.000765e+00 5.160808e+03 9.718624e-01 6.377354e+05 5.074937e+01 -2.911618e-02 3.711488e+00 1.843196e-05 1.798015e-02
6.709137e-01 1.002784e+00 5.160467e+03 9.483615e-01 6.360396e+05 5.061442e+01 -1.800093e-02 2.337080e+00 1.843225e-05 1.801587e-02
6.918310e-01 1.003978e+00 5.161678e+03 9.554201e-01 6.068217e+05 4.828933e+01 -6.518156e-02 3.066793e+00 1.835827e-05 1.755927e-02
7.134004e-01 9.974471e-01 5.159324e+03 9.295934e-01 6.303418e+05 5.016101e+01 -2.755696e-02 2.967157e+00 1.816166e-05 1.744942e-02
7.356423e-01 1.009683e+00 5.160222e+03 9.503509e-01 6.106025e+05 4.859020e+01 2.412908e-02 1.291617e+00 1.805248e-05 1.669150e-02
7.585776e-01 1.003465e+00 5.159526e+03 1.021429e+00 6.558405e+05 5.219013e+01 4.142501e-02 2.016865e+00 1.768036e-05 1.767264e-02
7.822280e-01 1.006395e+00 5.160456e+03 9.809851e-01 6.396914e+05 5.090502e+01 -1.053503e-03 1.920251e+00 1.747525e-05 1.780380e-02
8.066157e-01 1.001987e+00 5.160623e+03 8.994036e-01 5.776154e+05 4.596518e+01 6.277441e-03 3.038174e+00 1.816021e-05 1.641753e-02
8.317638e-01 9.999185e-01 5.160217e+03 9.365480e-01 6.198316e+05 4.932463e+01 4.046127e-02 2.922528e+00 1.801491e-05 1.693926e-02
8.576959e-01 1.009463e+00 5.159953e+03 9.585432e-01 6.292347e+05 5.007290e+01 -2.858324e-02 4.677320e+00 1.860569e-05 1.815817e-02
8.844365e-01 1.000903e+00 5.159426e+03 9.938486e-01 6.492144e+05 5.166284e+01 -6.239258e-02 2.099533e+00 1.827753e-05 1.916241e-02
9.120108e-01 1.010519e+00 5.160091e+03 9.251521e-01 6.073700e+05 4.833297e+01 -3.203021e-02 2.010034e+00 1.928651e-05 1.663161e-02
9.404449e-01 1.012015e+00 5.160027e+03 9.850818e-01 6.552504e+05 5.214317e+01 -5.343043e-03 1.702669e+00 1.711723e-05 1.762222e-02
9.697654e-01 1.005930e+00 5.160016e+03 9.526556e-01 6.340020e+05 5.045227e+01 -1.469923e-02 2.841685e+00 1.748546e-05 1.824351e-02
1.000000e+00 1.001495e+00 5.159068e+03 8.518631e-01 5.718648e+05 4.550755e+01 -6.460177e-02 1.579361e+00 1.827113e-05 1.650568e-02
1.031177e+00 1.007827e+00 5.159891e+03 9.562036e-01 6.456463e+05 5.137890e+01 -8.486925e-02 2.457292e+00 1.887910e-05 1.789208e-02
1.063327e+00 1.011704e+00 5.161668e+03 9.748005e-01 6.196444e+05 4.930974e+01 -4.535436e-02 2.423628e+00 1.782349e-05 1.667258e-02
1.096478e+00 1.013985e+00 5.160282e+03 9.789532e-01 6.707356e+05 5.337544e+01 -1.077261e-01 1.995613e+00 1.933493e-05 1.803616e-02
1.130663e+00 1.009567e+00 5.160456e+03 1.002192e+00 6.535391e+05 5.200699e+01 -4.928139e-02 2.383903e+00 1.827313e-05 1.807099e-02
1.165914e+00 1.014228e+00 5.161083e+03 9.061629e-01 5.817431e+05 4.629365e+01 -1.384883e-02 1.995024e+00 1.934510e-05 1.664493e-02
1.202264e+00 1.009101e+00 5.159433e+03 9.391944e-01 6.183115e+05 4.920366e+01 -3.199725e-02 2.316209e+00 1.825235e-05 1.683231e-02
1.239748e+00 1.013770e+00 5.160315e+03 9.639098e-01 6.134128e+05 4.881384e+01 -1.355494e-02 2.797826e+00 1.763852e-05 1.674551e-02
1.278400e+00 1.004864e+00 5.159634e+03 9.718495e-01 6.299420e+05 5.012919e+01 -9.525885e-02 4.163795e+00 1.976739e-05 1.804366e-02
1.318257e+00 1.014923e+00 5.161018e+03 9.743711e-01 6.373314e+05 5.071722e+01 -5.130531e-02 2.803261e+00 1.966513e-05 1.737138e-02
1.359356e+00 1.007281e+00 5.161024e+03 9.512273e-01 5.886974e+05 4.684705e+01 1.531728e-02 2.922569e+00 1.776722e-05 1.671285e-02
1.401737e+00 1.008632e+00 5.160362e+03 9.709163e-01 6.440983e+05 5.125571e+01 2.150806e-02 2.248364e+00 1.736410e-05 1.783164e-02
1.445440e+00 1.013543e+00 5.161678e+03 9.179784e-01 5.997843e+05 4.772932e+01 -1.980983e-02 1.796997e+00 1.725404e-05 1.680742e-02
1.490505e+00 1.016469e+00 5.160333e+03 9.179181e-01 5.858770e+05 4.662261e+01 -1.285370e-02 3.172456e+00 1.946076e-05 1.610598e-02
1.536975e+00 1.013703e+00 5.160389e+03 9.488314e-01 5.863331e+05 4.665890e+01 -4.521805e-02 2.389650e+00 1.842600e-05 1.616819e-02
1.584893e+00 1.013415e+00 5.161049e+03 9.625026e-01 6.294787e+05 5.009232e+01 -3.580513e-02 2.819885e+00 1.869761e-05 1.680539e-02
1.634306e+00 1.008412e+00 5.159989e+03 9.245326e-01 6.231232e+05 4.958657e+01 -7.344841e-02 2.064529e+00 1.817160e-05 1.746411e-02
1.685259e+00 1.019908e+00 5.159817e+03 9.680394e-01 6.124568e+05 4.873776e+01 -6.747033e-02 2.226617e+00 1.740995e-05 1.696845e-02
1.737801e+00 1.008691e+00 5.159733e+03 9.113780e-01 6.130819e+05 4.878751e+01 -6.140873e-02 2.688554e+00 1.876993e-05 1.718586e-02
1.791981e+00 1.018775e+00 5.161195e+03 9.341277e-01 6.112292e+05 4.864007e+01 -1.704181e-02 1.417348e+00 1.861608e-05 1.716077e-02
1.847850e+00 1.015529e+00 5.159834e+03 9.241861e-01 6.015017e+05 4.786599e+01 -2.544689e-02 3.169600e+00 1.732566e-05 1.688342e-02
1.905461e+00 1.020927e+00 5.160151e+03 9.143607e-01 6.212909e+05 4.944076e+01 -6.866565e-02 2.677735e+00 1.762640e-05 1.680217e-02
1.964868e+00 1.017849e+00 5.161175e+03 9.528626e-01 5.746291e+05 4.572753e+01 2.053838e-02 2.486112e+00 1.705657e-05 1.605913e-02
2.026127e+00 1.017476e+00 5.159302e+03 9.397842e-01 6.743683e+05 5.366452e+01 -6.183834e-03 4.933474e+00 1.879059e-05 1.789016e-02
2.089296e+00 1.020819e+00 5.160052e+03 9.456815e-01 6.177037e+05 4.915530e+01 -5.975598e-02 1.405513e+00 1.795957e-05 1.664649e-02
2.154435e+00 1.026363e+00 5.160238e+03 8.927083e-01 6.160432e+05 4.902316e+01 -6.993051e-03 2.032834e+00 1.658836e-05 1.644504e-02
2.221604e+00 1.027282e+00 5.161595e+03 9.429008e-01 6.006539e+05 4.779852e+01 5.353275e-02 2.054292e+00 1.867956e-05 1.621263e-02
2.290868e+00 1.027985e+00 5.161205e+03 9.658202e-01 6.365435e+05 5.065452e+01 -3.785688e-02 1.588831e+00 1.851921e-05 1.657932e-02
2.362291e+00 1.025541e+00 5.160354e+03 9.535757e-01 6.293327e+05 5.008070e+01 -3.352652e-02 1.942888e+00 1.880739e-05 1.649586e-02
2.435940e+00 1.025046e+00 5.161084e+03 9.035283e-01 6.144013e+05 4.889250e+01 -1.161904e-01 2.256412e+00 1.754473e-05 1.659868e-02
2.511886e+00 1.029271e+00 5.160741e+03 9.317932e-01 5.666575e+05 4.509317e+01 -9.972626e-03 2.216780e+00 1.937058e-05 1.526846e-02
2.590200e+00 1.028952e+00 5.160398e+03 9.329623e-01 6.399590e+05 5.092632e+01 -4.662899e-02 3.888737e+00 1.811697e-05 1.703573e-02
2.670956e+00 1.023891e+00 5.159389e+03 9.458189e-01 6.352674e+05 5.055297e+01 -3.607744e-02 2.700449e+00 1.850177e-05 1.722057e-02
2.754229e+00 1.035154e+00 5.160791e+03 9.846178e-01 6.526353e+05 5.193506e+01 -9.938544e-02 2.784131e+00 1.812441e-05 1.686168e-02
2.840098e+00 1.031574e+00 5.160345e+03 9.697845e-01 6.411516e+05 5.102122e+01 -2.566447e-02 2.801131e+00 1.824655e-05 1.721770e-02
2.928645e+00 1.041458e+00 5.159685e+03 9.135016e-01 6.039872e+05 4.806377e+01 -5.890637e-02 3.074865e+00 1.905565e-05 1.556918e-02
3.019952e+00 1.042801e+00 5.160782e+03 9.177334e-01 6.064235e+05 4.825764e+01 -6.880562e-02 1.710328e+00 1.896899e-05 1.582773e-02
3.114106e+00 1.037784e+00 5.160468e+03 9.888958e-01 6.319724e+05 5.029077e+01 -8.383679e-03 3.213311e+00 1.713242e-05 1.686259e-02
3.211195e+00 1.045643e+00 5.159999e+03 9.438926e-01 6.080553e+05 4.838750e+01 -5.061537e-02 3.057148e+00 2.077910e-05 1.648129e-02
3.311311e+00 1.048643e+00 5.160830e+03 9.737442e-01 6.188667e+05 4.924784e+01 -7.385295e-02 2.921436e+00 1.783046e-05 1.565473e-02
3.414549e+00 1.038985e+00 5.160750e+03 9.722520e-01 6.668384e+05 5.306531e+01 -5.619899e-02 1.445527e+00 1.636071e-05 1.742921e-02
3.521005e+00 1.056729e+00 5.160861e+03 9.563569e-01 5.861852e+05 4.664713e+01 3.195765e-02 2.086811e+00 1.884717e-05 1.466692e-02
3.630781e+00 1.049777e+00 5.160399e+03 9.896053e-01 6.535006e+05 5.200392e+01 -4.649837e-02 3.008783e+00 1.796370e-05 1.682201e-02
3.743978e+00 1.052521e+00 5.161068e+03 9.528180e-01 6.452330e+05 5.134601e+01 -7.453578e-02 2.431880e+00 1.785166e-05 1.649564e-02
3.860705e+00 1.063893e+00 5.161983e+03 9.181123e-01 6.674676e+05 5.311538e+01 1.321373e-02 2.592064e+00 1.845156e-05 1.618683e-02
3.981072e+00 1.069902e+00 5.161940e+03 1.028058e+00 6.549014e+05 5.211539e+01 9.253240e-03 4.118953e+00 1.771250e-05 1.630085e-02
4.105191e+00 1.069258e+00 5.161206e+03 8.906693e-01 5.812375e+05 4.625341e+01 6.829112e-02 2.032878e+00 1.769588e-05 1.416569e-02
4.233179e+00 1.067117e+00 5.161202e+03 9.822332e-01 5.991568e+05 4.767938e+01 -4.890336e-02 2.484713e+00 1.673023e-05 1.578995e-02
4.365158e+00 1.075506e+00 5.160797e+03 9.285812e-01 6.259012e+05 4.980764e+01 1.803478e-02 1.901166e+00 1.884831e-05 1.507962e-02
4.501252e+00 1.085592e+00 5.161280e+03 9.205581e-01 6.312212e+05 5.023098e+01 -6.795062e-02 2.315521e+00 1.798956e-05 1.554703e-02
4.641589e+00 1.093262e+00 5.160985e+03 9.815665e-01 6.529248e+05 5.195810e+01 -7.649702e-02 1.979015e+00 1.846050e-05 1.542635e-02
4.786301e+00 1.088408e+00 5.161467e+03 9.227445e-01 5.663733e+05 4.507055e+01 -3.411533e-02 2.564962e+00 1.756742e-05 1.400949e-02
4.935525e+00 1.098954e+00 5.161145e+03 9.400077e-01 6.563686e+05 5.223215e+01 -1.142425e-01 3.769843e+00 1.756282e-05 1.504430e-02
5.089401e+00 1.107437e+00 5.160938e+03 9.675589e-01 6.494011e+05 5.167770e+01 -5.100799e-02 2.340072e+00 1.931358e-05 1.433144e-02
5.248075e+00 1.104191e+00 5.160545e+03 9.504672e-01 6.029230e+05 4.797909e+01 -4.363373e-02 1.781108e+00 1.889310e-05 1.387991e-02
5.411695e+00 1.124645e+00 5.161200e+03 9.322954e-01 6.065444e+05 4.826727e+01 3.957613e-02 2.207775e+00 1.798297e-05 1.357439e-02
5.580417e+00 1.120422e+00 5.160323e+03 9.287034e-01 5.926690e+05 4.716310e+01 -2.333735e-02 2.598721e+00 1.750517e-05 1.378545e-02
5.754399e+00 1.124571e+00 5.161766e+03 1.017028e+00 6.703025e+05 5.334098e+01 -5.509156e-02 3.179141e+00 1.908632e-05 1.538283e-02
5.933806e+00 1.145118e+00 5.163210e+03 9.340481e-01 6.180015e+05 4.917900e+01 -1.954437e-02 2.942094e+00 1.803597e-05 1.340510e-02
6.118806e+00 1.145469e+00 5.161091e+03 1.023892e+00 6.578977e+05 5.235384e+01 5.082646e-03 2.149855e+00 1.871959e-05 1.409443e-02
6.309573e+00 1.154219e+00 5.161730e+03 9.712371e-01 6.477716e+05 5.154803e+01 -2.727615e-02 3.006409e+00 1.751508e-05 1.405998e-02
6.506289e+00 1.163158e+00 5.159829e+03 9.360599e-01 6.227835e+05 4.955954e+01 -4.970626e-02 1.640760e+00 1.844829e-05 1.271913e-02
6.709137e+00 1.178493e+00 5.162007e+03 9.660888e-01 6.256586e+05 4.978833e+01 2.075507e-02 5.950936e+00 1.803492e-05 1.276995e-02
6.918310e+00 1.190251e+00 5.161677e+03 9.422624e-01 6.185283e+05 4.922091e+01 -3.173862e-02 2.087205e+00 1.883322e-05 1.193166e-02
7.134004e+00 1.192246e+00 5.161868e+03 8.789930e-01 5.627422e+05 4.478160e+01 -7.404472e-02 2.211062e+00 1.762836e-05 1.080166e-02
7.356423e+00 1.208059e+00 5.162682e+03 9.198967e-01 5.994063e+05 4.769924e+01 -2.918250e-02 2.291937e+00 1.729872e-05 1.088317e-02
7.585776e+00 1.222896e+00 5.161576e+03 9.242036e-01 6.154560e+05 4.897643e+01 -6.169747e-02 2.067093e+00 1.847420e-05 1.136885e-02
7.822280e+00 1.234490e+00 5.162315e+03 9.385032e-01 6.010123e+05 4.782703e+01 -1.534501e-03 2.554678e+00 1.871884e-05 1.119154e-02
8.066157e+00 1.250593e+00 5.163523e+03 9.374100e-01 6.475009e+05 5.152648e+01 -2.139897e-02 2.055611e+00 1.673788e-05 1.145553e-02
8.317638e+00 1.258850e+00 5.163107e+03 9.934121e-01 6.472695e+05 5.150807e+01 -2.030080e-03 2.935780e+00 1.970472e-05 1.148300e-02
8.576959e+00 1.282991e+00 5.164241e+03 9.221019e-01 5.866418e+05 4.668347e+01 -3.268280e-02 1.864960e+00 1.793325e-05 1.048779e-02
8.844365e+00 1.297396e+00 5.163691e+03 9.655768e-01 6.526909e+05 5.193949e+01 2.805908e-02 2.260958e+00 1.784294e-05 1.100113e-02
9.120108e+00 1.314483e+00 5.164399e+03 1.031662e+00 6.584358e+05 5.239665e+01 3.578224e-03 3.576680e+00 1.887032e-05 1.104265e-02
9.404449e+00 1.337232e+00 5.163871e+03 9.548116e-01 5.734312e+05 4.563220e+01 2.797464e-02 2.526746e+00 1.829395e-05 9.024037e-03
9.697654e+00 1.343885e+00 5.163353e+03 9.779575e-01 5.964105e+05 4.746084e+01 1.245491e-02 2.663927e+00 1.872342e-05 9.530533e-03
1.000000e+01 1.369248e+00 5.164147e+03 9.647910e-01 5.993805e+05 4.769719e+01 4.275149e-03 4.431958e+00 1.837547e-05 9.056072e-03
1.031177e+01 1.394645e+00 5.164443e+03 9.504074e-01 6.047045e+05 4.812086e+01 -6.311815e-02 2.317984e+00 1.856074e-05 8.804399e-03
1.063327e+01 1.407343e+00 5.163765e+03 1.002798e+00 6.298141e+05 5.011901e+01 -5.407254e-02 5.117293e+00 1.945375e-05 8.955542e-03
1.096478e+01 1.439311e+00 5.164890e+03 9.387984e-01 6.069657e+05 4.830079e+01 -1.198627e-02 1.936686e+00 1.748193e-05 8.022378e-03
1.130663e+01 1.466148e+00 5.164185e+03 9.488105e-01 5.907928e+05 4.701379e+01 2.822024e-02 3.451636e+00 1.988457e-05 7.494226e-03
1.165914e+01 1.492283e+00 5.164628e+03 9.429251e-01 6.081791e+05 4.839735e+01 -6.432173e-02 2.491733e+00 1.826897e-05 7.897569e-03
1.202264e+01 1.513793e+00 5.164033e+03 9.691760e-01 6.182852e+05 4.920157e+01 5.511657e-02 2.579461e+00 1.904540e-05 7.479336e-03
1.239748e+01 1.551704e+00 5.165734e+03 9.872287e-01 6.186210e+05 4.922830e+01 4.465692e-02 5.519921e+00 1.782428e-05 6.978277e-03
1.278400e+01 1.576890e+00 5.165400e+03 9.819970e-01 6.028353e+05 4.797211e+01 -2.579157e-02 1.919092e+00 1.903951e-05 7.009380e-03
1.318257e+01 1.607427e+00 5.165790e+03 8.880044e-01 5.870734e+05 4.671782e+01 2.430403e-02 2.842099e+00 1.768667e-05 6.327264e-03
1.359356e+01 1.640704e+00 5.166609e+03 9.808449e-01 6.412424e+05 5.102845e+01 -6.479088e-02 1.634940e+00 1.925639e-05 6.668344e-03
1.401737e+01 1.673150e+00 5.166814e+03 9.239891e-01 5.698313e+05 4.534573e+01 -1.529182e-02 2.403502e+00 1.746786e-05 5.731638e-03
1.445440e+01 1.716693e+00 5.165854e+03 9.615745e-01 5.808937e+05 4.622605e+01 -5.233846e-02 1.899283e+00 1.873532e-05 5.861206e-03
1.490505e+01 1.767428e+00 5.167448e+03 9.558363e-01 5.675560e+05 4.516467e+01 -7.793392e-02 1.810580e+00 1.828098e-05 5.371520e-03
1.536975e+01 1.792837e+00 5.167615e+03 1.012000e+00 6.412063e+05 5.102558e+01 2.261611e-02 2.345830e+00 1.923459e-05 5.800023e-03
1.584893e+01 1.845168e+00 5.168842e+03 9.472054e-01 5.739206e+05 4.567115e+01 5.150897e-02 3.557606e+00 1.824542e-05 4.642233e-03
1.634306e+01 1.884570e+00 5.168800e+03 9.211790e-01 5.855684e+05 4.659805e+01 -5.141342e-02 3.497669e+00 1.847755e-05 4.736801e-03
1.685259e+01 1.934795e+00 5.169256e+03 9.705904e-01 5.811072e+05 4.624304e+01 -4.553336e-02 1.670616e+00 1.669818e-05 4.393774e-03
1.737801e+01 1.976808e+00 5.170061e+03 9.999561e-01 6.102421e+05 4.856152e+01 -5.943148e-02 2.183842e+00 1.904635e-05 4.461113e-03
1.791981e+01 2.034872e+00 5.171591e+03 9.221138e-01 5.591733e+05 4.449760e+01 2.479801e-02 2.337711e+00 1.821949e-05 3.742634e-03
1.847850e+01 2.079500e+00 5.170626e+03 9.387651e-01 5.596994e+05 4.453946e+01 -1.067445e-02 3.096884e+00 1.730713e-05 3.629086e-03
1.905461e+01 2.134977e+00 5.171973e+03 9.461110e-01 5.435604e+05 4.325516e+01 -7.607620e-03 3.583759e+00 1.824810e-05 3.469209e-03
1.964868e+01 2.195246e+00 5.173820e+03 9.741892e-01 5.639498e+05 4.487770e+01 5.862515e-02 2.532714e+00 1.872203e-05 3.349774e-03
2.026127e+01 2.247950e+00 5.173888e+03 8.972683e-01 5.531999e+05 4.402225e+01 1.408219e-02 3.599389e+00 1.830651e-05 3.087829e-03
2.089296e+01 2.309081e+00 5.174530e+03 9.089012e-01 5.339377e+05 4.248941e+01 8.544881e-02 2.507600e+00 1.860052e-05 2.864057e-03
2.154435e+01 2.372368e+00 5.174677e+03 9.061300e-01 5.687497e+05 4.525966e+01 1.641035e-02 2.385515e+00 1.763716e-05 2.797041e-03
2.221604e+01 2.435484e+00 5.176235e+03 9.492199e-01 5.847850e+05 4.653571e+01 -9.657517e-02 3.274391e+00 1.986625e-05 2.671410e-03
2.290868e+01 2.496175e+00 5.177395e+03 9.181789e-01 5.595794e+05 4.452991e+01 -1.019352e-01 2.036772e+00 2.035875e-05 2.556468e-03
2.362291e+01 2.560056e+00 5.177912e+03 8.862175e-01 5.187279e+05 4.127906e+01 1.530095e-01 2.535894e+00 1.822640e-05 2.275498e-03
2.435940e+01 2.630499e+00 5.178322e+03 1.005179e+00 5.766758e+05 4.589040e+01 6.518531e-02 2.096298e+00 1.998591e-05 2.333769e-03
2.511886e+01 2.705215e+00 5.179492e+03 8.884772e-01 5.104808e+05 4.062277e+01 3.932052e-02 2.742183e+00 1.677942e-05 1.973746e-03
2.590200e+01 2.779099e+00 5.181164e+03 9.201111e-01 5.539475e+05 4.408174e+01 2.639083e-02 2.585587e+00 1.926227e-05 2.029013e-03
2.670956e+01 2.837493e+00 5.181805e+03 9.272831e-01 5.267576e+05 4.191804e+01 5.888693e-02 2.272483e+00 1.816706e-05 1.895122e-03
2.754229e+01 2.912335e+00 5.183243e+03 8.770233e-01 4.826490e+05 3.840798e+01 1.042306e-02 2.370537e+00 1.791541e-05 1.615070e-03
2.840098e+01 2.993299e+00 5.185744e+03 8.569118e-01 4.855104e+05 3.863569e+01 1.136612e-02 1.697030e+00 1.685888e-05 1.577988e-03
2.928645e+01 3.065043e+00 5.187447e+03 9.094205e-01 5.119831e+05 4.074232e+01 -5.224601e-03 2.034526e+00 1.803870e-05 1.516924e-03
3.019952e+01 3.140438e+00 5.188207e+03 8.753708e-01 4.845811e+05 3.856174e+01 -7.829627e-02 2.071914e+00 1.824667e-05 1.397203e-03
3.114106e+01 3.218882e+00 5.189455e+03 9.797912e-01 5.240244e+05 4.170054e+01 -4.249099e-02 3.868448e+00 1.969482e-05 1.464920e-03
3.211195e+01 3.292776e+00 5.190500e+03 9.373717e-01 4.782815e+05 3.806043e+01 -3.198951e-03 5.542809e+00 2.037636e-05 1.303917e-03
3.311311e+01 3.362221e+00 5.191214e+03 9.913181e-01 5.179892e+05 4.122027e+01 -6.833454e-03 2.198435e+00 1.865623e-05 1.315052e-03
3.414549e+01 3.452611e+00 5.195967e+03 9.083135e-01 4.608832e+05 3.667592e+01 1.855356e-02 1.663373e+00 1.718329e-05 1.109687e-03
3.521005e+01 3.515501e+00 5.196501e+03 8.808668e-01 4.259977e+05 3.389982e+01 4.998075e-02 2.499945e+00 1.838893e-05 1.022251e-03
3.630781e+01 3.589954e+00 5.198103e+03 8.868363e-01 4.370494e+05 3.477929e+01 -6.288138e-02 1.820058e+00 1.881729e-05 9.570321e-04
3.743978e+01 3.672581e+00 5.200702e+03 8.271930e-01 4.213296e+05 3.352835e+01 -8.126448e-04 1.961768e+00 1.802802e-05 8.816459e-04
3.860705e+01 3.743682e+00 5.202003e+03 9.214686e-01 4.469736e+05 3.556903e+01 7.864189e-02 1.444399e+00 1.885860e-05 9.437618e-04
3.981072e+01 3.813169e+00 5.204884e+03 9.772359e-01 4.646664e+05 3.697697e+01 -3.420161e-02 2.466000e+00 1.870054e-05 9.169831e-04
4.105191e+01 3.881035e+00 5.207908e+03 9.098677e-01 4.021114e+05 3.199901e+01 3.055865e-02 1.356610e+00 1.900122e-05 7.807801e-04
4.233179e+01 3.945127e+00 5.208514e+03 8.885531e-01 3.935971e+05 3.132146e+01 -1.069194e-02 2.266680e+00 1.915254e-05 7.297607e-04
4.365158e+01 4.006484e+00 5.211517e+03 9.319331e-01 4.103808e+05 3.265707e+01 -2.301317e-02 3.167785e+00 1.929415e-05 7.315653e-04
4.501252e+01 4.069711e+00 5.214925e+03 9.134793e-01 4.048658e+05 3.221820e+01 -9.483272e-02 1.696373e+00 1.865788e-05 6.812904e-04
4.641589e+01 4.132257e+00 5.217107e+03 9.620928e-01 4.118699e+05 3.277556e+01 -7.389819e-02 3.931299e+00 1.958684e-05 6.698458e-04
4.786301e+01 4.187247e+00 5.221062e+03 9.351640e-01 3.718147e+05 2.958807e+01 -9.559902e-02 1.958906e+00 1.940371e-05 6.256644e-04
4.935525e+01 4.239841e+00 5.222391e+03 8.891749e-01 3.619890e+05 2.880617e+01 -4.343010e-02 2.627953e+00 1.895189e-05 5.653176e-04
5.089401e+01 4.287719e+00 5.226800e+03 9.689898e-01 3.699976e+05 2.944347e+01 -8.031491e-02 2.304503e+00 1.862596e-05 5.686998e-04
5.248075e+01 4.342038e+00 5.229908e+03 9.568661e-01 3.733972e+05 2.971400e+01 -1.399333e-01 1.584065e+00 1.890368e-05 5.525060e-04
5.411695e+01 4.378807e+00 5.233137e+03 9.588042e-01 3.710310e+05 2.952571e+01 -1.100134e-01 4.106906e+00 1.843665e-05 5.490571e-04
5.580417e+01 4.416382e+00 5.236893e+03 9.509896e-01 3.553936e+05 2.828132e+01 -8.790481e-02 1.397558e+00 1.841268e-05 5.236617e-04
5.754399e+01 4.446308e+00 5.240292e+03 9.610603e-01 3.410847e+05 2.714266e+01 -7.826283e-02 1.887023e+00 1.779358e-05 4.904800e-04
5.933806e+01 4.480059e+00 5.244915e+03 9.634655e-01 3.287562e+05 2.616158e+01 -4.097065e-02 1.803249e+00 1.869884e-05 4.686784e-04
6.118806e+01 4.502482e+00 5.248492e+03 1.006715e+00 3.404410e+05 2.709143e+01 -6.280760e-02 3.163043e+00 1.970244e-05 4.686102e-04
6.309573e+01 4.526219e+00 5.253026e+03 9.927134e-01 3.347987e+05 2.664244e+01 -8.837814e-03 4.818554e+00 1.931774e-05 4.504136e-04
6.506289e+01 4.545438e+00 5.257790e+03 8.944925e-01 2.888785e+05 2.298822e+01 -6.924565e-02 3.809281e+00 1.870950e-05 3.892481e-04
6.709137e+01 4.549134e+00 5.262942e+03 9.708404e-01 3.258060e+05 2.592682e+01 -6.285366e-02 2.396439e+00 1.783982e-05 4.414582e-04
6.918310e+01 4.557887e+00 5.266646e+03 9.522833e-01 2.890407e+05 2.300113e+01 4.402736e-02 2.727517e+00 1.841900e-05 3.927132e-04
7.134004e+01 4.555393e+00 5.270834e+03 9.378924e-01 2.850809e+05 2.268602e+01 1.174392e-02 2.360859e+00 1.763145e-05 3.764382e-04
7.356423e+01 4.551228e+00 5.276468e+03 9.221279e-01 2.725996e+05 2.169279e+01 -6.328118e-02 2.604983e+00 1.935140e-05 3.732037e-04
7.585776e+01 4.541905e+00 5.281824e+03 8.555988e-01 2.580285e+05 2.053326e+01 -3.286365e-02 1.768732e+00 1.773506e-05 3.521045e-04
7.822280e+01 4.524354e+00 5.288144e+03 9.523733e-01 2.759349e+05 2.195820e+01 -2.477409e-02 3.493043e+00 1.867463e-05 3.889841e-04
8.066157e+01 4.515728e+00 5.294893e+03 9.196692e-01 2.622596e+05 2.086996e+01 -8.106768e-02 2.658463e+00 1.786950e-05 3.705376e-04
8.317638e+01 4.487569e+00 5.299470e+03 1.032328e+00 2.965150e+05 2.359591e+01 -1.588275e-02 2.060507e+00 1.854096e-05 4.210267e-04
8.576959e+01 4.462444e+00 5.306683e+03 9.824645e-01 2.772500e+05 2.206285e+01 1.320634e-02 1.508589e+00 1.938468e-05 3.878170e-04
8.844365e+01 4.426954e+00 5.312569e+03 9.517004e-01 2.445757e+05 1.946271e+01 -7.512413e-02 2.439724e+00 1.789748e-05 3.519896e-04
9.120108e+01 4.395364e+00 5.321646e+03 1.021734e+00 2.676657e+05 2.130016e+01 -1.357361e-01 2.281649e+00 1.865264e-05 3.866967e-04
9.404449e+01 4.349355e+00 5.326845e+03 9.126797e-01 2.598483e+05 2.067807e+01 -6.983074e-02 1.757753e+00 1.822638e-05 3.701823e-04
9.697654e+01 4.309295e+00 5.335276e+03 1.009946e+00 2.589781e+05 2.060882e+01 -2.870676e-02 2.777691e+00 1.897100e-05 3.852437e-04
1.000000e+02 4.255895e+00 5.342731e+03 1.044725e+00 2.712175e+05 2.158280e+01 -5.403899e-02 2.040468e+00 2.065187e-05 4.310788e-04
1.031177e+02 4.206942e+00 5.351856e+03 1.049419e+00 2.459749e+05 1.957406e+01 -5.943745e-02 2.819710e+00 1.874962e-05 3.978941e-04
1.063327e+02 4.147323e+00 5.359374e+03 1.076917e+00 2.451338e+05 1.950713e+01 -7.902845e-02 2.788381e+00 1.943857e-05 4.151476e-04
1.096478e+02 4.085204e+00 5.367532e+03 9.521638e-01 2.241357e+05 1.783615e+01 -1.183997e-02 2.496059e+00 1.783421e-05 3.575963e-04
1.130663e+02 4.020933e+00 5.377279e+03 9.722434e-01 2.324053e+05 1.849423e+01 -6.165199e-02 1.665475e+00 1.784660e-05 4.092978e-04
1.165914e+02 3.952874e+00 5.385189e+03 1.031939e+00 2.172251e+05 1.728623e+01 -7.748075e-02 1.224284e+00 1.877534e-05 3.987177e-04
1.202264e+02 3.884179e+00 5.396303e+03 9.888923e-01 2.085108e+05 1.659276e+01 2.242760e-02 2.203713e+00 1.834705e-05 3.909598e-04
1.239748e+02 3.810568e+00 5.406614e+03 1.067115e+00 2.174053e+05 1.730056e+01 -5.144200e-02 1.128416e+00 1.842833e-05 4.122975e-04
1.278400e+02 3.737524e+00 5.418540e+03 9.781689e-01 1.821286e+05 1.449333e+01 -2.998708e-02 2.547899e+00 1.806580e-05 3.727186e-04
1.318257e+02 3.655993e+00 5.428788e+03 1.000409e+00 1.891534e+05 1.505235e+01 -8.340171e-02 1.606067e+00 1.840815e-05 3.983695e-04
1.359356e+02 3.579125e+00 5.442198e+03 9.780950e-01 1.855389e+05 1.476472e+01 -3.511466e-02 3.100000e+00 1.685139e-05 3.942512e-04
1.401737e+02 3.498497e+00 5.453610e+03 1.075372e+00 1.958774e+05 1.558743e+01 6.657955e-02 2.063886e+00 1.624928e-05 4.393188e-04
1.445440e+02 3.413377e+00 5.466562e+03 1.045569e+00 1.795931e+05 1.429157e+01 -6.528850e-02 3.025678e+00 1.769088e-05 4.367367e-04
1.490505e+02 3.327668e+00 5.479036e+03 9.978489e-01 1.603645e+05 1.276140e+01 -8.836628e-02 2.593988e+00 1.719474e-05 4.134824e-04
1.536975e+02 3.250426e+00 5.495463e+03 1.039646e+00 1.611272e+05 1.282209e+01 1.107302e-02 2.203929e+00 1.844902e-05 4.445348e-04
1.584893e+02 3.167846e+00 5.511123e+03 9.827215e-01 1.518777e+05 1.208605e+01 2.019820e-02 2.220732e+00 1.828977e-05 4.246926e-04
1.634306e+02 3.078628e+00 5.524570e+03 1.034965e+00 1.519177e+05 1.208923e+01 -2.366028e-02 1.927989e+00 1.784232e-05 4.318174e-04
1.685259e+02 2.986415e+00 5.538975e+03 9.778454e-01 1.329193e+05 1.057738e+01 3.189646e-03 1.769380e+00 1.765456e-05 4.210362e-04
1.737801e+02 2.899956e+00 5.557634e+03 1.026178e+00 1.457708e+05 1.160007e+01 6.412681e-02 1.894227e+00 1.692014e-05 4.928916e-04
1.791981e+02 2.812861e+00 5.574377e+03 1.047596e+00 1.437363e+05 1.143817e+01 5.840809e-02 1.943254e+00 1.715095e-05 4.974579e-04
1.847850e+02 2.726118e+00 5.592987e+03 1.022905e+00 1.287188e+05 1.024312e+01 1.563841e-01 2.222246e+00 1.658792e-05 4.728191e-04
1.905461e+02 2.639111e+00 5.612005e+03 1.019519e+00 1.234749e+05 9.825823e+00 7.865459e-02 9.465263e-01 1.714401e-05 4.907038e-04
1.964868e+02 2.548476e+00 5.631079e+03 1.017067e+00 1.239680e+05 9.865057e+00 1.429378e-01 2.059830e+00 1.637409e-05 5.380490e-04
2.026127e+02 2.459524e+00 5.651909e+03 1.035370e+00 1.144286e+05 9.105940e+00 1.123248e-01 1.962306e+00 1.821123e-05 5.351248e-04
2.089296e+02 2.379445e+00 5.674428e+03 9.924935e-01 1.098746e+05 8.743539e+00 1.465591e-01 1.974967e+00 1.714487e-05 5.373540e-04
2.154435e+02 2.289817e+00 5.696366e+03 1.008936e+00 1.040282e+05 8.278303e+00 1.140459e-02 1.806581e+00 1.573108e-05 5.516173e-04
2.221604e+02 2.204220e+00 5.719195e+03 1.060170e+00 1.040456e+05 8.279687e+00 -1.181515e-02 1.761584e+00 1.741180e-05 5.986824e-04
2.290868e+02 2.118722e+00 5.744359e+03 1.032481e+00 9.786751e+04 7.788048e+00 -6.274011e-03 1.305895e+00 1.619793e-05 6.093990e-04
2.362291e+02 2.037825e+00 5.770542e+03 9.830200e-01 9.369321e+04 7.455869e+00 -1.117496e-02 1.663576e+00 1.634231e-05 6.355907e-04
2.435940e+02 1.950669e+00 5.796352e+03 9.536796e-01 8.718391e+04 6.937875e+00 -5.085519e-02 1.831383e+00 1.593971e-05 6.472564e-04
2.511886e+02 1.872618e+00 5.824405e+03 9.988781e-01 8.194724e+04 6.521154e+00 -2.885519e-02 1.196139e+00 1.588002e-05 6.701229e-04
2.590200e+02 1.797259e+00 5.854955e+03 9.487725e-01 7.147787e+04 5.688028e+00 1.134234e-01 1.461994e+00 1.545061e-05 6.195862e-04
2.670956e+02 1.716420e+00 5.884181e+03 9.791243e-01 7.329466e+04 5.832604e+00 -1.266913e-02 1.950415e+00 1.597777e-05 7.052489e-04
2.754229e+02 1.638700e+00 5.916951e+03 1.006319e+00 6.729434e+04 5.355113e+00 4.561776e-02 9.848114e-01 1.598173e-05 7.179164e-04
2.840098e+02 1.568308e+00 5.951768e+03 9.175750e-01 6.399336e+04 5.092429e+00 1.511231e-01 1.105654e+00 1.601295e-05 7.181038e-04
2.928645e+02 1.494598e+00 5.986521e+03 1.023285e+00 6.132533e+04 4.880114e+00 2.998381e-02 1.876370e+00 1.627500e-05 8.065530e-04
3.019952e+02 1.424760e+00 6.023164e+03 9.796571e-01 5.678302e+04 4.518649e+00 -6.324278e-02 1.327716e+00 1.576080e-05 8.365779e-04
3.114106e+02 1.356177e+00 6.061088e+03 9.816311e-01 5.387161e+04 4.286967e+00 -1.179979e-02 1.606223e+00 1.488579e-05 8.422726e-04
3.211195e+02 1.286739e+00 6.100824e+03 9.659570e-01 5.511548e+04 4.385951e+00 5.627868e-02 1.680206e+00 1.531140e-05 9.154733e-04
3.311311e+02 1.222713e+00 6.142915e+03 1.026648e+00 5.652326e+04 4.497978e+00 -8.784006e-02 1.992778e+00 1.493349e-05 1.057026e-03
3.414549e+02 1.162441e+00 6.189808e+03 9.848276e-01 5.043624e+04 4.013588e+00 -6.128130e-02 1.509158e+00 1.546355e-05 1.061208e-03
3.521005e+02 1.102324e+00 6.237283e+03 1.071902e+00 5.002181e+04 3.980609e+00 -2.829417e-03 1.266725e+00 1.520638e-05 1.192415e-03
3.630781e+02 1.041628e+00 6.284211e+03 1.025181e+00 5.018062e+04 3.993247e+00 -3.365249e-02 1.603753e+00 1.535584e-05 1.340568e-03
3.743978e+02 9.864072e-01 6.336110e+03 9.963541e-01 4.548186e+04 3.619332e+00 -9.423774e-03 1.246070e+00 1.586821e-05 1.271672e-03
3.860705e+02 9.318474e-01 6.392004e+03 9.398932e-01 3.677397e+04 2.926379e+00 -2.080612e-02 2.985335e+00 1.701354e-05 1.249766e-03
3.981072e+02 8.791168e-01 6.447183e+03 9.545463e-01 3.702866e+04 2.946647e+00 7.129354e-02 1.312678e+00 1.514639e-05 1.401128e-03
4.105191e+02 8.306018e-01 6.506844e+03 1.034028e+00 3.835366e+04 3.052087e+00 -5.202110e-02 8.543838e-01 1.655533e-05 1.611617e-03
4.233179e+02 7.823810e-01 6.570204e+03 1.025644e+00 3.435020e+04 2.733502e+00 -6.333331e-02 7.753115e-01 1.611464e-05 1.537030e-03
4.365158e+02 7.365632e-01 6.638810e+03 9.378621e-01 3.033245e+04 2.413779e+00 3.200546e-02 1.603079e+00 1.569640e-05 1.602692e-03
4.501252e+02 6.895393e-01 6.708261e+03 9.333253e-01 2.693500e+04 2.143419e+00 -4.978930e-02 1.491918e+00 1.505786e-05 1.634982e-03
4.641589e+02 6.485760e-01 6.783667e+03 9.810039e-01 2.645358e+04 2.105109e+00 -9.639113e-02 1.522653e+00 1.652891e-05 1.737723e-03
4.786301e+02 6.069892e-01 6.859765e+03 1.034105e+00 2.514394e+04 2.000891e+00 -1.014410e-01 1.213379e+00 1.643781e-05 1.968497e-03
4.935525e+02 5.679065e-01 6.942641e+03 9.360107e-01 2.230096e+04 1.774654e+00 -1.071842e-01 1.275865e+00 1.560819e-05 1.943353e-03
5.089401e+02 5.357580e-01 7.031105e+03 1.064729e+00 2.531175e+04 2.014245e+00 -2.916027e-02 1.158755e+00 1.600876e-05 2.432129e-03
5.248075e+02 4.988701e-01 7.124208e+03 1.004317e+00 2.063040e+04 1.641715e+00 -5.707372e-02 1.017618e+00 1.602159e-05 2.336642e-03
5.411695e+02 4.639711e-01 7.221638e+03 1.029863e+00 2.082040e+04 1.656834e+00 -3.516598e-02 1.517317e+00 1.551896e-05 2.721914e-03
5.580417e+02 4.354336e-01 7.326985e+03 1.054684e+00 2.087751e+04 1.661379e+00 -7.998898e-02 4.611142e-01 1.500201e-05 3.147695e-03
5.754399e+02 4.057522e-01 7.439458e+03 9.658000e-01 1.741062e+04 1.385493e+00 -6.585522e-02 1.330528e+00 1.554803e-05 2.972697e-03
5.933806e+02 3.776467e-01 7.555919e+03 9.770645e-01 1.547204e+04 1.231226e+00 -1.200929e-01 1.038757e+00 1.434703e-05 3.171461e-03
6.118806e+02 3.512694e-01 7.680444e+03 9.674224e-01 1.382586e+04 1.100227e+00 -4.355662e-02 1.354162e+00 1.437179e-05 3.098956e-03
6.309573e+02 3.271405e-01 7.815041e+03 9.993647e-01 1.315664e+04 1.046972e+00 3.901306e-02 1.005547e+00 1.505129e-05 3.446151e-03
6.506289e+02 3.049534e-01 7.958514e+03 9.780285e-01 1.126655e+04 8.965632e-01 2.265400e-03 8.202258e-01 1.515758e-05 3.438029e-03
6.709137e+02 2.853485e-01 8.113846e+03 9.676625e-01 1.093482e+04 8.701656e-01 -7.584493e-03 9.608973e-01 1.442983e-05 3.769794e-03
6.918310e+02 2.639525e-01 8.277234e+03 9.517183e-01 1.017578e+04 8.097624e-01 -3.775036e-03 1.419548e+00 1.446980e-05 4.125925e-03
7.134004e+02 2.463826e-01 8.455893e+03 1.006162e+00 1.046080e+04 8.324437e-01 7.932107e-02 5.354479e-01 1.520495e-05 4.631988e-03
7.356423e+02 2.277092e-01 8.644447e+03 9.321989e-01 8.216888e+03 6.538791e-01 3.487980e-02 9.035117e-01 1.353167e-05 4.547453e-03
7.585776e+02 2.126727e-01 8.851889e+03 1.001127e+00 9.424651e+03 7.499899e-01 7.440032e-02 8.542165e-01 1.520684e-05 5.817213e-03
7.822280e+02 1.976338e-01 9.073210e+03 9.625974e-01 8.072431e+03 6.423837e-01 -2.212175e-02 7.073233e-01 1.521653e-05 5.723666e-03
8.066157e+02 1.833212e-01 9.314351e+03 8.978115e-01 6.834459e+03 5.438689e-01 -1.734617e-02 5.911173e-01 1.511029e-05 5.758721e-03
8.317638e+02 1.701124e-01 9.577453e+03 9.636179e-01 6.716403e+03 5.344743e-01 -3.997720e-02 7.642804e-01 1.411206e-05 6.612576e-03
8.576959e+02 1.598126e-01 9.863178e+03 9.454357e-01 6.299946e+03 5.013337e-01 -2.627557e-02 7.813851e-01 1.511346e-05 6.884716e-03
8.844365e+02 1.473411e-01 1.017399e+04 9.505357e-01 6.178011e+03 4.916305e-01 -4.029158e-02 5.935425e-01 1.560179e-05 8.000273e-03
9.120108e+02 1.369521e-01 1.051997e+04 9.563959e-01 5.766799e+03 4.589072e-01 -4.676633e-02 1.285209e+00 1.551718e-05 8.467823e-03
9.404449e+02 1.279194e-01 1.089858e+04 9.807650e-01 5.451228e+03 4.337949e-01 -5.789821e-02 6.415591e-01 1.505632e-05 9.514769e-03
9.697654e+02 1.195702e-01 1.131762e+04 1.020436e+00 4.743785e+03 3.774984e-01 7.817988e-02 7.053439e-01 1.541441e-05 9.597197e-03
