#./double_munderdamped_3d --dev=1 --amp=100.0 --omega=1 --mass=0.0 --force=0 --Dg=0.01 --block=256 --paths=1024 --periods=1000 --trans=100 --samples=10000 --spp=10000 --algorithm=euler --pav=1 --mode=moments --domain=1d --domainx=g:-3:0:300:1 --domainy=s:-1:2:100:1 --domainz=a:-1:2.5:100:1 --q=2 --eps=0 --phi=1.57079632679 --lambda=5.0 --zeta=0.2 --comp=0 --mean=1.0 --second=20.0 --skew=0.99 --distribution=s>> 1D_double_g:-3:0:300:1_20.0_5.0_0.99_1.0_100.0.dat
#g <<v>> <<v^2>> qnu(q) mu_q Dx Gx Gv EBx EBv
1.000000e-03 4.036144e-01 7.348522e+04 9.483396e-01 7.634909e+05 6.075667e+01 -1.276111e-02 1.227786e+02 1.543413e-04 1.339974e-01
1.023293e-03 4.098214e-01 7.107137e+04 9.546764e-01 7.524149e+05 5.987527e+01 -3.307047e-02 9.309426e+01 1.556748e-04 1.293418e-01
1.047129e-03 4.154837e-01 6.878338e+04 8.955696e-01 7.416814e+05 5.902113e+01 2.947476e-02 6.745638e+01 1.715229e-04 1.200499e-01
1.071519e-03 4.241540e-01 6.654137e+04 8.317151e-01 6.894392e+05 5.486383e+01 -5.068582e-02 1.439883e+02 1.563048e-04 1.128449e-01
1.096478e-03 4.214523e-01 6.441187e+04 9.961021e-01 8.232497e+05 6.551213e+01 -7.245880e-03 1.184901e+02 1.656474e-04 1.303701e-01
1.122018e-03 4.291175e-01 6.239944e+04 9.061930e-01 7.259785e+05 5.777153e+01 -6.711627e-03 9.706521e+01 1.486995e-04 1.068163e-01
1.148154e-03 4.371262e-01 6.045397e+04 9.219083e-01 7.238995e+05 5.760609e+01 -7.692814e-02 2.408878e+02 1.576678e-04 1.057037e-01
1.174898e-03 4.500141e-01 5.858530e+04 9.676581e-01 7.915193e+05 6.298711e+01 -3.284828e-02 1.296429e+02 1.566799e-04 1.103723e-01
1.202264e-03 4.558694e-01 5.678740e+04 8.999723e-01 7.604461e+05 6.051438e+01 -8.277238e-02 1.305724e+02 1.463456e-04 1.033834e-01
1.230269e-03 4.607272e-01 5.507780e+04 9.127158e-01 7.719250e+05 6.142783e+01 -3.803453e-02 7.538577e+01 1.502580e-04 1.010279e-01
1.258925e-03 4.609737e-01 5.339949e+04 9.620787e-01 7.589921e+05 6.039867e+01 -3.872433e-02 1.193107e+02 1.646389e-04 1.021823e-01
1.288250e-03 4.745849e-01 5.178471e+04 1.015959e+00 7.764944e+05 6.179146e+01 -7.962779e-02 7.972691e+01 1.582473e-04 1.003934e-01
1.318257e-03 4.887925e-01 5.031738e+04 9.149296e-01 7.111106e+05 5.658838e+01 -5.537465e-03 1.533617e+02 1.538235e-04 8.334366e-02
1.348963e-03 4.836128e-01 4.878078e+04 9.243318e-01 7.416072e+05 5.901522e+01 5.852207e-02 7.829130e+01 1.593669e-04 8.993732e-02
1.380384e-03 4.951197e-01 4.732698e+04 9.814525e-01 7.979119e+05 6.349581e+01 -9.695436e-02 5.404046e+01 1.586628e-04 9.075389e-02
1.412538e-03 4.929123e-01 4.591086e+04 1.033544e+00 7.783296e+05 6.193750e+01 -5.192394e-02 1.888029e+02 1.569432e-04 9.278771e-02
1.445440e-03 5.023176e-01 4.461707e+04 8.891629e-01 7.247100e+05 5.767059e+01 -4.819517e-02 6.563850e+01 1.661740e-04 7.945470e-02
1.479108e-03 5.188323e-01 4.335013e+04 9.189485e-01 7.797909e+05 6.205379e+01 5.080836e-03 9.168547e+01 1.496878e-04 8.021543e-02
1.513561e-03 5.187264e-01 4.203935e+04 1.014065e+00 7.479444e+05 5.951952e+01 -6.429488e-03 4.572110e+01 1.621709e-04 8.292751e-02
1.548817e-03 5.239015e-01 4.088929e+04 9.002430e-01 7.109437e+05 5.657510e+01 -3.878175e-02 6.363406e+01 1.589890e-04 7.485027e-02
1.584893e-03 5.244008e-01 3.970734e+04 9.667889e-01 7.076875e+05 5.631598e+01 -5.557314e-02 1.900923e+02 1.455689e-04 7.523074e-02
1.621810e-03 5.312571e-01 3.862377e+04 9.814896e-01 7.572900e+05 6.026322e+01 -6.378815e-02 1.386445e+02 1.530016e-04 7.695677e-02
1.659587e-03 5.431612e-01 3.751729e+04 9.385480e-01 7.555353e+05 6.012359e+01 -7.748862e-02 6.003990e+01 1.442631e-04 7.206745e-02
1.698244e-03 5.574727e-01 3.647614e+04 9.340511e-01 7.694613e+05 6.123178e+01 3.610140e-02 4.758491e+01 1.560229e-04 6.962285e-02
1.737801e-03 5.599677e-01 3.548111e+04 9.336675e-01 7.556963e+05 6.013640e+01 2.449546e-03 8.851756e+01 1.564193e-04 6.738296e-02
1.778279e-03 5.602559e-01 3.447571e+04 9.514338e-01 7.435462e+05 5.916952e+01 -9.627591e-02 6.884845e+01 1.477477e-04 6.706779e-02
1.819701e-03 5.685883e-01 3.351228e+04 9.509111e-01 6.998435e+05 5.569177e+01 -4.072707e-02 1.021108e+02 1.514424e-04 6.110590e-02
1.862087e-03 5.896180e-01 3.264042e+04 9.430585e-01 7.567928e+05 6.022365e+01 8.678622e-03 5.305443e+01 1.550590e-04 6.217892e-02
1.905461e-03 5.838000e-01 3.172649e+04 9.752239e-01 7.334618e+05 5.836703e+01 6.783482e-03 6.056055e+01 1.474428e-04 6.012775e-02
1.949845e-03 6.059185e-01 3.088906e+04 9.805277e-01 7.410940e+05 5.897438e+01 -1.594932e-02 1.050884e+02 1.627522e-04 5.794210e-02
1.995262e-03 6.036192e-01 3.001990e+04 9.752562e-01 7.292953e+05 5.803547e+01 2.144897e-03 1.054478e+02 1.526117e-04 5.591127e-02
2.041738e-03 6.042403e-01 2.920020e+04 8.865545e-01 6.738377e+05 5.362230e+01 -7.033964e-02 7.617318e+01 1.531301e-04 5.261172e-02
2.089296e-03 6.220695e-01 2.845786e+04 9.912213e-01 7.840865e+05 6.239562e+01 -4.697628e-02 7.617600e+01 1.577419e-04 5.731235e-02
2.137962e-03 6.246894e-01 2.767781e+04 9.296511e-01 7.402945e+05 5.891076e+01 -2.807793e-02 3.161921e+01 1.735231e-04 5.451865e-02
2.187762e-03 6.294942e-01 2.693711e+04 9.745351e-01 7.138473e+05 5.680616e+01 1.237724e-02 4.109320e+01 1.567864e-04 5.278633e-02
2.238721e-03 6.532191e-01 2.623510e+04 9.753185e-01 7.360680e+05 5.857443e+01 4.431761e-02 5.420767e+01 1.629873e-04 4.998819e-02
2.290868e-03 6.543656e-01 2.555845e+04 1.002805e+00 7.288095e+05 5.799682e+01 -3.933696e-02 4.886865e+01 1.506900e-04 4.811574e-02
2.344229e-03 6.648721e-01 2.487752e+04 9.874387e-01 7.337511e+05 5.839006e+01 7.288095e-03 8.336702e+01 1.606372e-04 4.658567e-02
2.398833e-03 6.664336e-01 2.421179e+04 9.714913e-01 7.232104e+05 5.755126e+01 -3.964381e-03 2.273955e+02 1.572498e-04 4.539494e-02
2.454709e-03 6.842658e-01 2.359512e+04 9.623448e-01 7.279004e+05 5.792447e+01 1.464497e-02 9.856073e+01 1.536786e-04 4.533651e-02
2.511886e-03 6.878633e-01 2.298461e+04 9.455144e-01 7.459005e+05 5.935688e+01 1.049477e-03 5.815248e+01 1.637565e-04 4.399344e-02
2.570396e-03 6.944252e-01 2.238195e+04 9.660777e-01 7.076382e+05 5.631206e+01 -2.639760e-02 1.564234e+02 1.429006e-04 4.230717e-02
2.630268e-03 7.107158e-01 2.179591e+04 9.573581e-01 7.315135e+05 5.821200e+01 -3.952588e-03 3.964441e+01 1.587803e-04 4.177380e-02
2.691535e-03 7.248376e-01 2.125039e+04 9.955092e-01 6.792838e+05 5.405568e+01 4.488363e-02 5.925635e+01 1.448678e-04 3.735562e-02
2.754229e-03 7.333596e-01 2.069109e+04 9.667084e-01 7.071478e+05 5.627304e+01 -4.072611e-02 3.753942e+01 1.435775e-04 3.611324e-02
2.818383e-03 7.391389e-01 2.016147e+04 1.001121e+00 7.296021e+05 5.805989e+01 2.017127e-02 1.007327e+02 1.626800e-04 3.806487e-02
2.884032e-03 7.485167e-01 1.965163e+04 9.898382e-01 7.156903e+05 5.695282e+01 -1.802785e-02 6.651922e+01 1.675364e-04 3.656932e-02
2.951209e-03 7.666610e-01 1.916993e+04 9.338143e-01 6.745133e+05 5.367607e+01 1.661179e-02 7.291839e+01 1.547458e-04 3.191597e-02
3.019952e-03 7.709581e-01 1.865821e+04 9.747401e-01 6.830730e+05 5.435722e+01 2.903724e-02 3.010969e+01 1.666774e-04 3.386160e-02
3.090295e-03 7.816610e-01 1.819141e+04 9.926095e-01 7.151458e+05 5.690949e+01 -2.015040e-02 5.934720e+01 1.561453e-04 3.354915e-02
3.162278e-03 7.978331e-01 1.774198e+04 1.002641e+00 7.647895e+05 6.086001e+01 4.095015e-02 3.551191e+01 1.636914e-04 3.542777e-02
3.235937e-03 8.060415e-01 1.728970e+04 9.236218e-01 6.763103e+05 5.381906e+01 1.364304e-02 2.853178e+01 1.486198e-04 2.899387e-02
3.311311e-03 8.162650e-01 1.685737e+04 9.211384e-01 6.563030e+05 5.222693e+01 -1.195584e-01 1.918656e+01 1.573173e-04 2.876866e-02
3.388442e-03 8.333018e-01 1.642642e+04 9.167337e-01 6.747029e+05 5.369115e+01 4.618547e-02 3.191330e+01 1.478955e-04 2.726660e-02
3.467369e-03 8.419487e-01 1.601900e+04 9.345483e-01 6.527612e+05 5.194509e+01 -1.898018e-02 4.539791e+01 1.408611e-04 2.575152e-02
3.548134e-03 8.563741e-01 1.561932e+04 9.867695e-01 7.085374e+05 5.638361e+01 -1.619069e-02 5.493354e+01 1.483426e-04 2.638063e-02
3.630781e-03 8.740097e-01 1.523206e+04 9.324372e-01 6.782542e+05 5.397375e+01 4.214755e-02 9.490321e+01 1.517019e-04 2.506711e-02
3.715352e-03 8.888650e-01 1.486134e+04 9.427851e-01 6.608682e+05 5.259022e+01 6.274608e-02 6.532543e+01 1.701858e-04 2.431229e-02
3.801894e-03 9.013918e-01 1.448290e+04 1.006518e+00 6.719584e+05 5.347275e+01 -2.738951e-02 2.377912e+01 1.467250e-04 2.278704e-02
3.890451e-03 9.125996e-01 1.412895e+04 9.593813e-01 6.438486e+05 5.123584e+01 8.110720e-02 6.681962e+01 1.502904e-04 2.152917e-02
3.981072e-03 9.240822e-01 1.378437e+04 9.581733e-01 6.360903e+05 5.061845e+01 -4.691737e-02 5.245255e+01 1.606691e-04 2.113725e-02
4.073803e-03 9.317627e-01 1.343886e+04 9.481826e-01 6.657090e+05 5.297543e+01 7.994173e-02 2.440683e+01 1.548677e-04 2.132029e-02
4.168694e-03 9.544511e-01 1.310393e+04 9.401479e-01 6.214895e+05 4.945656e+01 1.646988e-01 3.305233e+01 1.517403e-04 1.940642e-02
4.265795e-03 9.632340e-01 1.278954e+04 9.339296e-01 6.572294e+05 5.230065e+01 4.959710e-02 3.480780e+01 1.541301e-04 2.003670e-02
4.365158e-03 9.845737e-01 1.247036e+04 9.516703e-01 6.368030e+05 5.067517e+01 4.990104e-02 3.527585e+01 1.673813e-04 1.900179e-02
4.466836e-03 9.943326e-01 1.216332e+04 9.607419e-01 6.679053e+05 5.315022e+01 4.950172e-03 2.662566e+01 1.543310e-04 1.874591e-02
4.570882e-03 1.020157e+00 1.187496e+04 9.680873e-01 6.627953e+05 5.274357e+01 2.269783e-02 4.061686e+01 1.574549e-04 1.769252e-02
4.677351e-03 1.022016e+00 1.157696e+04 9.651630e-01 6.308072e+05 5.019804e+01 5.896296e-02 7.143078e+01 1.495323e-04 1.725885e-02
4.786301e-03 1.045492e+00 1.129837e+04 9.248531e-01 6.204791e+05 4.937615e+01 1.123104e-01 2.070211e+01 1.625363e-04 1.584056e-02
4.897788e-03 1.068918e+00 1.102825e+04 9.881890e-01 6.858871e+05 5.458116e+01 1.117427e-01 1.971922e+01 1.424145e-04 1.648347e-02
5.011872e-03 1.073689e+00 1.075371e+04 9.830360e-01 6.301548e+05 5.014613e+01 7.277266e-03 4.681562e+01 1.521546e-04 1.557147e-02
5.128614e-03 1.095491e+00 1.050013e+04 9.781882e-01 6.666253e+05 5.304835e+01 7.106223e-02 2.627379e+01 1.660465e-04 1.619167e-02
5.248075e-03 1.109884e+00 1.024236e+04 9.782549e-01 6.384487e+05 5.080613e+01 -3.774590e-03 1.145200e+01 1.466338e-04 1.444940e-02
5.370318e-03 1.131159e+00 9.996507e+03 1.029093e+00 6.716550e+05 5.344861e+01 -5.158251e-02 5.850160e+01 1.649347e-04 1.464645e-02
5.495409e-03 1.151528e+00 9.758994e+03 9.718022e-01 6.814714e+05 5.422977e+01 6.963587e-02 7.001580e+01 1.516460e-04 1.434306e-02
5.623413e-03 1.159795e+00 9.516663e+03 9.960782e-01 6.388894e+05 5.084120e+01 1.806046e-01 4.530257e+01 1.554077e-04 1.360673e-02
5.754399e-03 1.184119e+00 9.291376e+03 1.030881e+00 6.664165e+05 5.303174e+01 3.015383e-02 3.854075e+01 1.661112e-04 1.333763e-02
5.888437e-03 1.200775e+00 9.071463e+03 1.009843e+00 6.707785e+05 5.337886e+01 8.224861e-04 4.350246e+01 1.746135e-04 1.277655e-02
6.025596e-03 1.217975e+00 8.850204e+03 9.717639e-01 6.367311e+05 5.066945e+01 7.194701e-02 1.784743e+01 1.614516e-04 1.180581e-02
6.165950e-03 1.242988e+00 8.644556e+03 1.000247e+00 6.087882e+05 4.844582e+01 3.188702e-02 3.318049e+01 1.616796e-04 1.121563e-02
6.309573e-03 1.260011e+00 8.439177e+03 1.007609e+00 6.610237e+05 5.260259e+01 -1.051362e-02 2.255016e+01 1.472449e-04 1.179869e-02
6.456542e-03 1.280088e+00 8.235823e+03 1.019301e+00 6.665724e+05 5.304415e+01 -2.362301e-02 1.963885e+01 1.540871e-04 1.196712e-02
6.606934e-03 1.299217e+00 8.046476e+03 1.000694e+00 6.439249e+05 5.124192e+01 1.430205e-03 2.059922e+01 1.618255e-04 1.090166e-02
6.760830e-03 1.320348e+00 7.850261e+03 9.885794e-01 6.231817e+05 4.959122e+01 4.371507e-02 3.390018e+01 1.622633e-04 9.793410e-03
6.918310e-03 1.347211e+00 7.657718e+03 1.053583e+00 6.591622e+05 5.245446e+01 -6.246447e-02 3.333209e+01 1.652460e-04 1.041733e-02
7.079458e-03 1.371632e+00 7.477713e+03 1.005482e+00 6.314213e+05 5.024691e+01 -1.016521e-02 5.838005e+01 1.579208e-04 9.458210e-03
7.244360e-03 1.391749e+00 7.301246e+03 9.890956e-01 6.254254e+05 4.976977e+01 -4.015297e-02 2.156399e+01 1.679547e-04 9.193712e-03
7.413102e-03 1.407942e+00 7.123664e+03 1.000623e+00 6.074227e+05 4.833716e+01 -4.450307e-02 2.025360e+01 1.545705e-04 8.698404e-03
7.585776e-03 1.435575e+00 6.960376e+03 9.571278e-01 5.910558e+05 4.703473e+01 -3.388567e-03 2.576647e+01 1.593481e-04 7.920811e-03
7.762471e-03 1.457783e+00 6.795963e+03 9.763938e-01 5.868178e+05 4.669748e+01 -1.091826e-01 2.494743e+01 1.519853e-04 7.836321e-03
7.943282e-03 1.484629e+00 6.637286e+03 1.015011e+00 6.422208e+05 5.110631e+01 -3.635922e-02 1.526253e+01 1.638101e-04 8.289202e-03
8.128305e-03 1.503338e+00 6.477773e+03 9.989052e-01 6.300498e+05 5.013776e+01 -4.799395e-02 1.987205e+01 1.582113e-04 7.532661e-03
8.317638e-03 1.521369e+00 6.318983e+03 1.009357e+00 6.006193e+05 4.779576e+01 -6.478973e-02 1.321471e+01 1.519477e-04 7.400317e-03
8.511380e-03 1.546505e+00 6.173136e+03 9.865808e-01 6.160988e+05 4.902758e+01 6.787887e-02 1.658178e+01 1.592148e-04 7.160725e-03
8.709636e-03 1.578881e+00 6.030458e+03 9.809343e-01 5.937367e+05 4.724806e+01 9.298145e-02 1.857455e+01 1.801136e-04 6.993799e-03
8.912509e-03 1.598753e+00 5.889809e+03 1.020950e+00 6.559026e+05 5.219507e+01 -6.995178e-03 1.925699e+01 1.502939e-04 6.914820e-03
9.120108e-03 1.625108e+00 5.747554e+03 1.026564e+00 5.966275e+05 4.747811e+01 -7.927628e-02 3.028057e+01 1.657864e-04 6.309388e-03
9.332543e-03 1.642471e+00 5.614422e+03 1.051985e+00 6.734732e+05 5.359329e+01 -4.196314e-02 1.156673e+01 1.622441e-04 6.621912e-03
9.549926e-03 1.677852e+00 5.483635e+03 9.713033e-01 5.874079e+05 4.674444e+01 -4.579876e-02 2.320016e+01 1.500166e-04 5.852160e-03
9.772372e-03 1.704648e+00 5.355915e+03 9.897593e-01 5.637738e+05 4.486369e+01 5.242805e-02 3.220100e+01 1.601310e-04 5.502735e-03
1.000000e-02 1.730017e+00 5.230111e+03 1.058511e+00 6.313420e+05 5.024060e+01 6.709587e-02 1.040231e+01 1.648434e-04 6.062711e-03
1.023293e-02 1.759422e+00 5.105822e+03 9.594619e-01 5.467764e+05 4.351108e+01 -1.074096e-02 1.916944e+01 1.496107e-04 4.893551e-03
1.047129e-02 1.796751e+00 4.990922e+03 9.173182e-01 5.445132e+05 4.333098e+01 -3.598442e-02 3.419545e+01 1.518132e-04 4.688561e-03
1.071519e-02 1.824749e+00 4.872263e+03 9.581103e-01 5.873277e+05 4.673805e+01 4.280674e-02 1.769152e+01 1.635890e-04 4.950160e-03
1.096478e-02 1.856861e+00 4.762064e+03 9.644028e-01 5.579475e+05 4.440005e+01 9.985953e-03 9.252565e+00 1.678950e-04 4.663825e-03
1.122018e-02 1.884073e+00 4.650983e+03 9.725712e-01 5.668356e+05 4.510735e+01 1.052437e-01 1.848614e+01 1.632762e-04 4.451199e-03
1.148154e-02 1.907020e+00 4.539185e+03 1.010242e+00 5.804267e+05 4.618889e+01 -2.677798e-02 1.822457e+01 1.546319e-04 4.464106e-03
1.174898e-02 1.936208e+00 4.434711e+03 1.087033e+00 6.048449e+05 4.813202e+01 8.566507e-02 2.258177e+01 1.667404e-04 4.581316e-03
1.202264e-02 1.969180e+00 4.330529e+03 9.533045e-01 5.150219e+05 4.098414e+01 -1.710195e-02 7.959290e+00 1.633485e-04 3.764515e-03
1.230269e-02 2.001781e+00 4.230314e+03 9.613882e-01 5.019299e+05 3.994231e+01 -7.074151e-02 1.880435e+01 1.542567e-04 3.715531e-03
1.258925e-02 2.028880e+00 4.132238e+03 1.011459e+00 5.363563e+05 4.268188e+01 -6.142243e-02 1.025598e+01 1.641427e-04 3.716615e-03
1.288250e-02 2.065562e+00 4.037865e+03 1.008237e+00 5.309444e+05 4.225121e+01 1.213987e-01 1.081437e+01 1.597105e-04 3.503625e-03
1.318257e-02 2.101751e+00 3.944654e+03 1.005308e+00 5.715052e+05 4.547894e+01 -4.048051e-02 2.267341e+01 1.682883e-04 3.635754e-03
1.348963e-02 2.130833e+00 3.852411e+03 9.758139e-01 5.307461e+05 4.223543e+01 4.538131e-02 1.265532e+01 1.736696e-04 3.343299e-03
1.380384e-02 2.161191e+00 3.763235e+03 1.041911e+00 4.927957e+05 3.921543e+01 -8.693083e-02 1.360270e+01 1.690561e-04 3.122735e-03
1.412538e-02 2.201881e+00 3.676085e+03 1.044988e+00 5.662742e+05 4.506267e+01 -2.471579e-02 9.384340e+00 1.655836e-04 3.248522e-03
1.445440e-02 2.232752e+00 3.591270e+03 9.343320e-01 4.734369e+05 3.767491e+01 -1.537397e-02 9.260063e+00 1.579097e-04 2.700129e-03
1.479108e-02 2.271228e+00 3.510162e+03 9.780480e-01 5.342800e+05 4.251665e+01 -2.382961e-02 1.981710e+01 1.745595e-04 2.880191e-03
1.513561e-02 2.295647e+00 3.426082e+03 9.623256e-01 4.668149e+05 3.714795e+01 7.562919e-02 9.592189e+00 1.648210e-04 2.519735e-03
1.548817e-02 2.333572e+00 3.347238e+03 1.008837e+00 4.591892e+05 3.654111e+01 -2.169115e-02 1.953109e+01 1.533820e-04 2.386952e-03
1.584893e-02 2.373146e+00 3.271472e+03 9.218052e-01 4.257458e+05 3.387977e+01 -5.107221e-02 1.156589e+01 1.511324e-04 2.191299e-03
1.621810e-02 2.412571e+00 3.197386e+03 9.512384e-01 4.220108e+05 3.358255e+01 -2.750371e-02 1.074041e+01 1.574464e-04 2.021752e-03
1.659587e-02 2.446969e+00 3.124927e+03 1.000350e+00 4.314693e+05 3.433524e+01 -1.052818e-01 2.397015e+01 1.632349e-04 2.060110e-03
1.698244e-02 2.481811e+00 3.051645e+03 9.239574e-01 4.537363e+05 3.610719e+01 8.752684e-02 1.238858e+01 1.637051e-04 2.021176e-03
1.737801e-02 2.513992e+00 2.979181e+03 9.385105e-01 4.401700e+05 3.502762e+01 2.195740e-04 1.377059e+01 1.580896e-04 1.970649e-03
1.778279e-02 2.557606e+00 2.913947e+03 1.004066e+00 4.441833e+05 3.534698e+01 8.509747e-02 1.070529e+01 1.645559e-04 1.998033e-03
1.819701e-02 2.595374e+00 2.845744e+03 9.501373e-01 4.184578e+05 3.329981e+01 -1.771872e-02 1.250955e+01 1.607387e-04 1.777995e-03
1.862087e-02 2.623447e+00 2.776651e+03 9.481556e-01 4.082930e+05 3.249092e+01 2.127610e-02 1.650654e+01 1.517332e-04 1.712663e-03
1.905461e-02 2.668843e+00 2.718069e+03 9.645132e-01 4.195657e+05 3.338798e+01 -5.663691e-02 1.663900e+01 1.724931e-04 1.655509e-03
1.949845e-02 2.700329e+00 2.653233e+03 9.990325e-01 4.193183e+05 3.336829e+01 -4.196925e-02 1.106381e+01 1.602511e-04 1.617985e-03
1.995262e-02 2.735552e+00 2.594043e+03 9.840311e-01 4.077697e+05 3.244928e+01 -5.059411e-02 5.029110e+00 1.667526e-04 1.548596e-03
2.041738e-02 2.769226e+00 2.533262e+03 9.354566e-01 3.903169e+05 3.106043e+01 -7.468471e-02 1.228727e+01 1.559997e-04 1.416398e-03
2.089296e-02 2.813434e+00 2.476987e+03 1.006607e+00 3.932465e+05 3.129356e+01 -1.025341e-01 1.241297e+01 1.626749e-04 1.424539e-03
2.137962e-02 2.845785e+00 2.418964e+03 9.171283e-01 3.608961e+05 2.871920e+01 -1.727011e-02 7.652494e+00 1.504104e-04 1.265693e-03
2.187762e-02 2.884471e+00 2.364260e+03 9.838455e-01 3.810109e+05 3.031989e+01 -5.198397e-02 6.982549e+00 1.599478e-04 1.304317e-03
2.238721e-02 2.913583e+00 2.308373e+03 9.844056e-01 3.820010e+05 3.039868e+01 -3.755025e-02 5.240887e+00 1.641628e-04 1.240776e-03
2.290868e-02 2.955305e+00 2.258039e+03 9.542845e-01 3.481500e+05 2.770490e+01 -8.439704e-02 1.431753e+01 1.620602e-04 1.129880e-03
2.344229e-02 2.981709e+00 2.204663e+03 9.688002e-01 3.647509e+05 2.902595e+01 9.301607e-02 9.820975e+00 1.639130e-04 1.127466e-03
2.398833e-02 3.022637e+00 2.155249e+03 9.239738e-01 3.386538e+05 2.694921e+01 1.070447e-03 3.361196e+01 1.728198e-04 1.064406e-03
2.454709e-02 3.050239e+00 2.105296e+03 9.290822e-01 3.326452e+05 2.647106e+01 -5.990650e-02 9.217441e+00 1.711163e-04 9.995107e-04
2.511886e-02 3.088555e+00 2.059553e+03 9.398769e-01 3.515311e+05 2.797396e+01 3.464073e-02 9.310445e+00 1.664104e-04 1.039239e-03
2.570396e-02 3.112405e+00 2.011347e+03 9.626510e-01 3.372782e+05 2.683975e+01 2.081724e-02 6.171110e+00 1.705208e-04 1.011361e-03
2.630268e-02 3.139860e+00 1.964415e+03 9.188102e-01 3.133210e+05 2.493329e+01 -1.027327e-02 1.744764e+01 1.655711e-04 8.957894e-04
2.691535e-02 3.166803e+00 1.919252e+03 9.236522e-01 3.152800e+05 2.508919e+01 -1.178587e-01 9.624176e+00 1.776527e-04 9.110033e-04
2.754229e-02 3.181946e+00 1.874139e+03 9.565073e-01 3.291391e+05 2.619206e+01 1.851817e-02 6.309762e+00 1.584874e-04 9.102400e-04
2.818383e-02 3.212624e+00 1.834137e+03 9.265746e-01 3.188035e+05 2.536957e+01 3.944862e-02 1.589714e+01 1.856241e-04 8.823501e-04
2.884032e-02 3.226477e+00 1.791462e+03 9.500405e-01 3.150439e+05 2.507040e+01 1.900456e-01 7.140717e+00 1.723955e-04 8.746359e-04
2.951209e-02 3.252180e+00 1.752022e+03 9.513221e-01 2.863430e+05 2.278645e+01 2.149094e-02 5.140626e+00 1.663273e-04 7.820198e-04
3.019952e-02 3.254006e+00 1.710335e+03 1.002333e+00 3.192187e+05 2.540261e+01 -7.070901e-02 4.853813e+00 1.700006e-04 8.926121e-04
3.090295e-02 3.268220e+00 1.671776e+03 9.231567e-01 3.117604e+05 2.480911e+01 2.393944e-02 3.740642e+00 1.727386e-04 8.055914e-04
3.162278e-02 3.275812e+00 1.634474e+03 9.704083e-01 3.104594e+05 2.470558e+01 2.904451e-03 3.669018e+00 1.711420e-04 8.598373e-04
3.235937e-02 3.272343e+00 1.597244e+03 9.567619e-01 2.848847e+05 2.267040e+01 3.829342e-02 1.097686e+01 1.555814e-04 7.680287e-04
3.311311e-02 3.273853e+00 1.559993e+03 9.637312e-01 2.886646e+05 2.297120e+01 5.835794e-03 6.306689e+00 1.771374e-04 7.906444e-04
3.388442e-02 3.273353e+00 1.525349e+03 9.483290e-01 2.827319e+05 2.249909e+01 -3.263343e-02 5.166610e+00 1.641937e-04 7.675253e-04
3.467369e-02 3.264881e+00 1.490920e+03 9.898485e-01 3.161227e+05 2.515625e+01 7.048649e-02 6.038109e+00 1.807412e-04 8.447779e-04
3.548134e-02 3.261829e+00 1.458178e+03 1.019347e+00 3.010618e+05 2.395774e+01 -2.645901e-03 3.125928e+00 1.816857e-04 8.080498e-04
3.630781e-02 3.243838e+00 1.423570e+03 9.454341e-01 2.881338e+05 2.292896e+01 -7.967822e-02 5.178246e+00 1.625591e-04 7.607397e-04
3.715352e-02 3.233859e+00 1.392277e+03 1.021988e+00 3.088865e+05 2.458040e+01 2.495604e-02 6.065333e+00 1.933986e-04 8.579880e-04
3.801894e-02 3.214599e+00 1.360149e+03 9.393268e-01 2.840743e+05 2.260591e+01 -3.452433e-02 5.614649e+00 1.737350e-04 7.559844e-04
3.890451e-02 3.194887e+00 1.328481e+03 9.795631e-01 2.815727e+05 2.240684e+01 -1.401686e-02 9.346350e+00 1.875541e-04 7.991836e-04
3.981072e-02 3.188341e+00 1.299478e+03 1.019386e+00 2.934339e+05 2.335073e+01 -5.202023e-02 4.688853e+00 1.791770e-04 8.599484e-04
4.073803e-02 3.158245e+00 1.268704e+03 9.606302e-01 2.701359e+05 2.149673e+01 -3.085467e-02 4.435471e+00 1.640887e-04 7.530597e-04
4.168694e-02 3.141638e+00 1.240894e+03 9.559886e-01 2.740607e+05 2.180905e+01 -1.066067e-02 2.781737e+00 1.654952e-04 8.078399e-04
4.265795e-02 3.119326e+00 1.213454e+03 1.045456e+00 2.898097e+05 2.306233e+01 -6.492984e-02 3.426160e+00 1.863139e-04 8.641114e-04
4.365158e-02 3.089781e+00 1.185127e+03 1.018190e+00 2.968186e+05 2.362007e+01 -1.081315e-01 6.857062e+00 1.965077e-04 8.854091e-04
4.466836e-02 3.059711e+00 1.156902e+03 9.771464e-01 2.655798e+05 2.113417e+01 -9.390170e-02 3.247621e+00 1.750825e-04 7.820677e-04
4.570882e-02 3.034835e+00 1.130745e+03 9.710659e-01 2.434735e+05 1.937500e+01 -1.161300e-01 3.343626e+00 1.724065e-04 7.512506e-04
4.677351e-02 3.012578e+00 1.106572e+03 9.351742e-01 2.619492e+05 2.084526e+01 -8.082194e-02 4.150260e+00 1.734764e-04 7.927631e-04
4.786301e-02 2.985129e+00 1.080537e+03 9.305159e-01 2.515807e+05 2.002016e+01 -4.068788e-02 3.498061e+00 1.749317e-04 8.056930e-04
4.897788e-02 2.959382e+00 1.056809e+03 9.154279e-01 2.583036e+05 2.055514e+01 1.789976e-03 6.611976e+00 1.910583e-04 8.385436e-04
5.011872e-02 2.930297e+00 1.032580e+03 9.971851e-01 2.396911e+05 1.907401e+01 -4.000798e-02 3.513200e+00 1.769850e-04 8.055742e-04
5.128614e-02 2.900215e+00 1.008358e+03 9.855848e-01 2.554817e+05 2.033059e+01 -4.730614e-02 3.500202e+00 1.867316e-04 8.618134e-04
5.248075e-02 2.873933e+00 9.860914e+02 9.687800e-01 2.417088e+05 1.923457e+01 -9.715673e-02 1.386378e+01 1.638325e-04 8.526518e-04
5.370318e-02 2.847442e+00 9.638338e+02 1.024346e+00 2.626197e+05 2.089861e+01 -9.267391e-02 5.082991e+00 1.910371e-04 9.075497e-04
5.495409e-02 2.820285e+00 9.422360e+02 1.011752e+00 2.535001e+05 2.017290e+01 -8.401789e-02 3.940492e+00 1.773297e-04 8.798767e-04
5.623413e-02 2.788263e+00 9.202485e+02 1.014360e+00 2.405931e+05 1.914579e+01 -8.353422e-02 1.848144e+00 1.808429e-04 8.934263e-04
5.754399e-02 2.765025e+00 8.999958e+02 1.006369e+00 2.490935e+05 1.982223e+01 -6.985957e-02 5.177311e+00 1.756280e-04 9.231272e-04
5.888437e-02 2.739032e+00 8.802557e+02 9.721670e-01 2.355674e+05 1.874586e+01 -1.256648e-01 4.915249e+00 1.815911e-04 8.931888e-04
6.025596e-02 2.705171e+00 8.589524e+02 1.007918e+00 2.345778e+05 1.866711e+01 -7.766589e-02 3.588745e+00 1.893544e-04 9.326898e-04
6.165950e-02 2.674323e+00 8.397892e+02 1.029637e+00 2.349378e+05 1.869576e+01 -8.561713e-02 2.440814e+00 1.842105e-04 9.196513e-04
6.309573e-02 2.638478e+00 8.202306e+02 1.017940e+00 2.243632e+05 1.785426e+01 -1.153591e-01 3.567857e+00 1.873044e-04 9.347832e-04
6.456542e-02 2.620324e+00 8.019733e+02 1.030893e+00 2.326704e+05 1.851532e+01 -1.211973e-01 2.444950e+00 1.818753e-04 9.450297e-04
6.606934e-02 2.585276e+00 7.839204e+02 9.370667e-01 1.980717e+05 1.576205e+01 -4.216879e-02 3.269874e+00 1.785733e-04 8.474583e-04
6.760830e-02 2.557019e+00 7.665197e+02 9.895193e-01 2.199317e+05 1.750161e+01 -1.122279e-01 2.597507e+00 1.827564e-04 9.403893e-04
6.918310e-02 2.526742e+00 7.489568e+02 8.822849e-01 2.036662e+05 1.620724e+01 -1.214108e-01 2.291979e+00 1.806285e-04 8.854302e-04
7.079458e-02 2.496972e+00 7.320356e+02 1.005069e+00 2.118398e+05 1.685768e+01 -7.753949e-02 5.611386e+00 1.884687e-04 9.598390e-04
7.244360e-02 2.464968e+00 7.150951e+02 1.034643e+00 2.271320e+05 1.807459e+01 -8.889858e-02 4.604649e+00 2.096797e-04 1.045880e-03
7.413102e-02 2.443193e+00 6.997674e+02 9.409919e-01 2.093873e+05 1.666251e+01 -7.259929e-02 2.739274e+00 1.911321e-04 9.950714e-04
7.585776e-02 2.408952e+00 6.835372e+02 1.012191e+00 2.014200e+05 1.602850e+01 -3.260809e-03 2.277664e+00 1.861894e-04 9.927902e-04
7.762471e-02 2.380825e+00 6.682906e+02 9.528510e-01 1.909627e+05 1.519633e+01 -1.071801e-01 3.080918e+00 1.851621e-04 9.694041e-04
7.943282e-02 2.352060e+00 6.528850e+02 9.073966e-01 1.908918e+05 1.519068e+01 -4.190444e-02 2.273332e+00 1.733285e-04 9.637770e-04
8.128305e-02 2.321674e+00 6.380271e+02 9.553486e-01 1.881597e+05 1.497327e+01 -1.383946e-02 5.350829e+00 1.908706e-04 1.007015e-03
8.317638e-02 2.293337e+00 6.234943e+02 8.903558e-01 1.806085e+05 1.437237e+01 -1.472086e-02 1.681659e+00 1.867278e-04 9.848084e-04
8.511380e-02 2.269445e+00 6.099840e+02 1.016834e+00 1.905976e+05 1.516728e+01 -3.350459e-02 2.637664e+00 1.990216e-04 1.042312e-03
8.709636e-02 2.238024e+00 5.957885e+02 8.854749e-01 1.696687e+05 1.350180e+01 -1.394851e-02 1.734525e+00 1.880780e-04 9.700565e-04
8.912509e-02 2.209782e+00 5.825282e+02 9.238583e-01 1.801631e+05 1.433692e+01 -2.102704e-02 1.337255e+00 2.028249e-04 1.054624e-03
9.120108e-02 2.180614e+00 5.691412e+02 9.272526e-01 1.686706e+05 1.342238e+01 -3.789068e-02 2.000768e+00 1.866176e-04 9.953633e-04
9.332543e-02 2.150599e+00 5.563412e+02 1.007901e+00 1.939693e+05 1.543559e+01 -6.093417e-02 3.556960e+00 2.061858e-04 1.168056e-03
9.549926e-02 2.120930e+00 5.437328e+02 9.059247e-01 1.654332e+05 1.316476e+01 -2.278318e-02 5.092846e+00 1.858057e-04 1.055238e-03
9.772372e-02 2.092065e+00 5.316293e+02 9.091116e-01 1.637601e+05 1.303161e+01 -2.683839e-02 1.488474e+00 2.055750e-04 1.046239e-03
1.000000e-01 2.068245e+00 5.194421e+02 9.567508e-01 1.588114e+05 1.263781e+01 3.775657e-02 1.411634e+00 1.953345e-04 1.101074e-03
1.023293e-01 2.035113e+00 5.073869e+02 8.780052e-01 1.509323e+05 1.201081e+01 4.740596e-02 1.810710e+00 1.763533e-04 1.047126e-03
1.047129e-01 2.007997e+00 4.958194e+02 9.500888e-01 1.575938e+05 1.254091e+01 2.349548e-02 1.081361e+00 1.816273e-04 1.120244e-03
1.071519e-01 1.978046e+00 4.848276e+02 9.622336e-01 1.620067e+05 1.289208e+01 -3.119931e-02 1.933504e+00 2.036320e-04 1.222968e-03
1.096478e-01 1.953098e+00 4.739892e+02 9.551324e-01 1.630498e+05 1.297509e+01 -5.621557e-02 1.351333e+00 1.926141e-04 1.209717e-03
1.122018e-01 1.928824e+00 4.637484e+02 9.399236e-01 1.557898e+05 1.239735e+01 -4.932987e-02 2.608162e+00 2.120571e-04 1.239047e-03
1.148154e-01 1.900541e+00 4.529962e+02 9.572132e-01 1.566782e+05 1.246805e+01 -5.659447e-02 9.959983e-01 2.077341e-04 1.245882e-03
1.174898e-01 1.869516e+00 4.427377e+02 1.003083e+00 1.565070e+05 1.245443e+01 -5.672528e-02 2.042491e+00 1.954608e-04 1.262030e-03
1.202264e-01 1.842334e+00 4.326850e+02 1.008215e+00 1.622344e+05 1.291020e+01 1.506773e-01 1.368894e+00 2.151657e-04 1.361284e-03
1.230269e-01 1.813747e+00 4.227868e+02 9.303744e-01 1.375812e+05 1.094836e+01 4.031521e-04 1.280290e+00 2.059820e-04 1.233435e-03
1.258925e-01 1.792967e+00 4.132479e+02 9.235197e-01 1.411880e+05 1.123539e+01 1.397044e-01 1.976307e+00 2.071754e-04 1.286360e-03
1.288250e-01 1.767278e+00 4.041547e+02 9.076823e-01 1.309129e+05 1.041772e+01 -6.835526e-02 2.119040e+00 1.944068e-04 1.229737e-03
1.318257e-01 1.737686e+00 3.948277e+02 9.481317e-01 1.386360e+05 1.103231e+01 1.956172e-03 1.019052e+00 2.101811e-04 1.355242e-03
1.348963e-01 1.713070e+00 3.858637e+02 9.680004e-01 1.475478e+05 1.174148e+01 3.573935e-02 1.231324e+00 2.005874e-04 1.474301e-03
1.380384e-01 1.682896e+00 3.768794e+02 8.945014e-01 1.354688e+05 1.078027e+01 6.807002e-02 1.495641e+00 2.110918e-04 1.349942e-03
1.412538e-01 1.654991e+00 3.682177e+02 9.715893e-01 1.444229e+05 1.149281e+01 4.564555e-02 3.322595e+00 2.198910e-04 1.544830e-03
1.445440e-01 1.631077e+00 3.598598e+02 9.072183e-01 1.287240e+05 1.024353e+01 -9.140970e-02 1.508422e+00 1.905898e-04 1.361535e-03
1.479108e-01 1.610069e+00 3.522211e+02 1.021673e+00 1.412343e+05 1.123907e+01 -4.499753e-02 1.405332e+00 2.048548e-04 1.537443e-03
1.513561e-01 1.581965e+00 3.441190e+02 9.209372e-01 1.323671e+05 1.053344e+01 4.480430e-02 1.131029e+00 2.207857e-04 1.505391e-03
1.548817e-01 1.555508e+00 3.362935e+02 9.336727e-01 1.260271e+05 1.002891e+01 -1.226201e-01 1.003958e+00 2.038513e-04 1.510164e-03
1.584893e-01 1.531509e+00 3.289592e+02 9.507478e-01 1.310442e+05 1.042817e+01 -6.503552e-02 1.393270e+00 2.156700e-04 1.563208e-03
1.621810e-01 1.505033e+00 3.211980e+02 9.419881e-01 1.245437e+05 9.910872e+00 8.744132e-02 9.345284e-01 2.203401e-04 1.539744e-03
1.659587e-01 1.479073e+00 3.139660e+02 1.002537e+00 1.277108e+05 1.016290e+01 -1.150483e-02 9.271550e-01 2.208197e-04 1.607549e-03
1.698244e-01 1.452606e+00 3.066175e+02 9.564494e-01 1.287741e+05 1.024751e+01 -9.149588e-02 1.287402e+00 2.365511e-04 1.754775e-03
1.737801e-01 1.429139e+00 2.997764e+02 9.281235e-01 1.287430e+05 1.024504e+01 3.348301e-02 7.779463e-01 2.279946e-04 1.793083e-03
1.778279e-01 1.405705e+00 2.928663e+02 9.119893e-01 1.082140e+05 8.611393e+00 -8.453033e-02 1.518704e+00 2.097917e-04 1.633789e-03
1.819701e-01 1.380099e+00 2.862816e+02 9.965036e-01 1.219529e+05 9.704700e+00 -4.804098e-02 9.185736e-01 2.443592e-04 1.927127e-03
1.862087e-01 1.357427e+00 2.798319e+02 9.851155e-01 1.290038e+05 1.026579e+01 -3.814325e-02 1.031384e+00 2.137675e-04 1.972870e-03
1.905461e-01 1.333003e+00 2.735124e+02 9.662250e-01 1.214756e+05 9.666718e+00 -3.445849e-02 1.904996e+00 2.292172e-04 1.906069e-03
1.949845e-01 1.307238e+00 2.673652e+02 9.972767e-01 1.280498e+05 1.018988e+01 -1.867375e-02 5.214979e-01 2.434705e-04 2.090594e-03
1.995262e-01 1.286088e+00 2.612638e+02 9.819234e-01 1.198638e+05 9.538458e+00 -1.384376e-02 5.239644e-01 2.491246e-04 2.086688e-03
2.041738e-01 1.264118e+00 2.551734e+02 9.709977e-01 1.185270e+05 9.432076e+00 -2.961549e-02 9.115761e-01 2.414658e-04 2.141260e-03
2.089296e-01 1.241924e+00 2.494668e+02 9.435513e-01 1.018021e+05 8.101152e+00 -1.129248e-01 1.166284e+00 2.238930e-04 1.928137e-03
2.137962e-01 1.217065e+00 2.438106e+02 9.824362e-01 1.190873e+05 9.476663e+00 3.946225e-02 8.175399e-01 2.391958e-04 2.259614e-03
2.187762e-01 1.195605e+00 2.382888e+02 9.744924e-01 1.199896e+05 9.548471e+00 4.281951e-02 6.476435e-01 2.543008e-04 2.351113e-03
2.238721e-01 1.179248e+00 2.331045e+02 1.054193e+00 1.337577e+05 1.064410e+01 8.997246e-03 9.599049e-01 2.569391e-04 2.700491e-03
2.290868e-01 1.153853e+00 2.275667e+02 9.753025e-01 1.182500e+05 9.410037e+00 3.283044e-02 1.099219e+00 2.572445e-04 2.449386e-03
2.344229e-01 1.135035e+00 2.225781e+02 9.916583e-01 1.133701e+05 9.021703e+00 -5.991054e-02 1.661534e+00 2.499542e-04 2.506942e-03
2.398833e-01 1.110783e+00 2.175044e+02 1.044855e+00 1.260336e+05 1.002943e+01 -7.599176e-02 6.899353e-01 2.555973e-04 2.832493e-03
2.454709e-01 1.090759e+00 2.125858e+02 9.804727e-01 1.105139e+05 8.794418e+00 -8.351775e-02 7.915628e-01 2.604571e-04 2.622286e-03
2.511886e-01 1.068031e+00 2.077695e+02 1.014830e+00 1.098170e+05 8.738958e+00 -5.664140e-02 1.145399e+00 2.740000e-04 2.769369e-03
2.570396e-01 1.046835e+00 2.028908e+02 1.023562e+00 1.109439e+05 8.828632e+00 -4.480796e-02 4.816597e-01 2.751537e-04 2.783891e-03
2.630268e-01 1.028632e+00 1.983855e+02 1.052841e+00 1.205864e+05 9.595958e+00 -1.566824e-01 8.664909e-01 2.970332e-04 3.165713e-03
2.691535e-01 1.011536e+00 1.938601e+02 1.045257e+00 1.034007e+05 8.228365e+00 -8.485469e-02 7.084050e-01 2.681961e-04 2.824082e-03
2.754229e-01 9.938758e-01 1.896901e+02 1.048348e+00 1.082956e+05 8.617890e+00 -2.748044e-02 7.008070e-01 2.801249e-04 3.207583e-03
2.818383e-01 9.745110e-01 1.852360e+02 1.085461e+00 1.071693e+05 8.528261e+00 6.566018e-02 4.844009e-01 2.896047e-04 3.105248e-03
2.884032e-01 9.549347e-01 1.811285e+02 1.068584e+00 1.094650e+05 8.710949e+00 -2.789278e-02 6.393711e-01 2.718735e-04 3.291093e-03
2.951209e-01 9.349865e-01 1.768737e+02 1.075521e+00 1.070581e+05 8.519409e+00 3.057409e-02 6.375828e-01 3.094557e-04 3.338085e-03
3.019952e-01 9.164140e-01 1.729938e+02 1.042109e+00 1.044734e+05 8.313729e+00 1.781760e-03 5.265596e-01 2.783811e-04 3.490735e-03
3.090295e-01 8.994731e-01 1.690317e+02 1.066307e+00 1.042103e+05 8.292791e+00 -1.340749e-01 7.303760e-01 2.772292e-04 3.572767e-03
3.162278e-01 8.833717e-01 1.653554e+02 1.017394e+00 9.968661e+04 7.932808e+00 -6.608037e-04 7.776515e-01 2.669574e-04 3.584949e-03
3.235937e-01 8.598397e-01 1.614782e+02 1.030789e+00 1.076532e+05 8.566766e+00 6.364709e-03 4.211925e-01 2.947147e-04 4.036857e-03
3.311311e-01 8.449116e-01 1.578395e+02 1.058578e+00 1.050332e+05 8.358275e+00 -1.459315e-01 2.227315e-01 2.891292e-04 4.082755e-03
3.388442e-01 8.293055e-01 1.542881e+02 9.649689e-01 9.570947e+04 7.616317e+00 -6.096391e-02 7.565600e-01 2.971004e-04 3.901954e-03
3.467369e-01 8.134483e-01 1.508004e+02 1.033286e+00 9.676414e+04 7.700246e+00 -1.179004e-01 1.589201e-01 3.150641e-04 4.102882e-03
3.548134e-01 7.968648e-01 1.473996e+02 9.921178e-01 9.342633e+04 7.434631e+00 -7.718141e-02 7.639510e-01 3.067023e-04 4.054421e-03
3.630781e-01 7.833027e-01 1.440402e+02 1.032995e+00 9.482839e+04 7.546203e+00 5.252548e-02 5.947866e-01 2.966192e-04 4.229321e-03
3.715352e-01 7.733396e-01 1.409882e+02 9.365478e-01 8.142842e+04 6.479867e+00 -7.476934e-02 4.989891e-01 3.112351e-04 3.791194e-03
3.801894e-01 7.531648e-01 1.375772e+02 1.049706e+00 8.906126e+04 7.087270e+00 -1.585109e-02 5.543298e-01 3.213119e-04 4.371063e-03
3.890451e-01 7.388824e-01 1.345041e+02 9.634839e-01 7.582955e+04 6.034324e+00 -4.684713e-02 5.376405e-01 3.097338e-04 3.960656e-03
3.981072e-01 7.201048e-01 1.313549e+02 1.078496e+00 9.521854e+04 7.577250e+00 -1.351214e-01 3.402257e-01 3.505690e-04 5.189767e-03
4.073803e-01 7.098590e-01 1.285815e+02 9.593349e-01 8.321818e+04 6.622292e+00 -8.340334e-02 4.456491e-01 3.293579e-04 4.514524e-03
4.168694e-01 6.895849e-01 1.255529e+02 1.020265e+00 9.397544e+04 7.478328e+00 -4.997554e-02 1.892242e-01 3.420646e-04 5.382413e-03
4.265795e-01 6.755493e-01 1.225814e+02 1.078171e+00 8.939224e+04 7.113608e+00 1.414185e-02 3.678499e-01 3.533510e-04 5.787460e-03
4.365158e-01 6.610813e-01 1.197416e+02 9.575855e-01 7.919363e+04 6.302029e+00 -1.260143e-02 3.634924e-01 3.528071e-04 5.130480e-03
4.466836e-01 6.512080e-01 1.171292e+02 1.089230e+00 8.428027e+04 6.706811e+00 -3.189583e-02 2.387909e-01 3.311605e-04 5.651364e-03
4.570882e-01 6.348565e-01 1.144111e+02 1.043117e+00 8.927734e+04 7.104464e+00 -1.090711e-01 4.715641e-01 3.285613e-04 5.995588e-03
4.677351e-01 6.255562e-01 1.118966e+02 1.053355e+00 8.869247e+04 7.057923e+00 -3.159706e-02 3.843088e-01 3.613321e-04 6.267845e-03
4.786301e-01 6.135686e-01 1.093822e+02 1.006584e+00 8.470744e+04 6.740803e+00 -2.988258e-02 5.126527e-01 3.628990e-04 6.401976e-03
4.897788e-01 5.980325e-01 1.069206e+02 9.992434e-01 8.365422e+04 6.656991e+00 -7.265832e-02 3.104468e-01 3.662566e-04 6.608628e-03
5.011872e-01 5.865284e-01 1.044499e+02 1.018402e+00 8.115885e+04 6.458416e+00 -1.191591e-01 2.097674e-01 3.813946e-04 6.718069e-03
5.128614e-01 5.758669e-01 1.021283e+02 9.561527e-01 7.351771e+04 5.850353e+00 -2.924724e-03 2.980803e-01 3.638698e-04 6.303095e-03
5.248075e-01 5.650989e-01 9.982695e+01 9.875396e-01 7.673382e+04 6.106283e+00 -3.477565e-02 3.363977e-01 3.367138e-04 6.699745e-03
5.370318e-01 5.521917e-01 9.759762e+01 1.009480e+00 7.251985e+04 5.770946e+00 -8.837230e-02 3.329746e-01 3.307905e-04 6.635463e-03
5.495409e-01 5.406010e-01 9.539917e+01 9.732796e-01 6.960512e+04 5.538999e+00 -4.265676e-02 4.011095e-01 4.022012e-04 6.547635e-03
5.623413e-01 5.299705e-01 9.311580e+01 9.653565e-01 6.605521e+04 5.256507e+00 -1.768874e-02 5.031660e-01 3.606864e-04 6.543231e-03
5.754399e-01 5.230251e-01 9.117564e+01 1.007614e+00 6.860540e+04 5.459444e+00 -1.388235e-01 2.194463e-01 3.682482e-04 7.066430e-03
5.888437e-01 5.081052e-01 8.904460e+01 9.632356e-01 6.783494e+04 5.398133e+00 -4.336391e-02 4.006687e-01 3.602513e-04 7.142121e-03
6.025596e-01 4.992869e-01 8.700343e+01 9.674400e-01 6.450459e+04 5.133112e+00 3.971086e-02 2.734602e-01 3.583290e-04 7.530729e-03
6.165950e-01 4.878965e-01 8.498449e+01 1.005085e+00 7.030744e+04 5.594888e+00 -6.476247e-02 2.170906e-01 4.206609e-04 8.258932e-03
6.309573e-01 4.799095e-01 8.315588e+01 1.038337e+00 7.632369e+04 6.073646e+00 -7.862306e-02 3.796540e-01 4.299210e-04 9.420931e-03
6.456542e-01 4.684251e-01 8.123237e+01 9.173511e-01 6.545577e+04 5.208804e+00 -5.625507e-02 3.088291e-01 3.652872e-04 8.217911e-03
6.606934e-01 4.589608e-01 7.934876e+01 9.667496e-01 6.572338e+04 5.230100e+00 -5.553278e-02 4.232242e-01 4.166841e-04 8.995492e-03
6.760830e-01 4.504742e-01 7.762097e+01 1.005467e+00 6.894308e+04 5.486316e+00 7.350773e-02 5.004039e-01 4.007346e-04 9.475534e-03
6.918310e-01 4.374562e-01 7.580452e+01 9.317182e-01 6.411503e+04 5.102112e+00 -7.488208e-02 4.625514e-01 3.975434e-04 9.410028e-03
7.079458e-01 4.300209e-01 7.408284e+01 9.599677e-01 5.905934e+04 4.699792e+00 1.161822e-02 2.359550e-01 3.990367e-04 9.007483e-03
7.244360e-01 4.228563e-01 7.247511e+01 9.851685e-01 6.109789e+04 4.862015e+00 3.413829e-02 3.232729e-01 4.167349e-04 9.649576e-03
7.413102e-01 4.133423e-01 7.074916e+01 9.762894e-01 6.280672e+04 4.998000e+00 -5.694284e-03 1.929603e-01 3.883048e-04 1.028105e-02
7.585776e-01 4.074970e-01 6.923647e+01 1.016875e+00 6.289345e+04 5.004902e+00 -6.729544e-02 3.675822e-01 4.316832e-04 1.075490e-02
7.762471e-01 3.977891e-01 6.761588e+01 1.023175e+00 6.679914e+04 5.315706e+00 3.249808e-02 1.383049e-01 4.419893e-04 1.182757e-02
7.943282e-01 3.877022e-01 6.613396e+01 9.892003e-01 6.220558e+04 4.950163e+00 8.959664e-02 1.358530e-01 4.294485e-04 1.150123e-02
8.128305e-01 3.799019e-01 6.458950e+01 9.512595e-01 5.631664e+04 4.481536e+00 -2.119691e-02 3.404846e-01 4.556014e-04 1.135604e-02
8.317638e-01 3.712418e-01 6.314068e+01 1.055040e+00 6.486458e+04 5.161759e+00 1.014428e-01 7.837613e-02 4.886875e-04 1.348500e-02
8.511380e-01 3.668131e-01 6.173316e+01 9.868513e-01 6.128637e+04 4.877014e+00 1.941697e-01 1.127297e-01 5.300875e-04 1.295017e-02
8.709636e-01 3.595961e-01 6.039498e+01 1.048180e+00 6.630438e+04 5.276335e+00 -1.638251e-01 3.768851e-01 5.493296e-04 1.424324e-02
8.912509e-01 3.476243e-01 5.887703e+01 1.014431e+00 6.256819e+04 4.979018e+00 -8.361512e-02 1.726452e-01 5.262636e-04 1.455723e-02
9.120108e-01 3.415739e-01 5.758316e+01 9.658833e-01 6.126910e+04 4.875640e+00 -2.929184e-02 8.575887e-02 5.319277e-04 1.446150e-02
9.332543e-01 3.364602e-01 5.636726e+01 9.083366e-01 5.488447e+04 4.367567e+00 6.743726e-02 2.119672e-01 4.725777e-04 1.357032e-02
9.549926e-01 3.314101e-01 5.507270e+01 1.035824e+00 6.249253e+04 4.972997e+00 -4.011445e-02 1.774269e-01 5.419733e-04 1.569956e-02
9.772372e-01 3.252270e-01 5.385609e+01 8.962022e-01 5.502533e+04 4.378776e+00 -5.575383e-02 2.476215e-01 5.257287e-04 1.415578e-02
