#./double_munderdamped_3d --dev=1 --amp=10.0 --omega=1 --mass=0.0 --force=0 --Dg=0.01 --block=256 --paths=1024 --periods=1000 --trans=100 --samples=10000 --spp=10000 --algorithm=euler --pav=1 --mode=moments --domain=1d --domainx=g:-3:0:300:1 --domainy=s:-1:2:100:1 --domainz=a:-1:2.5:100:1 --q=2 --eps=0 --phi=1.57079632679 --lambda=5.0 --zeta=0.2 --comp=0 --mean=1.0 --second=20.0 --skew=0.99 --distribution=s>> 1D_double_g:-3:0:300:1_20.0_5.0_0.99_1.0_10.0.dat
#g <<v>> <<v^2>> qnu(q) mu_q Dx Gx Gv EBx EBv
1.000000e-03 7.502713e-01 7.303649e+04 8.756325e-01 6.679255e+05 5.315182e+01 8.111906e-02 8.931308e+01 1.546977e-04 3.345308e-02
1.023293e-03 7.516035e-01 7.060316e+04 9.871198e-01 6.967674e+05 5.544698e+01 -6.291498e-02 1.385804e+02 1.553062e-04 3.513708e-02
1.047129e-03 7.519342e-01 6.833908e+04 9.538787e-01 6.834440e+05 5.438674e+01 -4.607057e-02 7.516975e+01 1.668320e-04 3.570428e-02
1.071519e-03 7.474234e-01 6.610877e+04 1.010693e+00 7.095428e+05 5.646362e+01 -2.477418e-02 1.644314e+02 1.628172e-04 3.664079e-02
1.096478e-03 7.503710e-01 6.402195e+04 9.842734e-01 6.881190e+05 5.475877e+01 -2.667072e-02 2.258207e+02 1.635830e-04 3.450117e-02
1.122018e-03 7.482671e-01 6.199946e+04 9.472583e-01 6.476731e+05 5.154019e+01 3.865281e-02 6.902867e+01 1.570025e-04 3.329376e-02
1.148154e-03 7.482053e-01 6.002699e+04 8.964734e-01 6.128640e+05 4.877017e+01 1.079048e-01 7.099010e+01 1.532900e-04 3.192232e-02
1.174898e-03 7.584647e-01 5.819626e+04 9.831021e-01 7.261949e+05 5.778875e+01 1.446410e-02 8.067135e+01 1.722288e-04 3.686655e-02
1.202264e-03 7.487725e-01 5.637509e+04 9.933284e-01 7.241181e+05 5.762349e+01 3.314800e-02 1.061103e+02 1.580955e-04 3.724244e-02
1.230269e-03 7.484669e-01 5.463684e+04 9.808728e-01 6.744156e+05 5.366829e+01 1.379977e-02 5.920414e+01 1.609884e-04 3.376621e-02
1.258925e-03 7.550437e-01 5.302738e+04 1.001792e+00 7.370199e+05 5.865018e+01 2.392680e-02 6.567875e+01 1.759580e-04 3.723483e-02
1.288250e-03 7.642278e-01 5.143242e+04 9.828690e-01 6.578849e+05 5.235281e+01 -3.130815e-02 7.309075e+01 1.534237e-04 3.299609e-02
1.318257e-03 7.577023e-01 4.987273e+04 9.767850e-01 6.989453e+05 5.562030e+01 1.085591e-01 1.098715e+02 1.509364e-04 3.574757e-02
1.348963e-03 7.438665e-01 4.833375e+04 9.522389e-01 6.783639e+05 5.398248e+01 4.650682e-02 2.099323e+02 1.461171e-04 3.567557e-02
1.380384e-03 7.535771e-01 4.697778e+04 9.392040e-01 6.877401e+05 5.472862e+01 8.224134e-02 6.740159e+01 1.653859e-04 3.488558e-02
1.412538e-03 7.599434e-01 4.556699e+04 9.262192e-01 6.802851e+05 5.413537e+01 1.765718e-01 1.374044e+02 1.578352e-04 3.265250e-02
1.445440e-03 7.582039e-01 4.428592e+04 9.292788e-01 6.455372e+05 5.137022e+01 7.759585e-03 9.541050e+01 1.531735e-04 3.073158e-02
1.479108e-03 7.632817e-01 4.301200e+04 9.313716e-01 7.070940e+05 5.626875e+01 2.951799e-02 1.057328e+02 1.628029e-04 3.371308e-02
1.513561e-03 7.638865e-01 4.177126e+04 9.051333e-01 6.391737e+05 5.086383e+01 8.759698e-02 1.161869e+02 1.550802e-04 2.994383e-02
1.548817e-03 7.605613e-01 4.055430e+04 1.006277e+00 6.678755e+05 5.314784e+01 -3.604602e-02 1.504060e+02 1.562553e-04 3.446221e-02
1.584893e-03 7.625510e-01 3.941182e+04 9.391081e-01 6.498918e+05 5.171674e+01 -5.501096e-03 6.042192e+01 1.621248e-04 3.148208e-02
1.621810e-03 7.640150e-01 3.831704e+04 9.651632e-01 6.404798e+05 5.096776e+01 5.483063e-02 1.422072e+02 1.591576e-04 3.208103e-02
1.659587e-03 7.626013e-01 3.723878e+04 9.916385e-01 7.263929e+05 5.780451e+01 -4.602468e-03 1.444010e+02 1.722587e-04 3.600738e-02
1.698244e-03 7.679604e-01 3.619909e+04 8.850752e-01 6.482598e+05 5.158687e+01 -5.371000e-02 4.791713e+01 1.492990e-04 3.160696e-02
1.737801e-03 7.752450e-01 3.520810e+04 9.120809e-01 6.533517e+05 5.199208e+01 5.260855e-02 7.074232e+01 1.507988e-04 3.069280e-02
1.778279e-03 7.756655e-01 3.421308e+04 9.925916e-01 6.941443e+05 5.523825e+01 4.822675e-02 6.801891e+01 1.574624e-04 3.347087e-02
1.819701e-03 7.614555e-01 3.326167e+04 9.502190e-01 6.976315e+05 5.551575e+01 3.946091e-02 8.323973e+01 1.649889e-04 3.389060e-02
1.862087e-03 7.695555e-01 3.236946e+04 8.771039e-01 6.156385e+05 4.899095e+01 -1.513081e-02 1.221896e+02 1.427510e-04 2.833502e-02
1.905461e-03 7.684906e-01 3.147957e+04 9.976334e-01 7.006324e+05 5.575456e+01 -2.175540e-03 4.542835e+01 1.547674e-04 3.421968e-02
1.949845e-03 7.748665e-01 3.062090e+04 9.377561e-01 6.437632e+05 5.122905e+01 1.306644e-01 8.178141e+01 1.535203e-04 3.008387e-02
1.995262e-03 7.721404e-01 2.981280e+04 9.486450e-01 6.988772e+05 5.561488e+01 2.210016e-02 2.030520e+02 1.605558e-04 3.301751e-02
2.041738e-03 7.752124e-01 2.899200e+04 9.640571e-01 6.644583e+05 5.287591e+01 1.376083e-01 3.438600e+01 1.663901e-04 3.113835e-02
2.089296e-03 7.774545e-01 2.822245e+04 9.702678e-01 6.940525e+05 5.523094e+01 -7.245278e-03 1.456618e+02 1.517432e-04 3.340006e-02
2.137962e-03 7.659965e-01 2.744689e+04 1.005686e+00 6.825384e+05 5.431468e+01 8.459626e-02 4.073721e+01 1.711122e-04 3.325225e-02
2.187762e-03 7.707047e-01 2.673002e+04 1.034027e+00 6.889759e+05 5.482696e+01 4.676074e-02 4.820650e+01 1.690558e-04 3.341886e-02
2.238721e-03 7.686855e-01 2.602201e+04 9.497085e-01 7.271978e+05 5.786856e+01 2.197265e-02 6.610993e+01 1.557445e-04 3.410225e-02
2.290868e-03 7.717458e-01 2.533388e+04 9.637759e-01 6.650065e+05 5.291954e+01 5.961274e-02 3.105635e+01 1.549623e-04 3.037286e-02
2.344229e-03 7.690679e-01 2.467514e+04 9.714586e-01 6.685723e+05 5.320329e+01 -2.309230e-02 5.113768e+01 1.540501e-04 3.204143e-02
2.398833e-03 7.734679e-01 2.402028e+04 9.248021e-01 6.796853e+05 5.408764e+01 1.609348e-01 4.497778e+01 1.615968e-04 3.226868e-02
2.454709e-03 7.664809e-01 2.339111e+04 9.650910e-01 6.793508e+05 5.406102e+01 1.666656e-01 6.804412e+01 1.767129e-04 3.231252e-02
2.511886e-03 7.749397e-01 2.279114e+04 9.312235e-01 6.863227e+05 5.461583e+01 -1.578395e-03 1.008985e+02 1.628573e-04 3.319220e-02
2.570396e-03 7.709969e-01 2.218264e+04 9.982778e-01 7.137385e+05 5.679750e+01 -1.262120e-02 3.647512e+01 1.596672e-04 3.388543e-02
2.630268e-03 7.762334e-01 2.161825e+04 9.620249e-01 7.111046e+05 5.658791e+01 3.912352e-02 4.123207e+01 1.517636e-04 3.226168e-02
2.691535e-03 7.780866e-01 2.107296e+04 9.660595e-01 6.972028e+05 5.548164e+01 4.383249e-02 3.658247e+01 1.548588e-04 3.281790e-02
2.754229e-03 7.806918e-01 2.053126e+04 9.621102e-01 6.836582e+05 5.440379e+01 1.069162e-02 1.356266e+02 1.637524e-04 3.063764e-02
2.818383e-03 7.805425e-01 1.999081e+04 1.013648e+00 7.416977e+05 5.902243e+01 3.488357e-02 4.958206e+01 1.723084e-04 3.603268e-02
2.884032e-03 7.821807e-01 1.948823e+04 9.478458e-01 6.636766e+05 5.281370e+01 4.973345e-02 4.755966e+01 1.679112e-04 3.185054e-02
2.951209e-03 7.753390e-01 1.898432e+04 9.663121e-01 6.509707e+05 5.180260e+01 2.166837e-02 9.315549e+01 1.556002e-04 3.106908e-02
3.019952e-03 7.869007e-01 1.851384e+04 9.115353e-01 6.802945e+05 5.413611e+01 1.603042e-01 3.525575e+01 1.581679e-04 3.048085e-02
3.090295e-03 7.843640e-01 1.803981e+04 1.001989e+00 7.341216e+05 5.841954e+01 -5.508785e-03 5.127112e+01 1.565107e-04 3.276491e-02
3.162278e-03 7.860396e-01 1.758865e+04 8.763520e-01 6.607910e+05 5.258407e+01 3.824685e-02 2.866619e+01 1.609307e-04 2.939976e-02
3.235937e-03 7.890605e-01 1.714494e+04 1.043714e+00 7.394267e+05 5.884170e+01 6.367837e-02 1.080088e+02 1.606954e-04 3.348020e-02
3.311311e-03 7.895737e-01 1.671487e+04 9.840892e-01 7.195039e+05 5.725630e+01 6.089353e-02 3.841096e+01 1.587209e-04 3.336722e-02
3.388442e-03 7.901397e-01 1.628996e+04 9.774181e-01 6.779061e+05 5.394605e+01 2.033617e-02 1.241289e+02 1.664851e-04 3.095265e-02
3.467369e-03 7.853626e-01 1.587921e+04 9.432049e-01 6.793096e+05 5.405773e+01 6.564202e-02 2.941864e+01 1.618394e-04 3.057510e-02
3.548134e-03 7.914658e-01 1.548157e+04 1.021522e+00 7.713908e+05 6.138533e+01 2.797953e-02 3.642768e+01 1.610273e-04 3.462920e-02
3.630781e-03 7.944286e-01 1.510488e+04 9.548532e-01 6.828214e+05 5.433720e+01 4.443259e-02 3.186391e+01 1.697550e-04 3.157114e-02
3.715352e-03 7.917560e-01 1.472912e+04 9.660437e-01 6.796178e+05 5.408227e+01 3.080714e-02 5.095722e+01 1.561500e-04 3.206493e-02
3.801894e-03 7.898444e-01 1.435613e+04 9.531510e-01 6.689469e+05 5.323310e+01 4.894978e-02 3.192460e+01 1.518804e-04 3.107252e-02
3.890451e-03 7.905236e-01 1.400419e+04 1.036121e+00 7.068460e+05 5.624901e+01 1.346239e-02 2.910031e+01 1.598750e-04 3.258718e-02
3.981072e-03 7.962189e-01 1.365465e+04 1.000566e+00 7.193147e+05 5.724124e+01 3.153006e-02 4.055248e+01 1.563963e-04 3.122901e-02
4.073803e-03 8.028068e-01 1.331395e+04 9.609277e-01 7.090711e+05 5.642609e+01 9.557311e-02 2.516338e+01 1.636714e-04 3.024145e-02
4.168694e-03 8.060651e-01 1.300325e+04 9.760959e-01 7.136291e+05 5.678880e+01 -1.427813e-02 6.298470e+01 1.578542e-04 3.141421e-02
4.265795e-03 7.980672e-01 1.266981e+04 9.876015e-01 7.101629e+05 5.651297e+01 3.620750e-02 6.107268e+01 1.545710e-04 3.037544e-02
4.365158e-03 8.063873e-01 1.235845e+04 1.032711e+00 7.396347e+05 5.885825e+01 2.244851e-02 3.680177e+01 1.692631e-04 3.301223e-02
4.466836e-03 8.015738e-01 1.205603e+04 1.035064e+00 7.485878e+05 5.957072e+01 2.971274e-02 4.383003e+01 1.695305e-04 3.274414e-02
4.570882e-03 8.026436e-01 1.175970e+04 9.402505e-01 7.146303e+05 5.686847e+01 3.195759e-04 2.434376e+01 1.627998e-04 3.093963e-02
4.677351e-03 8.006780e-01 1.147700e+04 1.001980e+00 6.589562e+05 5.243807e+01 9.460016e-02 3.346731e+01 1.618830e-04 2.946410e-02
4.786301e-03 8.114619e-01 1.120011e+04 9.632063e-01 6.503941e+05 5.175672e+01 -1.006557e-02 3.330475e+01 1.548726e-04 2.788187e-02
4.897788e-03 8.172502e-01 1.093426e+04 9.820051e-01 6.690530e+05 5.324155e+01 -4.571463e-02 5.881401e+01 1.676223e-04 2.888953e-02
5.011872e-03 8.161614e-01 1.066457e+04 1.038341e+00 7.308830e+05 5.816182e+01 4.514497e-02 2.030733e+01 1.697681e-04 3.201285e-02
5.128614e-03 8.196481e-01 1.040570e+04 9.924501e-01 6.855020e+05 5.455051e+01 9.625837e-02 4.435571e+01 1.562063e-04 2.831909e-02
5.248075e-03 8.199023e-01 1.016178e+04 1.021397e+00 6.893897e+05 5.485989e+01 6.217254e-03 3.523091e+01 1.596580e-04 2.958742e-02
5.370318e-03 8.229643e-01 9.909074e+03 9.391356e-01 6.496249e+05 5.169551e+01 -2.649339e-02 1.749378e+01 1.545240e-04 2.701642e-02
5.495409e-03 8.208716e-01 9.665315e+03 9.677197e-01 6.682473e+05 5.317743e+01 5.076447e-02 3.855818e+01 1.664388e-04 2.864332e-02
5.623413e-03 8.230287e-01 9.433265e+03 9.976185e-01 7.019421e+05 5.585877e+01 8.754413e-03 1.644736e+01 1.540423e-04 2.830143e-02
5.754399e-03 8.240077e-01 9.207199e+03 9.994169e-01 6.827449e+05 5.433111e+01 -8.253140e-03 4.684528e+01 1.689445e-04 2.948277e-02
5.888437e-03 8.197713e-01 8.984739e+03 9.684407e-01 6.458719e+05 5.139685e+01 8.329570e-02 2.170749e+01 1.584305e-04 2.704957e-02
6.025596e-03 8.282613e-01 8.770328e+03 8.995798e-01 6.067145e+05 4.828080e+01 3.648895e-02 2.038778e+01 1.484219e-04 2.519028e-02
6.165950e-03 8.328332e-01 8.556593e+03 9.377585e-01 6.880129e+05 5.475033e+01 -1.967007e-03 3.168427e+01 1.517307e-04 2.781942e-02
6.309573e-03 8.256833e-01 8.351254e+03 9.577014e-01 6.555984e+05 5.217086e+01 5.364132e-02 3.196641e+01 1.586509e-04 2.818852e-02
6.456542e-03 8.366049e-01 8.162754e+03 9.563549e-01 7.266747e+05 5.782693e+01 -7.727409e-02 6.014832e+01 1.604627e-04 2.932092e-02
6.606934e-03 8.311876e-01 7.950990e+03 9.197763e-01 6.685346e+05 5.320029e+01 3.459159e-02 3.663788e+01 1.542393e-04 2.760966e-02
6.760830e-03 8.404738e-01 7.770819e+03 9.888614e-01 6.723738e+05 5.350581e+01 4.888228e-02 1.710993e+01 1.779262e-04 2.768011e-02
6.918310e-03 8.326424e-01 7.580302e+03 9.524214e-01 6.523877e+05 5.191536e+01 8.104515e-02 2.429571e+01 1.597140e-04 2.568590e-02
7.079458e-03 8.406791e-01 7.396445e+03 1.024825e+00 7.501916e+05 5.969835e+01 1.034291e-01 1.795060e+01 1.711384e-04 2.866131e-02
7.244360e-03 8.444808e-01 7.230416e+03 9.842722e-01 7.018171e+05 5.584883e+01 1.877242e-02 1.586419e+01 1.716855e-04 2.795188e-02
7.413102e-03 8.428651e-01 7.052336e+03 9.672810e-01 6.993780e+05 5.565473e+01 6.780593e-02 1.709210e+01 1.676252e-04 2.698110e-02
7.585776e-03 8.423230e-01 6.885604e+03 9.621204e-01 7.018326e+05 5.585006e+01 4.059634e-02 3.191623e+01 1.759093e-04 2.829188e-02
7.762471e-03 8.499501e-01 6.727263e+03 8.844003e-01 6.097291e+05 4.852070e+01 5.612682e-02 2.526965e+01 1.543798e-04 2.404364e-02
7.943282e-03 8.553771e-01 6.564352e+03 9.330051e-01 6.325177e+05 5.033416e+01 -5.806058e-02 1.136645e+01 1.626241e-04 2.488160e-02
8.128305e-03 8.576171e-01 6.409420e+03 9.884998e-01 6.683721e+05 5.318736e+01 -2.696858e-02 1.724187e+01 1.589641e-04 2.618360e-02
8.317638e-03 8.598641e-01 6.255536e+03 9.503363e-01 6.399875e+05 5.092859e+01 1.667183e-02 3.210342e+01 1.560745e-04 2.460988e-02
8.511380e-03 8.562361e-01 6.108401e+03 9.542789e-01 6.751064e+05 5.372326e+01 3.553364e-03 1.985982e+01 1.586888e-04 2.608059e-02
8.709636e-03 8.576658e-01 5.963763e+03 1.011116e+00 6.764219e+05 5.382794e+01 3.823473e-02 2.462114e+01 1.644873e-04 2.622768e-02
8.912509e-03 8.695764e-01 5.828702e+03 9.025910e-01 6.030219e+05 4.798696e+01 4.490566e-02 1.378658e+01 1.539962e-04 2.212223e-02
9.120108e-03 8.623253e-01 5.686186e+03 9.434649e-01 6.561543e+05 5.221510e+01 -1.747936e-02 5.067990e+01 1.567078e-04 2.467723e-02
9.332543e-03 8.667873e-01 5.555306e+03 9.871608e-01 6.981534e+05 5.555728e+01 -1.870765e-03 1.735789e+01 1.639560e-04 2.675674e-02
9.549926e-03 8.732351e-01 5.422912e+03 9.524941e-01 6.305102e+05 5.017440e+01 4.365432e-02 1.695895e+01 1.756968e-04 2.358439e-02
9.772372e-03 8.732343e-01 5.293635e+03 9.526234e-01 6.761957e+05 5.380994e+01 3.885530e-02 1.224067e+01 1.669942e-04 2.555155e-02
1.000000e-02 8.773589e-01 5.170585e+03 1.005133e+00 6.711420e+05 5.340778e+01 1.267208e-01 1.243003e+01 1.629403e-04 2.485495e-02
1.023293e-02 8.864027e-01 5.052171e+03 9.250654e-01 6.111974e+05 4.863755e+01 -9.435118e-03 2.151024e+01 1.621313e-04 2.178495e-02
1.047129e-02 8.787342e-01 4.929306e+03 9.784502e-01 6.487268e+05 5.162404e+01 5.390809e-02 1.792143e+01 1.626255e-04 2.413474e-02
1.071519e-02 8.842994e-01 4.817822e+03 9.148115e-01 6.314990e+05 5.025309e+01 1.015095e-01 1.718392e+01 1.640909e-04 2.311946e-02
1.096478e-02 8.950007e-01 4.702950e+03 9.823352e-01 6.463401e+05 5.143411e+01 2.116235e-03 2.922105e+01 1.485809e-04 2.276181e-02
1.122018e-02 8.991211e-01 4.595070e+03 9.795800e-01 6.934971e+05 5.518674e+01 3.206948e-03 1.717999e+01 1.591159e-04 2.450091e-02
1.148154e-02 8.912910e-01 4.483322e+03 9.825461e-01 6.465953e+05 5.145442e+01 3.414850e-02 1.881295e+01 1.740646e-04 2.259006e-02
1.174898e-02 9.074555e-01 4.381746e+03 9.673635e-01 6.607869e+05 5.258375e+01 2.552097e-02 4.872610e+01 1.613449e-04 2.182919e-02
1.202264e-02 9.054252e-01 4.281003e+03 9.379886e-01 6.291653e+05 5.006738e+01 3.622234e-02 1.068878e+01 1.554568e-04 2.156833e-02
1.230269e-02 9.055273e-01 4.177284e+03 9.596900e-01 6.714420e+05 5.343166e+01 4.053841e-02 1.091155e+01 1.519807e-04 2.292606e-02
1.258925e-02 9.114410e-01 4.080639e+03 9.613709e-01 6.523320e+05 5.191093e+01 2.848638e-02 1.511026e+01 1.701720e-04 2.345652e-02
1.288250e-02 9.170376e-01 3.987608e+03 1.043705e+00 6.777232e+05 5.393150e+01 4.578090e-02 7.813322e+00 1.737743e-04 2.282225e-02
1.318257e-02 9.187268e-01 3.892782e+03 1.025177e+00 6.643118e+05 5.286425e+01 2.764241e-02 9.976439e+00 1.770138e-04 2.293765e-02
1.348963e-02 9.137715e-01 3.800423e+03 1.016151e+00 7.023069e+05 5.588781e+01 4.300507e-02 1.159986e+01 1.652153e-04 2.388287e-02
1.380384e-02 9.285680e-01 3.716250e+03 9.729748e-01 6.750671e+05 5.372013e+01 -1.000949e-02 2.199280e+01 1.620874e-04 2.180722e-02
1.412538e-02 9.314838e-01 3.625129e+03 9.847540e-01 6.762642e+05 5.381539e+01 8.731728e-03 1.065916e+01 1.657545e-04 2.203366e-02
1.445440e-02 9.224086e-01 3.541734e+03 1.012220e+00 6.714444e+05 5.343185e+01 -3.786955e-02 1.367004e+01 1.746394e-04 2.290439e-02
1.479108e-02 9.336402e-01 3.458271e+03 9.852237e-01 7.060241e+05 5.618361e+01 2.394670e-02 1.685524e+01 1.637916e-04 2.233703e-02
1.513561e-02 9.339753e-01 3.379091e+03 9.607674e-01 6.740904e+05 5.364240e+01 2.834200e-02 9.375959e+00 1.622600e-04 2.165906e-02
1.548817e-02 9.442524e-01 3.300747e+03 9.172538e-01 6.407542e+05 5.098960e+01 1.213845e-02 1.838271e+01 1.720296e-04 2.017330e-02
1.584893e-02 9.507426e-01 3.226777e+03 9.851726e-01 7.039484e+05 5.601843e+01 -8.808775e-02 7.553257e+00 1.742821e-04 2.149382e-02
1.621810e-02 9.561190e-01 3.150242e+03 1.005260e+00 6.417397e+05 5.106802e+01 8.730116e-02 7.354856e+00 1.737723e-04 1.990820e-02
1.659587e-02 9.520714e-01 3.077528e+03 9.914723e-01 6.617378e+05 5.265942e+01 -5.209282e-02 1.543913e+01 1.862536e-04 2.149321e-02
1.698244e-02 9.532435e-01 3.003624e+03 9.821614e-01 6.162631e+05 4.904066e+01 -3.188584e-02 1.105519e+01 1.591730e-04 1.942250e-02
1.737801e-02 9.613432e-01 2.936085e+03 9.682431e-01 6.826234e+05 5.432144e+01 5.052669e-02 2.012854e+01 1.676926e-04 2.066430e-02
1.778279e-02 9.651148e-01 2.866145e+03 9.384925e-01 6.320416e+05 5.029627e+01 -1.792687e-02 1.378846e+01 1.574035e-04 1.915024e-02
1.819701e-02 9.726617e-01 2.802940e+03 9.631881e-01 6.416126e+05 5.105791e+01 2.292607e-03 8.918351e+00 1.949190e-04 1.972688e-02
1.862087e-02 9.698629e-01 2.735481e+03 1.038897e+00 7.247681e+05 5.767521e+01 1.670718e-03 9.704954e+00 1.694704e-04 2.258207e-02
1.905461e-02 9.697998e-01 2.672420e+03 1.026165e+00 6.566880e+05 5.225757e+01 2.650659e-02 1.447470e+01 1.676573e-04 2.037352e-02
1.949845e-02 9.810351e-01 2.611435e+03 9.907119e-01 6.675518e+05 5.312208e+01 -4.841964e-03 1.839022e+01 1.735143e-04 1.937792e-02
1.995262e-02 9.808373e-01 2.549166e+03 9.250433e-01 6.477115e+05 5.154324e+01 1.555983e-02 1.739378e+01 1.661478e-04 1.857879e-02
2.041738e-02 9.931484e-01 2.493933e+03 9.423049e-01 6.357510e+05 5.059146e+01 1.473823e-02 1.089435e+01 1.632358e-04 1.814658e-02
2.089296e-02 9.936744e-01 2.435306e+03 9.412528e-01 6.278067e+05 4.995927e+01 2.122630e-02 1.006086e+01 1.559527e-04 1.839285e-02
2.137962e-02 9.952865e-01 2.378083e+03 9.507435e-01 6.397452e+05 5.090930e+01 1.530870e-01 9.370326e+00 1.679533e-04 1.870700e-02
2.187762e-02 9.978841e-01 2.322396e+03 9.423908e-01 6.171749e+05 4.911321e+01 -5.921812e-02 9.804934e+00 1.781631e-04 1.769423e-02
2.238721e-02 1.005690e+00 2.268666e+03 9.387651e-01 6.310842e+05 5.022008e+01 -6.398522e-02 1.627844e+01 1.598214e-04 1.809789e-02
2.290868e-02 1.011193e+00 2.217163e+03 1.009929e+00 6.635302e+05 5.280205e+01 -5.238080e-03 5.850311e+00 1.670954e-04 1.815710e-02
2.344229e-02 1.013621e+00 2.165290e+03 9.448025e-01 6.150403e+05 4.894335e+01 3.747932e-02 9.101123e+00 1.625004e-04 1.717281e-02
2.398833e-02 1.024356e+00 2.116061e+03 8.837591e-01 6.046561e+05 4.811701e+01 -6.435778e-02 7.176046e+00 1.696558e-04 1.646351e-02
2.454709e-02 1.023826e+00 2.067165e+03 9.710284e-01 6.636550e+05 5.281199e+01 -3.488300e-02 6.294537e+00 1.551844e-04 1.719489e-02
2.511886e-02 1.035949e+00 2.019892e+03 9.387289e-01 6.073427e+05 4.833080e+01 4.122048e-02 1.652200e+01 1.803295e-04 1.642254e-02
2.570396e-02 1.040940e+00 1.973998e+03 9.569597e-01 6.614100e+05 5.263333e+01 -2.766104e-02 7.035104e+00 1.655650e-04 1.682429e-02
2.630268e-02 1.045383e+00 1.928518e+03 1.020040e+00 6.757787e+05 5.377676e+01 3.081991e-03 7.197791e+00 1.834559e-04 1.808626e-02
2.691535e-02 1.051062e+00 1.885284e+03 9.726464e-01 6.341799e+05 5.046643e+01 -3.066247e-02 1.802733e+01 1.780601e-04 1.671070e-02
2.754229e-02 1.047564e+00 1.839331e+03 9.961949e-01 6.472413e+05 5.150582e+01 1.760870e-03 1.024672e+01 1.726045e-04 1.718587e-02
2.818383e-02 1.052871e+00 1.797403e+03 9.625358e-01 6.360632e+05 5.061630e+01 -1.758838e-02 5.129155e+00 1.727709e-04 1.610784e-02
2.884032e-02 1.061724e+00 1.757116e+03 9.868710e-01 6.454971e+05 5.136702e+01 2.215671e-02 9.918160e+00 1.741165e-04 1.634823e-02
2.951209e-02 1.068973e+00 1.716075e+03 9.633623e-01 6.261254e+05 4.982548e+01 4.098813e-02 6.934254e+00 1.721086e-04 1.582674e-02
3.019952e-02 1.069449e+00 1.675816e+03 9.206242e-01 6.044147e+05 4.809779e+01 -1.759396e-02 6.374825e+00 1.737395e-04 1.513595e-02
3.090295e-02 1.076543e+00 1.637926e+03 1.012197e+00 6.394294e+05 5.088417e+01 -1.019286e-02 6.864517e+00 1.588007e-04 1.559250e-02
3.162278e-02 1.080761e+00 1.600228e+03 1.053960e+00 6.608545e+05 5.258913e+01 -9.551518e-03 4.180099e+00 1.750593e-04 1.670223e-02
3.235937e-02 1.090102e+00 1.564360e+03 9.549056e-01 6.292690e+05 5.007563e+01 -7.961495e-02 5.882232e+00 1.699894e-04 1.504710e-02
3.311311e-02 1.087484e+00 1.527456e+03 9.630971e-01 6.139465e+05 4.885630e+01 4.933759e-02 1.439659e+01 1.756646e-04 1.506324e-02
3.388442e-02 1.097832e+00 1.492418e+03 9.223840e-01 5.863543e+05 4.666059e+01 -4.283322e-02 5.685436e+00 1.671650e-04 1.391366e-02
3.467369e-02 1.105794e+00 1.458391e+03 9.865270e-01 6.684899e+05 5.319673e+01 3.409448e-02 1.845115e+01 1.679672e-04 1.586699e-02
3.548134e-02 1.108201e+00 1.424450e+03 8.807734e-01 6.105845e+05 4.858877e+01 3.797139e-02 5.178681e+00 1.750559e-04 1.400907e-02
3.630781e-02 1.116630e+00 1.392401e+03 9.892725e-01 6.236771e+05 4.963065e+01 -1.683686e-02 5.091443e+00 1.692118e-04 1.414773e-02
3.715352e-02 1.122318e+00 1.359431e+03 9.196185e-01 6.028420e+05 4.797264e+01 5.073184e-03 6.509353e+00 1.708127e-04 1.337734e-02
3.801894e-02 1.124602e+00 1.328576e+03 9.535697e-01 6.101569e+05 4.855474e+01 7.523027e-02 5.102929e+00 1.713308e-04 1.415885e-02
3.890451e-02 1.133615e+00 1.299222e+03 9.765729e-01 6.545436e+05 5.208692e+01 -3.720668e-03 3.904466e+00 1.868773e-04 1.411231e-02
3.981072e-02 1.133510e+00 1.269841e+03 9.584672e-01 6.177553e+05 4.915940e+01 -1.977695e-02 7.163910e+00 1.782779e-04 1.380013e-02
4.073803e-02 1.146110e+00 1.239972e+03 9.395409e-01 6.153273e+05 4.896619e+01 -6.834163e-02 4.977108e+00 1.875541e-04 1.356904e-02
4.168694e-02 1.156184e+00 1.212376e+03 9.323021e-01 5.925980e+05 4.715745e+01 -2.750278e-03 3.135347e+00 1.732276e-04 1.227158e-02
4.265795e-02 1.143859e+00 1.183182e+03 9.589287e-01 6.088557e+05 4.845120e+01 3.488293e-02 1.085573e+01 1.798911e-04 1.335780e-02
4.365158e-02 1.155733e+00 1.156180e+03 9.602165e-01 6.398924e+05 5.092102e+01 -4.669066e-02 7.819501e+00 1.762661e-04 1.362322e-02
4.466836e-02 1.165377e+00 1.129819e+03 9.660171e-01 6.306027e+05 5.018177e+01 -3.379738e-02 5.387211e+00 1.841658e-04 1.322648e-02
4.570882e-02 1.175241e+00 1.104486e+03 9.774007e-01 6.254000e+05 4.976775e+01 -1.215854e-02 5.039851e+00 1.767310e-04 1.314264e-02
4.677351e-02 1.173253e+00 1.078310e+03 9.372291e-01 5.958864e+05 4.741913e+01 -3.637704e-02 5.139091e+00 1.798788e-04 1.232024e-02
4.786301e-02 1.176072e+00 1.054197e+03 9.488181e-01 5.834724e+05 4.643126e+01 2.402266e-02 3.404532e+00 1.829499e-04 1.211696e-02
4.897788e-02 1.183749e+00 1.030103e+03 8.983764e-01 5.896691e+05 4.692438e+01 -2.916280e-02 7.925916e+00 1.844897e-04 1.188248e-02
5.011872e-02 1.192804e+00 1.006761e+03 9.559087e-01 6.024081e+05 4.793811e+01 2.119797e-02 7.672624e+00 1.757742e-04 1.196956e-02
5.128614e-02 1.193393e+00 9.833514e+02 9.381190e-01 5.800696e+05 4.616047e+01 4.429021e-03 4.589840e+00 1.766763e-04 1.142954e-02
5.248075e-02 1.209378e+00 9.614158e+02 9.516331e-01 6.217061e+05 4.947379e+01 -5.362296e-02 5.040493e+00 1.784891e-04 1.188780e-02
5.370318e-02 1.206904e+00 9.388701e+02 9.617545e-01 5.969500e+05 4.750377e+01 -2.070400e-03 2.353255e+00 2.005107e-04 1.167557e-02
5.495409e-02 1.208886e+00 9.171447e+02 9.111004e-01 5.580733e+05 4.441006e+01 -6.900766e-03 5.614761e+00 1.875946e-04 1.077428e-02
5.623413e-02 1.223790e+00 8.974898e+02 9.505507e-01 5.976142e+05 4.755663e+01 3.242778e-02 3.311377e+00 1.888289e-04 1.156572e-02
5.754399e-02 1.219027e+00 8.758579e+02 9.477673e-01 6.278247e+05 4.996070e+01 -1.345533e-02 3.895545e+00 1.924079e-04 1.197811e-02
5.888437e-02 1.232841e+00 8.563531e+02 9.623100e-01 5.879552e+05 4.678799e+01 3.929624e-02 4.617252e+00 1.857251e-04 1.124504e-02
6.025596e-02 1.237508e+00 8.369872e+02 9.966678e-01 6.053611e+05 4.817311e+01 -4.856043e-02 6.148502e+00 1.990935e-04 1.106842e-02
6.165950e-02 1.232843e+00 8.170180e+02 9.875165e-01 6.227351e+05 4.955568e+01 2.752432e-02 5.468232e+00 1.952854e-04 1.195874e-02
6.309573e-02 1.245637e+00 7.990889e+02 9.845978e-01 5.789492e+05 4.607132e+01 -9.364936e-02 2.418799e+00 1.891860e-04 1.064965e-02
6.456542e-02 1.256342e+00 7.809620e+02 9.529419e-01 5.890848e+05 4.687788e+01 -9.387185e-02 4.764617e+00 1.954456e-04 1.085776e-02
6.606934e-02 1.258136e+00 7.625860e+02 9.650631e-01 6.047729e+05 4.812630e+01 -3.871108e-02 4.426178e+00 1.797565e-04 1.081316e-02
6.760830e-02 1.267423e+00 7.458479e+02 8.641404e-01 5.542464e+05 4.410553e+01 -5.268030e-02 6.128387e+00 1.821585e-04 9.712866e-03
6.918310e-02 1.264302e+00 7.281829e+02 9.906248e-01 6.054058e+05 4.817666e+01 -7.663323e-02 3.575587e+00 1.939215e-04 1.076290e-02
7.079458e-02 1.263006e+00 7.112961e+02 9.295153e-01 5.716170e+05 4.548783e+01 6.502407e-03 6.673504e+00 1.879421e-04 1.012286e-02
7.244360e-02 1.279092e+00 6.956772e+02 9.725371e-01 5.715928e+05 4.548591e+01 -3.832306e-02 4.291854e+00 1.870094e-04 1.022442e-02
7.413102e-02 1.278772e+00 6.797544e+02 9.886006e-01 5.920001e+05 4.710987e+01 -9.334068e-03 3.255601e+00 2.049628e-04 1.034740e-02
7.585776e-02 1.283641e+00 6.641461e+02 9.785150e-01 6.039022e+05 4.805701e+01 -3.339194e-02 4.354830e+00 2.060092e-04 1.025466e-02
7.762471e-02 1.296083e+00 6.495550e+02 9.762425e-01 5.783470e+05 4.602339e+01 -1.154786e-01 4.027987e+00 1.998512e-04 9.925189e-03
7.943282e-02 1.295527e+00 6.345332e+02 9.739632e-01 5.660542e+05 4.504516e+01 -7.582598e-02 4.022442e+00 1.794567e-04 9.828759e-03
8.128305e-02 1.304393e+00 6.197299e+02 9.834360e-01 5.697722e+05 4.534103e+01 -9.381907e-02 2.784057e+00 1.842311e-04 9.479643e-03
8.317638e-02 1.301009e+00 6.060302e+02 9.822651e-01 5.678535e+05 4.518834e+01 -6.852238e-02 2.004450e+00 1.825280e-04 9.275535e-03
8.511380e-02 1.309578e+00 5.916435e+02 9.221860e-01 5.310177e+05 4.225705e+01 -6.575610e-04 3.381825e+00 1.843666e-04 8.839937e-03
8.709636e-02 1.314545e+00 5.784475e+02 9.008512e-01 5.414198e+05 4.308482e+01 -1.075217e-01 2.383394e+00 2.000073e-04 8.926081e-03
8.912509e-02 1.322485e+00 5.653589e+02 9.321139e-01 5.548425e+05 4.415296e+01 -7.657178e-02 2.078699e+00 2.070330e-04 8.957367e-03
9.120108e-02 1.317332e+00 5.523623e+02 9.218513e-01 5.406519e+05 4.302371e+01 -3.698678e-02 2.946678e+00 2.014404e-04 9.033127e-03
9.332543e-02 1.330844e+00 5.402274e+02 9.434218e-01 5.468035e+05 4.351324e+01 -1.235444e-01 2.368087e+00 1.989943e-04 8.929149e-03
9.549926e-02 1.331982e+00 5.280882e+02 9.256088e-01 5.315602e+05 4.230022e+01 -4.496263e-02 3.138096e+00 2.022384e-04 8.746247e-03
9.772372e-02 1.335413e+00 5.157950e+02 1.020231e+00 5.969161e+05 4.750107e+01 -4.769549e-02 2.004381e+00 2.042843e-04 9.735754e-03
1.000000e-01 1.330083e+00 5.035509e+02 9.589290e-01 5.312110e+05 4.227242e+01 -4.801953e-02 2.866405e+00 2.221667e-04 8.636979e-03
1.023293e-01 1.339442e+00 4.919732e+02 9.475243e-01 5.420082e+05 4.313164e+01 -9.781207e-02 1.661547e+00 2.078043e-04 8.531405e-03
1.047129e-01 1.348129e+00 4.815551e+02 1.003866e+00 5.395845e+05 4.293877e+01 -8.283473e-02 6.228740e+00 2.028651e-04 8.674890e-03
1.071519e-01 1.342943e+00 4.699881e+02 9.447414e-01 5.446224e+05 4.333967e+01 -5.399135e-02 1.751148e+00 2.148188e-04 8.447044e-03
1.096478e-01 1.359357e+00 4.594587e+02 9.192350e-01 5.469060e+05 4.352140e+01 -7.348234e-02 1.989247e+00 2.060486e-04 8.517435e-03
1.122018e-01 1.353269e+00 4.489253e+02 9.183522e-01 5.214808e+05 4.149812e+01 -8.586121e-02 2.075110e+00 2.094695e-04 7.979752e-03
1.148154e-01 1.353016e+00 4.385535e+02 9.399507e-01 5.245103e+05 4.173920e+01 -3.943369e-02 2.404491e+00 2.069747e-04 8.244457e-03
1.174898e-01 1.359026e+00 4.291247e+02 9.689964e-01 5.442318e+05 4.330859e+01 -2.618027e-02 2.041724e+00 2.100679e-04 8.230490e-03
1.202264e-01 1.354810e+00 4.190555e+02 9.295323e-01 5.532053e+05 4.402268e+01 -8.071545e-02 1.555315e+00 2.083167e-04 8.427407e-03
1.230269e-01 1.358811e+00 4.096063e+02 9.635850e-01 5.516531e+05 4.389916e+01 -6.494135e-02 1.836713e+00 2.216352e-04 8.407025e-03
1.258925e-01 1.365819e+00 4.002259e+02 9.862236e-01 5.533747e+05 4.403616e+01 -7.511626e-02 3.041901e+00 2.179107e-04 8.203446e-03
1.288250e-01 1.361519e+00 3.909576e+02 8.883944e-01 5.097796e+05 4.056697e+01 9.497647e-03 1.734704e+00 2.091200e-04 7.832506e-03
1.318257e-01 1.372665e+00 3.824437e+02 9.508110e-01 5.574991e+05 4.436437e+01 -9.510082e-02 8.896234e-01 2.131074e-04 8.150859e-03
1.348963e-01 1.369390e+00 3.735942e+02 9.220856e-01 5.276914e+05 4.199235e+01 -3.177458e-02 2.327536e+00 2.018458e-04 7.949332e-03
1.380384e-01 1.370414e+00 3.650241e+02 8.999607e-01 4.901402e+05 3.900412e+01 1.921100e-02 2.998480e+00 2.325645e-04 7.636842e-03
1.412538e-01 1.373561e+00 3.568903e+02 9.665587e-01 5.607372e+05 4.462205e+01 -4.644940e-02 1.570852e+00 2.310724e-04 8.610538e-03
1.445440e-01 1.380245e+00 3.487481e+02 9.577543e-01 5.673295e+05 4.514664e+01 -8.191687e-02 2.042032e+00 2.329690e-04 8.394103e-03
1.479108e-01 1.375276e+00 3.405974e+02 9.116888e-01 5.251611e+05 4.179099e+01 8.766126e-03 1.432883e+00 2.262533e-04 7.863846e-03
1.513561e-01 1.376307e+00 3.332364e+02 9.393451e-01 5.196310e+05 4.135092e+01 2.149806e-02 2.595375e+00 2.209495e-04 7.909833e-03
1.548817e-01 1.367391e+00 3.254809e+02 9.554679e-01 5.453518e+05 4.339771e+01 -7.710084e-04 1.201579e+00 2.277056e-04 8.136885e-03
1.584893e-01 1.371158e+00 3.181465e+02 9.611199e-01 5.492989e+05 4.371182e+01 -8.123170e-02 1.088169e+00 2.268522e-04 7.917903e-03
1.621810e-01 1.375146e+00 3.108867e+02 9.601980e-01 5.394233e+05 4.292594e+01 1.990195e-03 8.838078e-01 2.363269e-04 8.102033e-03
1.659587e-01 1.373068e+00 3.038980e+02 9.477934e-01 5.027450e+05 4.000718e+01 -7.045311e-02 2.211273e+00 2.150632e-04 7.772651e-03
1.698244e-01 1.371692e+00 2.971015e+02 9.488813e-01 5.229202e+05 4.161266e+01 -3.869702e-02 1.411553e+00 2.302786e-04 8.055398e-03
1.737801e-01 1.378715e+00 2.903431e+02 9.299104e-01 5.269453e+05 4.193298e+01 -1.234177e-02 1.396577e+00 2.402428e-04 7.755408e-03
1.778279e-01 1.381365e+00 2.838222e+02 9.525781e-01 5.325832e+05 4.238163e+01 5.983963e-02 1.337431e+00 2.418568e-04 7.806651e-03
1.819701e-01 1.375005e+00 2.768614e+02 9.284572e-01 5.327650e+05 4.239609e+01 5.818655e-02 9.976142e-01 2.483161e-04 8.192347e-03
1.862087e-01 1.377157e+00 2.710507e+02 9.668424e-01 5.455830e+05 4.341612e+01 -4.756525e-02 2.147849e+00 2.400270e-04 8.259209e-03
1.905461e-01 1.368945e+00 2.647129e+02 9.018785e-01 5.044113e+05 4.013977e+01 -2.838728e-02 2.936457e+00 2.422160e-04 7.781708e-03
1.949845e-01 1.364714e+00 2.588084e+02 9.439447e-01 5.276419e+05 4.198841e+01 1.432434e-03 8.860644e-01 2.344550e-04 8.028516e-03
1.995262e-01 1.361034e+00 2.527868e+02 9.636291e-01 5.172632e+05 4.116250e+01 3.193927e-03 1.514380e+00 2.323293e-04 7.966868e-03
2.041738e-01 1.361840e+00 2.470885e+02 9.019426e-01 4.871781e+05 3.876840e+01 -1.438393e-02 9.617044e-01 2.449671e-04 7.530730e-03
2.089296e-01 1.363779e+00 2.414432e+02 9.510536e-01 5.415465e+05 4.309490e+01 -5.673774e-02 1.492503e+00 2.498971e-04 8.350005e-03
2.137962e-01 1.350413e+00 2.358971e+02 9.743273e-01 5.482369e+05 4.362730e+01 -1.885457e-02 8.286776e-01 2.528668e-04 8.249396e-03
2.187762e-01 1.345862e+00 2.304673e+02 9.835192e-01 5.266032e+05 4.190575e+01 -4.432045e-03 1.149426e+00 2.525689e-04 8.153734e-03
2.238721e-01 1.358234e+00 2.256704e+02 8.485322e-01 4.828185e+05 3.842147e+01 -3.937221e-02 1.066845e+00 2.449785e-04 7.371141e-03
2.290868e-01 1.347409e+00 2.204706e+02 9.511420e-01 5.510843e+05 4.385389e+01 1.259685e-02 1.165895e+00 2.587760e-04 8.291388e-03
2.344229e-01 1.338366e+00 2.154306e+02 8.694211e-01 4.877852e+05 3.881671e+01 -1.298971e-02 7.439323e-01 2.402515e-04 7.699522e-03
2.398833e-01 1.337904e+00 2.104748e+02 1.000775e+00 5.102913e+05 4.060769e+01 -2.474815e-02 8.835272e-01 2.415839e-04 8.566092e-03
2.454709e-01 1.337417e+00 2.057061e+02 1.007505e+00 5.677786e+05 4.518238e+01 5.995690e-02 9.095148e-01 2.580212e-04 9.026214e-03
2.511886e-01 1.334101e+00 2.008344e+02 9.427719e-01 5.042698e+05 4.012851e+01 -1.279654e-02 6.241895e-01 2.685248e-04 8.092790e-03
2.570396e-01 1.322929e+00 1.962464e+02 8.857006e-01 5.049544e+05 4.018300e+01 -1.056347e-02 7.964251e-01 2.574708e-04 7.966447e-03
2.630268e-01 1.329578e+00 1.920363e+02 1.017229e+00 5.118062e+05 4.072824e+01 -1.630041e-02 8.328752e-01 2.476702e-04 8.301618e-03
2.691535e-01 1.320188e+00 1.876925e+02 9.241515e-01 5.338752e+05 4.248444e+01 5.647118e-02 8.175883e-01 2.934535e-04 8.789775e-03
2.754229e-01 1.316776e+00 1.835371e+02 1.043249e+00 5.815097e+05 4.627507e+01 2.960836e-02 7.905882e-01 2.603253e-04 9.573699e-03
2.818383e-01 1.312106e+00 1.791832e+02 9.789209e-01 5.527974e+05 4.399021e+01 6.548759e-02 8.928846e-01 2.544869e-04 8.782309e-03
2.884032e-01 1.308369e+00 1.751574e+02 9.296139e-01 4.910750e+05 3.907851e+01 2.261339e-02 2.953235e+00 2.985218e-04 8.183183e-03
2.951209e-01 1.304407e+00 1.711781e+02 1.026812e+00 5.325425e+05 4.237838e+01 -6.076412e-03 6.402644e-01 2.858582e-04 9.067653e-03
3.019952e-01 1.297733e+00 1.673702e+02 9.674292e-01 5.054608e+05 4.022329e+01 1.043132e-01 7.208778e-01 2.780520e-04 8.492767e-03
3.090295e-01 1.293095e+00 1.634452e+02 9.445716e-01 5.111532e+05 4.067627e+01 1.326763e-01 7.759106e-01 2.978473e-04 8.467644e-03
3.162278e-01 1.295783e+00 1.599393e+02 1.000997e+00 5.203362e+05 4.140704e+01 2.121879e-01 4.078585e-01 3.104272e-04 9.013410e-03
3.235937e-01 1.288777e+00 1.563475e+02 9.349166e-01 5.131790e+05 4.083749e+01 7.875906e-02 6.299379e-01 2.863436e-04 8.726608e-03
3.311311e-01 1.280461e+00 1.526675e+02 9.595460e-01 5.164650e+05 4.109898e+01 1.677345e-01 2.227128e+00 2.948372e-04 9.012165e-03
3.388442e-01 1.274799e+00 1.492320e+02 9.303468e-01 5.203436e+05 4.140762e+01 9.129766e-02 6.724626e-01 2.819720e-04 8.907929e-03
3.467369e-01 1.272604e+00 1.459511e+02 9.814683e-01 5.326318e+05 4.238549e+01 8.094515e-02 3.960055e-01 3.045671e-04 9.182076e-03
3.548134e-01 1.266445e+00 1.424394e+02 9.836056e-01 5.335748e+05 4.246053e+01 -1.343649e-02 1.102087e+00 3.128351e-04 9.303698e-03
3.630781e-01 1.266599e+00 1.394255e+02 9.864251e-01 5.518244e+05 4.391279e+01 2.577515e-01 1.243196e+00 2.946685e-04 9.823307e-03
3.715352e-01 1.261435e+00 1.361754e+02 9.931988e-01 5.630759e+05 4.480816e+01 5.732959e-02 5.134424e-01 2.942510e-04 1.013403e-02
3.801894e-01 1.246813e+00 1.330400e+02 9.906963e-01 5.539324e+05 4.408054e+01 1.055926e-01 5.875882e-01 2.969617e-04 1.018048e-02
3.890451e-01 1.247998e+00 1.300909e+02 9.717254e-01 5.278856e+05 4.200780e+01 -1.233881e-02 4.790568e-01 3.034825e-04 9.395248e-03
3.981072e-01 1.237985e+00 1.271199e+02 9.241269e-01 5.103687e+05 4.061385e+01 2.378650e-01 6.937635e-01 3.117948e-04 9.242365e-03
4.073803e-01 1.242594e+00 1.244088e+02 9.704979e-01 5.430953e+05 4.321815e+01 1.243905e-01 4.018098e-01 3.279121e-04 9.905327e-03
4.168694e-01 1.240786e+00 1.214266e+02 9.804493e-01 5.524159e+05 4.395986e+01 1.941979e-01 4.983444e-01 3.165793e-04 1.036967e-02
4.265795e-01 1.234141e+00 1.188980e+02 1.063187e+00 5.539611e+05 4.408282e+01 7.173336e-02 7.842325e-01 3.341737e-04 1.038273e-02
4.365158e-01 1.216111e+00 1.161115e+02 9.308642e-01 4.873233e+05 3.877995e+01 2.879526e-02 8.628619e-01 3.154964e-04 9.308580e-03
4.466836e-01 1.221399e+00 1.134921e+02 9.223733e-01 4.765783e+05 3.792489e+01 1.004697e-01 3.959924e-01 3.132224e-04 9.116217e-03
4.570882e-01 1.215931e+00 1.109005e+02 9.717108e-01 5.470946e+05 4.353640e+01 2.083118e-01 2.176641e-01 3.530642e-04 1.064096e-02
4.677351e-01 1.215605e+00 1.084827e+02 9.744611e-01 5.091740e+05 4.051878e+01 9.282909e-02 4.733810e-01 3.422773e-04 9.675316e-03
4.786301e-01 1.211341e+00 1.058733e+02 1.033012e+00 5.429161e+05 4.320389e+01 1.129434e-01 4.679487e-01 3.836271e-04 1.063107e-02
4.897788e-01 1.205438e+00 1.036186e+02 8.826410e-01 5.173983e+05 4.117325e+01 7.862043e-02 6.877360e-01 3.612654e-04 1.008627e-02
5.011872e-01 1.193203e+00 1.010835e+02 9.405065e-01 5.242846e+05 4.172124e+01 9.580548e-02 6.180046e-01 3.673527e-04 1.026489e-02
5.128614e-01 1.192963e+00 9.893900e+01 9.174626e-01 5.128032e+05 4.080758e+01 2.913008e-02 9.380646e-01 3.576342e-04 1.017963e-02
5.248075e-01 1.187609e+00 9.673219e+01 9.223199e-01 5.507706e+05 4.382893e+01 1.557652e-01 4.121958e-01 3.444852e-04 1.086450e-02
5.370318e-01 1.187159e+00 9.457570e+01 9.662223e-01 5.275519e+05 4.198124e+01 2.174769e-02 3.718986e-01 3.634727e-04 1.049857e-02
5.495409e-01 1.179103e+00 9.243471e+01 9.270567e-01 5.122964e+05 4.076725e+01 -6.609897e-02 5.993999e-01 3.796657e-04 1.042801e-02
5.623413e-01 1.163383e+00 9.019653e+01 9.814893e-01 5.365781e+05 4.269953e+01 6.001982e-02 4.432030e-01 4.020567e-04 1.117038e-02
5.754399e-01 1.166860e+00 8.823822e+01 9.148281e-01 5.406337e+05 4.302226e+01 6.626606e-02 3.698750e-01 3.696493e-04 1.121761e-02
5.888437e-01 1.157318e+00 8.625695e+01 1.037968e+00 5.804867e+05 4.619366e+01 1.313346e-01 2.907324e-01 3.904781e-04 1.208975e-02
6.025596e-01 1.154013e+00 8.428019e+01 9.180613e-01 4.972365e+05 3.956882e+01 4.161032e-02 4.513507e-01 3.886777e-04 1.009569e-02
6.165950e-01 1.153392e+00 8.246784e+01 9.217131e-01 5.134660e+05 4.086033e+01 1.393879e-01 4.482747e-01 4.187292e-04 1.097782e-02
6.309573e-01 1.142241e+00 8.057068e+01 8.922766e-01 4.842870e+05 3.853834e+01 4.617132e-02 3.052079e-01 4.267548e-04 1.043871e-02
6.456542e-01 1.143949e+00 7.874105e+01 9.570104e-01 5.121029e+05 4.075185e+01 1.154947e-01 4.273672e-01 4.398913e-04 1.154859e-02
6.606934e-01 1.138107e+00 7.698167e+01 9.144810e-01 4.778607e+05 3.802695e+01 -2.999147e-03 4.261579e-01 4.014949e-04 1.061113e-02
6.760830e-01 1.128205e+00 7.526974e+01 9.618967e-01 5.554283e+05 4.419958e+01 4.456996e-02 3.259334e-01 4.170889e-04 1.253392e-02
6.918310e-01 1.125408e+00 7.355209e+01 9.877371e-01 5.398160e+05 4.295719e+01 2.444463e-02 3.721054e-01 4.327766e-04 1.211758e-02
7.079458e-01 1.119754e+00 7.191557e+01 9.397154e-01 5.556436e+05 4.421671e+01 1.453689e-01 2.708932e-01 4.336404e-04 1.212403e-02
7.244360e-01 1.116244e+00 7.035553e+01 9.844548e-01 5.492597e+05 4.370870e+01 1.429998e-01 1.570620e-01 4.531265e-04 1.277575e-02
7.413102e-01 1.115887e+00 6.873186e+01 9.425288e-01 5.132866e+05 4.084604e+01 4.875326e-01 1.950006e-01 4.407512e-04 1.174883e-02
7.585776e-01 1.101738e+00 6.714761e+01 9.691555e-01 5.422076e+05 4.314751e+01 -1.632751e-02 3.154390e-01 4.677917e-04 1.235817e-02
7.762471e-01 1.108584e+00 6.562793e+01 9.612328e-01 5.589220e+05 4.447760e+01 1.880395e-01 1.791111e-01 4.660647e-04 1.261846e-02
7.943282e-01 1.102282e+00 6.418601e+01 9.336232e-01 5.518722e+05 4.391659e+01 3.375020e-02 3.749374e-01 4.898360e-04 1.255133e-02
8.128305e-01 1.094454e+00 6.273562e+01 1.014842e+00 5.361922e+05 4.266882e+01 9.283830e-02 1.853248e-01 5.241209e-04 1.295128e-02
8.317638e-01 1.082629e+00 6.131325e+01 9.308348e-01 5.253480e+05 4.180586e+01 9.561554e-02 3.929430e-01 4.588886e-04 1.238091e-02
8.511380e-01 1.089731e+00 5.996242e+01 1.053041e+00 5.714614e+05 4.547545e+01 6.270035e-02 1.033674e-01 5.098452e-04 1.350958e-02
8.709636e-01 1.084994e+00 5.858690e+01 9.336152e-01 5.398061e+05 4.295640e+01 9.765405e-02 8.429274e-01 4.768723e-04 1.262867e-02
8.912509e-01 1.076703e+00 5.727647e+01 9.293173e-01 5.081790e+05 4.043960e+01 8.740297e-02 3.366058e-01 5.186318e-04 1.279184e-02
9.120108e-01 1.075971e+00 5.600496e+01 9.774360e-01 5.601900e+05 4.457850e+01 7.570410e-02 2.040109e-01 5.291966e-04 1.325932e-02
9.332543e-01 1.078285e+00 5.478423e+01 9.853064e-01 5.426837e+05 4.318539e+01 -2.311037e-03 5.586554e-01 5.347855e-04 1.316998e-02
9.549926e-01 1.066715e+00 5.344696e+01 9.892731e-01 5.463044e+05 4.347352e+01 5.300566e-02 3.005583e-01 5.340995e-04 1.324096e-02
9.772372e-01 1.065381e+00 5.235121e+01 9.961545e-01 5.286447e+05 4.206821e+01 1.931313e-01 2.357019e-01 5.006381e-04 1.259090e-02
