#./double_munderdamped_3d --dev=1 --amp=250.0 --omega=1 --mass=0.0 --force=0 --Dg=0.01 --block=256 --paths=1024 --periods=1000 --trans=100 --samples=10000 --spp=10000 --algorithm=euler --pav=1 --mode=moments --domain=1d --domainx=g:-3:0:300:1 --domainy=s:-1:2:100:1 --domainz=a:-1:2.5:100:1 --q=2 --eps=0 --phi=1.57079632679 --lambda=5.0 --zeta=0.2 --comp=0 --mean=1.0 --second=20.0 --skew=0.99 --distribution=s>> 1D_double_g:-3:0:300:1_20.0_5.0_0.99_1.0_250.0.dat
#g <<v>> <<v^2>> qnu(q) mu_q Dx Gx Gv EBx EBv
1.000000e-03 4.719201e-01 7.432591e+04 9.975760e-01 7.693740e+05 6.122484e+01 4.279623e-02 1.030648e+02 1.659965e-04 9.863966e-02
1.023293e-03 4.794376e-01 7.190678e+04 9.106022e-01 7.223447e+05 5.748236e+01 6.736180e-02 8.595495e+01 1.579474e-04 8.927708e-02
1.047129e-03 5.012191e-01 6.961891e+04 9.319221e-01 7.525127e+05 5.988306e+01 -7.469455e-02 9.402907e+01 1.473805e-04 8.011762e-02
1.071519e-03 5.110242e-01 6.734284e+04 9.162674e-01 7.420670e+05 5.905181e+01 -2.745208e-02 1.033174e+02 1.503113e-04 7.761560e-02
1.096478e-03 5.202035e-01 6.517788e+04 9.882630e-01 7.462520e+05 5.938485e+01 3.880397e-02 1.507195e+01 1.503120e-04 7.856932e-02
1.122018e-03 5.416788e-01 6.322546e+04 9.560512e-01 6.874304e+05 5.470397e+01 5.367780e-03 9.606789e+01 1.499928e-04 6.979929e-02
1.148154e-03 5.609970e-01 6.127155e+04 9.213630e-01 7.024870e+05 5.590214e+01 1.729263e-02 8.028846e+01 1.574847e-04 6.402658e-02
1.174898e-03 5.692812e-01 5.933419e+04 9.428782e-01 7.130583e+05 5.674337e+01 5.018489e-03 1.364102e+02 1.504997e-04 6.087921e-02
1.202264e-03 5.970123e-01 5.759004e+04 9.591186e-01 7.595823e+05 6.044563e+01 -8.012687e-02 6.239849e+01 1.430399e-04 5.999065e-02
1.230269e-03 6.004749e-01 5.585927e+04 9.428901e-01 7.256701e+05 5.774699e+01 2.177224e-02 3.949959e+01 1.573662e-04 5.638887e-02
1.258925e-03 6.139293e-01 5.417750e+04 9.760242e-01 7.172811e+05 5.707942e+01 -4.248882e-02 8.248296e+01 1.389528e-04 5.367589e-02
1.288250e-03 6.287647e-01 5.254302e+04 1.020262e+00 7.154877e+05 5.693670e+01 -7.359508e-03 8.471607e+01 1.435526e-04 5.124391e-02
1.318257e-03 6.431793e-01 5.098540e+04 9.463732e-01 6.958616e+05 5.537490e+01 -4.413538e-02 8.343478e+01 1.526840e-04 4.762651e-02
1.348963e-03 6.518031e-01 4.946082e+04 9.943901e-01 7.576590e+05 6.029259e+01 -6.947576e-03 8.190711e+01 1.419243e-04 4.902650e-02
1.380384e-03 6.706865e-01 4.804583e+04 1.024661e+00 7.537697e+05 5.998308e+01 -7.796905e-02 1.972266e+02 1.522934e-04 4.678200e-02
1.412538e-03 6.861264e-01 4.663713e+04 9.944052e-01 7.651308e+05 6.088717e+01 -5.581201e-02 1.542234e+02 1.598389e-04 4.740082e-02
1.445440e-03 6.946874e-01 4.527675e+04 9.920021e-01 7.506245e+05 5.973280e+01 2.807069e-03 4.118887e+01 1.638261e-04 4.464127e-02
1.479108e-03 7.183891e-01 4.401039e+04 9.101046e-01 6.810248e+05 5.419423e+01 1.295029e-02 5.908723e+01 1.626383e-04 3.758084e-02
1.513561e-03 7.314903e-01 4.275528e+04 9.306901e-01 7.056949e+05 5.615742e+01 3.407882e-02 7.507964e+01 1.591864e-04 3.839358e-02
1.548817e-03 7.442616e-01 4.155484e+04 9.519320e-01 7.146184e+05 5.686752e+01 1.206269e-02 9.536425e+01 1.704228e-04 3.645803e-02
1.584893e-03 7.591149e-01 4.034990e+04 9.363487e-01 6.804368e+05 5.414744e+01 -2.488324e-04 1.275621e+02 1.587027e-04 3.366974e-02
1.621810e-03 7.695947e-01 3.922929e+04 1.028080e+00 7.244513e+05 5.765000e+01 -2.702538e-02 8.214736e+01 1.424201e-04 3.495985e-02
1.659587e-03 7.897820e-01 3.815097e+04 9.796565e-01 6.975936e+05 5.551274e+01 2.979522e-02 6.305147e+01 1.541348e-04 3.179260e-02
1.698244e-03 8.007513e-01 3.708178e+04 9.448927e-01 6.545142e+05 5.208459e+01 -2.782498e-02 3.789992e+01 1.470279e-04 3.061492e-02
1.737801e-03 8.182481e-01 3.606130e+04 9.742335e-01 6.757213e+05 5.377219e+01 3.663131e-02 7.074080e+01 1.530999e-04 2.893686e-02
1.778279e-03 8.402847e-01 3.507046e+04 9.369862e-01 6.235417e+05 4.961987e+01 2.280829e-02 4.713927e+01 1.567231e-04 2.565480e-02
1.819701e-03 8.580121e-01 3.413377e+04 9.946465e-01 7.340556e+05 5.841429e+01 -4.236876e-02 4.906117e+01 1.478424e-04 2.811340e-02
1.862087e-03 8.629345e-01 3.317946e+04 9.761416e-01 6.934828e+05 5.518560e+01 -2.434383e-02 6.991074e+01 1.589201e-04 2.518946e-02
1.905461e-03 8.853399e-01 3.228895e+04 9.246210e-01 6.549360e+05 5.211815e+01 9.790164e-03 7.104426e+01 1.540101e-04 2.428764e-02
1.949845e-03 9.003211e-01 3.141142e+04 9.827354e-01 7.175105e+05 5.709767e+01 3.158250e-02 4.115522e+01 1.649999e-04 2.532407e-02
1.995262e-03 9.180980e-01 3.059171e+04 9.274924e-01 6.162719e+05 4.904136e+01 5.961819e-03 7.545307e+01 1.569571e-04 2.065400e-02
2.041738e-03 9.387433e-01 2.975473e+04 9.610921e-01 6.679321e+05 5.315234e+01 -4.629269e-03 1.102054e+02 1.601699e-04 2.148163e-02
2.089296e-03 9.605225e-01 2.897939e+04 9.149681e-01 5.978310e+05 4.757388e+01 -3.548677e-03 1.839202e+02 1.502782e-04 1.917525e-02
2.137962e-03 9.745295e-01 2.820477e+04 9.470676e-01 6.382379e+05 5.078936e+01 2.988816e-02 5.305697e+01 1.416291e-04 1.893682e-02
2.187762e-03 9.944955e-01 2.743355e+04 9.586569e-01 6.276727e+05 4.994861e+01 -5.832534e-02 6.416226e+01 1.475710e-04 1.807302e-02
2.238721e-03 1.018179e+00 2.673202e+04 9.433020e-01 6.532876e+05 5.198697e+01 -2.301316e-02 7.271510e+01 1.531559e-04 1.811926e-02
2.290868e-03 1.034405e+00 2.603562e+04 9.743704e-01 6.429575e+05 5.116493e+01 6.615271e-02 3.077101e+01 1.570055e-04 1.768491e-02
2.344229e-03 1.052269e+00 2.534660e+04 9.596870e-01 6.331506e+05 5.038452e+01 1.934731e-02 3.339332e+01 1.570926e-04 1.604503e-02
2.398833e-03 1.075367e+00 2.469638e+04 9.954179e-01 6.542257e+05 5.206162e+01 2.482340e-02 2.869016e+01 1.680107e-04 1.633199e-02
2.454709e-03 1.094432e+00 2.402950e+04 9.746657e-01 6.581501e+05 5.237392e+01 2.351248e-02 6.332571e+01 1.514731e-04 1.514576e-02
2.511886e-03 1.119069e+00 2.341407e+04 9.886908e-01 6.473242e+05 5.151242e+01 2.842141e-02 4.783331e+01 1.666519e-04 1.498740e-02
2.570396e-03 1.132225e+00 2.281306e+04 9.546254e-01 6.627835e+05 5.274264e+01 -7.242028e-03 3.149812e+01 1.644006e-04 1.478880e-02
2.630268e-03 1.159710e+00 2.224200e+04 9.657712e-01 6.495373e+05 5.168853e+01 -1.478123e-02 6.700463e+01 1.504667e-04 1.390740e-02
2.691535e-03 1.184588e+00 2.167685e+04 9.752985e-01 6.431079e+05 5.117690e+01 5.190298e-02 2.997453e+01 1.394761e-04 1.294885e-02
2.754229e-03 1.204316e+00 2.111746e+04 1.002033e+00 6.592029e+05 5.245770e+01 -4.925816e-02 3.462979e+01 1.554345e-04 1.289637e-02
2.818383e-03 1.218723e+00 2.057502e+04 9.902157e-01 5.965008e+05 4.746802e+01 2.802428e-02 6.727177e+01 1.468008e-04 1.184050e-02
2.884032e-03 1.249277e+00 2.005806e+04 1.032560e+00 6.587018e+05 5.241782e+01 -6.353621e-02 5.891581e+01 1.460718e-04 1.227594e-02
2.951209e-03 1.276734e+00 1.954584e+04 9.910239e-01 6.273357e+05 4.992178e+01 -3.653590e-02 5.250795e+01 1.545448e-04 1.107362e-02
3.019952e-03 1.297953e+00 1.906642e+04 1.007600e+00 6.393273e+05 5.087605e+01 -3.695583e-02 4.224143e+01 1.468490e-04 1.046669e-02
3.090295e-03 1.316124e+00 1.858330e+04 9.622675e-01 5.871258e+05 4.672198e+01 2.172558e-02 4.046338e+01 1.448196e-04 9.687594e-03
3.162278e-03 1.348798e+00 1.811701e+04 9.959853e-01 6.447930e+05 5.131099e+01 1.000657e-02 4.080519e+01 1.589437e-04 9.953436e-03
3.235937e-03 1.373213e+00 1.765109e+04 9.711279e-01 6.149602e+05 4.893698e+01 6.557265e-03 3.672935e+01 1.530144e-04 9.225379e-03
3.311311e-03 1.403542e+00 1.722086e+04 9.513961e-01 5.839479e+05 4.646910e+01 -7.467529e-02 2.924535e+01 1.524547e-04 8.194364e-03
3.388442e-03 1.421065e+00 1.678683e+04 9.633093e-01 6.242623e+05 4.967721e+01 -3.657467e-03 4.999669e+01 1.529445e-04 8.671529e-03
3.467369e-03 1.448572e+00 1.637753e+04 9.828487e-01 6.300697e+05 5.013935e+01 6.519987e-02 3.364269e+01 1.428049e-04 8.350325e-03
3.548134e-03 1.485597e+00 1.596862e+04 9.687205e-01 5.959020e+05 4.742038e+01 1.447940e-03 9.286336e+01 1.699357e-04 7.671771e-03
3.630781e-03 1.508743e+00 1.557995e+04 1.035928e+00 6.153091e+05 4.896474e+01 6.615383e-02 6.965802e+01 1.457794e-04 7.561600e-03
3.715352e-03 1.535803e+00 1.519324e+04 8.968825e-01 5.464936e+05 4.348858e+01 -3.112778e-03 3.838920e+01 1.352853e-04 6.529135e-03
3.801894e-03 1.568110e+00 1.481356e+04 9.788265e-01 5.722593e+05 4.553894e+01 1.222099e-01 2.584528e+01 1.549363e-04 6.616238e-03
3.890451e-03 1.600307e+00 1.445468e+04 9.973653e-01 5.932776e+05 4.721153e+01 5.118964e-02 3.965623e+01 1.578261e-04 6.621227e-03
3.981072e-03 1.633651e+00 1.411158e+04 9.717445e-01 5.981499e+05 4.759926e+01 3.531956e-02 6.493624e+01 1.538547e-04 6.271215e-03
4.073803e-03 1.654439e+00 1.376284e+04 9.954450e-01 5.733677e+05 4.562715e+01 5.341781e-02 3.726107e+01 1.503328e-04 6.005697e-03
4.168694e-03 1.688528e+00 1.341930e+04 1.054021e+00 6.369252e+05 5.068490e+01 3.695594e-02 4.239822e+01 1.606834e-04 6.339960e-03
4.265795e-03 1.724235e+00 1.310470e+04 9.816280e-01 5.567400e+05 4.430396e+01 1.040880e-01 1.754292e+01 1.493523e-04 5.402385e-03
4.365158e-03 1.749342e+00 1.277638e+04 9.472516e-01 5.399196e+05 4.296544e+01 6.959424e-02 3.249939e+01 1.405474e-04 5.062120e-03
4.466836e-03 1.789102e+00 1.247910e+04 9.381928e-01 5.470218e+05 4.353061e+01 -2.125909e-03 2.017983e+01 1.454725e-04 4.743877e-03
4.570882e-03 1.819579e+00 1.216793e+04 1.005071e+00 5.485676e+05 4.365362e+01 3.231431e-02 3.451238e+01 1.399494e-04 4.652370e-03
4.677351e-03 1.857084e+00 1.188772e+04 9.255724e-01 5.209553e+05 4.145630e+01 -5.140881e-02 9.047932e+01 1.575006e-04 4.245782e-03
4.786301e-03 1.890715e+00 1.158944e+04 9.465526e-01 5.279365e+05 4.201185e+01 -5.907115e-02 2.017663e+01 1.491011e-04 4.092237e-03
4.897788e-03 1.922853e+00 1.132561e+04 1.032977e+00 5.484976e+05 4.364805e+01 7.081592e-02 4.371842e+01 1.470395e-04 4.146265e-03
5.011872e-03 1.958525e+00 1.105052e+04 1.019554e+00 5.593360e+05 4.451055e+01 3.840711e-02 2.615743e+01 1.533388e-04 4.104085e-03
5.128614e-03 1.990544e+00 1.078195e+04 9.771088e-01 5.050114e+05 4.018753e+01 -1.197184e-01 2.132876e+01 1.478238e-04 3.682918e-03
5.248075e-03 2.038132e+00 1.052943e+04 1.002304e+00 5.260202e+05 4.185935e+01 -4.762015e-02 1.574228e+02 1.482693e-04 3.676298e-03
5.370318e-03 2.077015e+00 1.027863e+04 9.820578e-01 5.211725e+05 4.147359e+01 -1.797478e-02 8.434014e+01 1.563649e-04 3.513466e-03
5.495409e-03 2.113449e+00 1.003269e+04 1.002229e+00 5.016012e+05 3.991615e+01 7.296832e-02 1.825321e+01 1.612041e-04 3.235992e-03
5.623413e-03 2.158511e+00 9.800502e+03 1.021431e+00 5.212688e+05 4.148126e+01 9.032380e-03 1.634115e+01 1.595383e-04 3.169494e-03
5.754399e-03 2.189937e+00 9.565800e+03 1.060601e+00 5.314793e+05 4.229377e+01 -6.716190e-02 3.350336e+01 1.516107e-04 3.211226e-03
5.888437e-03 2.233222e+00 9.344424e+03 9.347466e-01 4.797097e+05 3.817408e+01 3.272823e-02 2.607054e+01 1.486655e-04 2.697545e-03
6.025596e-03 2.269483e+00 9.118229e+03 9.687378e-01 4.958682e+05 3.945994e+01 -1.081500e-02 2.085949e+01 1.515538e-04 2.812819e-03
6.165950e-03 2.315953e+00 8.907282e+03 9.664185e-01 4.986774e+05 3.968348e+01 -4.367155e-02 4.308563e+01 1.550799e-04 2.545044e-03
6.309573e-03 2.356170e+00 8.698041e+03 1.017716e+00 4.942772e+05 3.933333e+01 -5.129258e-02 1.369888e+01 1.545463e-04 2.484928e-03
6.456542e-03 2.398740e+00 8.492961e+03 9.337767e-01 4.424132e+05 3.520612e+01 -2.909135e-02 1.998960e+01 1.544348e-04 2.190541e-03
6.606934e-03 2.443668e+00 8.290355e+03 9.900889e-01 4.745430e+05 3.776293e+01 -2.005297e-02 2.111635e+01 1.551719e-04 2.245066e-03
6.760830e-03 2.492637e+00 8.099165e+03 9.914873e-01 4.337252e+05 3.451476e+01 -2.436927e-02 1.679498e+01 1.554350e-04 1.990517e-03
6.918310e-03 2.536868e+00 7.907308e+03 9.507399e-01 4.616266e+05 3.673508e+01 2.184231e-02 2.162634e+01 1.520711e-04 2.008673e-03
7.079458e-03 2.583884e+00 7.730528e+03 9.237723e-01 4.422737e+05 3.519502e+01 -6.337359e-02 1.234428e+01 1.551391e-04 1.849206e-03
7.244360e-03 2.619389e+00 7.542061e+03 9.110648e-01 4.408255e+05 3.507978e+01 -4.955671e-02 1.455742e+01 1.406028e-04 1.777502e-03
7.413102e-03 2.665476e+00 7.371047e+03 9.238723e-01 4.259028e+05 3.389227e+01 -1.639473e-02 1.153779e+01 1.455412e-04 1.725958e-03
7.585776e-03 2.711558e+00 7.195710e+03 9.974212e-01 4.313203e+05 3.432337e+01 -1.882308e-03 1.551968e+01 1.515004e-04 1.662498e-03
7.762471e-03 2.760437e+00 7.028060e+03 9.835992e-01 4.434956e+05 3.529226e+01 2.343982e-02 2.423983e+01 1.589743e-04 1.608371e-03
7.943282e-03 2.808701e+00 6.867903e+03 9.789931e-01 4.212975e+05 3.352579e+01 6.824078e-02 2.103819e+01 1.495091e-04 1.484325e-03
8.128305e-03 2.861487e+00 6.712228e+03 1.000396e+00 4.105016e+05 3.266668e+01 8.143681e-02 1.504550e+01 1.484527e-04 1.403463e-03
8.317638e-03 2.909597e+00 6.555311e+03 9.402584e-01 4.029067e+05 3.206230e+01 -1.037706e-02 1.820292e+01 1.515342e-04 1.334807e-03
8.511380e-03 2.956646e+00 6.405508e+03 9.346311e-01 3.973492e+05 3.162004e+01 2.310360e-02 2.151617e+01 1.491584e-04 1.282897e-03
8.709636e-03 3.010818e+00 6.256219e+03 9.856173e-01 4.029706e+05 3.206738e+01 -7.634902e-02 1.796122e+01 1.621108e-04 1.305780e-03
8.912509e-03 3.055306e+00 6.113906e+03 9.489081e-01 3.721648e+05 2.961593e+01 7.052888e-02 2.092107e+01 1.554135e-04 1.152578e-03
9.120108e-03 3.104730e+00 5.971171e+03 9.978885e-01 3.918949e+05 3.118600e+01 -4.448488e-02 1.192611e+01 1.505941e-04 1.169302e-03
9.332543e-03 3.155526e+00 5.833329e+03 1.019633e+00 3.749208e+05 2.983525e+01 -1.605586e-02 6.530271e+00 1.512879e-04 1.106460e-03
9.549926e-03 3.206072e+00 5.703268e+03 9.669269e-01 3.827728e+05 3.046009e+01 -8.398598e-02 1.532792e+01 1.494123e-04 1.032271e-03
9.772372e-03 3.258055e+00 5.573637e+03 1.003434e+00 3.677670e+05 2.926597e+01 -7.366420e-02 1.424530e+01 1.420666e-04 9.914822e-04
1.000000e-02 3.306610e+00 5.445145e+03 9.208682e-01 3.355168e+05 2.669958e+01 -4.239831e-02 3.192302e+01 1.461046e-04 8.744869e-04
1.023293e-02 3.352165e+00 5.320607e+03 1.003135e+00 3.750198e+05 2.984313e+01 -3.984771e-02 8.260902e+00 1.463327e-04 9.460990e-04
1.047129e-02 3.403432e+00 5.199318e+03 9.096927e-01 3.151204e+05 2.507648e+01 -2.127106e-02 1.778867e+01 1.459367e-04 8.036899e-04
1.071519e-02 3.445501e+00 5.076494e+03 9.492064e-01 3.372510e+05 2.683758e+01 -3.889418e-02 5.351918e+01 1.541014e-04 8.233392e-04
1.096478e-02 3.488943e+00 4.963043e+03 8.825961e-01 3.034640e+05 2.414890e+01 -1.023030e-01 1.104173e+01 1.492429e-04 7.232300e-04
1.122018e-02 3.533208e+00 4.850273e+03 9.354953e-01 3.025526e+05 2.407637e+01 1.670953e-01 1.216951e+01 1.492719e-04 6.945684e-04
1.148154e-02 3.576192e+00 4.742895e+03 9.782031e-01 3.212376e+05 2.556328e+01 4.644636e-02 1.151476e+01 1.502595e-04 7.098826e-04
1.174898e-02 3.609309e+00 4.630934e+03 1.013432e+00 3.303385e+05 2.628750e+01 -4.893626e-02 8.960228e+00 1.558551e-04 7.096421e-04
1.202264e-02 3.640714e+00 4.526135e+03 9.122875e-01 3.010174e+05 2.395420e+01 6.703355e-02 8.303854e+00 1.486835e-04 6.293559e-04
1.230269e-02 3.670920e+00 4.424750e+03 9.664787e-01 2.916922e+05 2.321213e+01 1.510698e-01 1.049203e+01 1.485688e-04 6.181745e-04
1.258925e-02 3.695588e+00 4.324534e+03 9.472635e-01 2.985208e+05 2.375553e+01 6.671617e-02 5.249517e+01 1.407906e-04 6.193831e-04
1.288250e-02 3.713884e+00 4.226994e+03 9.763457e-01 3.045759e+05 2.423738e+01 9.956535e-02 8.264165e+00 1.587034e-04 6.184712e-04
1.318257e-02 3.730169e+00 4.133110e+03 9.612801e-01 2.887943e+05 2.298152e+01 1.655883e-01 1.326926e+01 1.476369e-04 5.828172e-04
1.348963e-02 3.739241e+00 4.038914e+03 9.373891e-01 2.767407e+05 2.202233e+01 2.144329e-01 9.481832e+00 1.526274e-04 5.478067e-04
1.380384e-02 3.742805e+00 3.945786e+03 9.810383e-01 2.735065e+05 2.176495e+01 1.602927e-01 1.482668e+01 1.497732e-04 5.642367e-04
1.412538e-02 3.741646e+00 3.858515e+03 9.659463e-01 2.689898e+05 2.140553e+01 2.063383e-02 2.319302e+01 1.515425e-04 5.471232e-04
1.445440e-02 3.738632e+00 3.769963e+03 9.567867e-01 2.667398e+05 2.122648e+01 1.195851e-01 2.209874e+01 1.416527e-04 5.274905e-04
1.479108e-02 3.719713e+00 3.682362e+03 8.951485e-01 2.498501e+05 1.988244e+01 1.508012e-01 1.256790e+01 1.516188e-04 5.153866e-04
1.513561e-02 3.703301e+00 3.601398e+03 1.126965e+00 2.959640e+05 2.355207e+01 1.326076e-01 6.855364e+00 1.745818e-04 6.184454e-04
1.548817e-02 3.685827e+00 3.520791e+03 9.259758e-01 2.464464e+05 1.961158e+01 1.241892e-01 9.277543e+00 1.588448e-04 5.046203e-04
1.584893e-02 3.663270e+00 3.441556e+03 9.235050e-01 2.221703e+05 1.767975e+01 -7.844831e-03 5.534977e+00 1.477449e-04 4.815067e-04
1.621810e-02 3.639504e+00 3.363652e+03 9.511406e-01 2.339585e+05 1.861783e+01 1.082619e-02 6.293832e+00 1.510364e-04 5.075926e-04
1.659587e-02 3.608334e+00 3.288650e+03 9.623198e-01 2.391366e+05 1.902989e+01 1.087749e-02 7.394148e+00 1.623872e-04 5.251167e-04
1.698244e-02 3.585444e+00 3.214607e+03 1.022095e+00 2.540565e+05 2.021717e+01 1.352155e-01 2.027894e+01 1.563142e-04 5.500299e-04
1.737801e-02 3.548469e+00 3.142389e+03 9.542037e-01 2.277299e+05 1.812217e+01 1.281528e-01 9.838088e+00 1.537138e-04 5.126002e-04
1.778279e-02 3.516505e+00 3.073028e+03 9.497048e-01 2.240994e+05 1.783327e+01 5.083654e-02 8.748258e+00 1.568088e-04 5.140380e-04
1.819701e-02 3.477982e+00 3.002884e+03 9.376118e-01 2.261720e+05 1.799820e+01 1.655374e-02 1.809112e+01 1.574093e-04 5.318359e-04
1.862087e-02 3.438230e+00 2.933880e+03 9.980563e-01 2.441941e+05 1.943234e+01 1.424780e-01 8.664964e+00 1.566684e-04 5.736671e-04
1.905461e-02 3.406142e+00 2.870883e+03 1.038267e+00 2.255907e+05 1.795194e+01 3.746719e-02 7.958300e+00 1.577480e-04 5.604611e-04
1.949845e-02 3.367433e+00 2.805579e+03 9.737292e-01 2.283234e+05 1.816940e+01 1.574836e-01 5.828761e+00 1.556557e-04 5.661623e-04
1.995262e-02 3.328314e+00 2.740993e+03 9.814309e-01 2.317383e+05 1.844115e+01 1.197902e-01 6.140152e+00 1.597659e-04 5.845453e-04
2.041738e-02 3.288089e+00 2.679936e+03 9.958065e-01 2.211816e+05 1.760108e+01 1.526629e-01 7.970169e+00 1.525484e-04 5.741467e-04
2.089296e-02 3.255483e+00 2.621929e+03 1.026312e+00 2.207153e+05 1.756396e+01 1.304115e-01 6.346847e+00 1.659544e-04 5.998767e-04
2.137962e-02 3.215321e+00 2.563439e+03 9.953178e-01 2.116863e+05 1.684546e+01 8.535461e-02 1.747304e+01 1.712432e-04 6.045277e-04
2.187762e-02 3.172704e+00 2.503367e+03 9.804072e-01 2.123131e+05 1.689534e+01 1.389982e-01 6.378971e+00 1.618772e-04 5.955745e-04
2.238721e-02 3.133628e+00 2.447516e+03 9.470579e-01 1.980170e+05 1.575770e+01 2.070763e-01 1.274223e+01 1.581639e-04 5.727794e-04
2.290868e-02 3.094360e+00 2.393027e+03 1.038554e+00 1.960527e+05 1.560138e+01 1.679011e-01 6.251710e+00 1.589086e-04 5.955861e-04
2.344229e-02 3.056242e+00 2.339705e+03 9.300538e-01 1.941026e+05 1.544619e+01 6.187971e-02 4.250301e+00 1.623346e-04 5.769670e-04
2.398833e-02 3.020338e+00 2.288571e+03 1.008236e+00 1.887973e+05 1.502401e+01 1.391606e-01 7.255959e+00 1.644956e-04 6.123945e-04
2.454709e-02 2.974461e+00 2.235952e+03 9.659786e-01 2.023881e+05 1.610553e+01 2.034718e-01 8.978006e+00 1.695820e-04 6.316612e-04
2.511886e-02 2.936562e+00 2.185112e+03 9.545781e-01 1.828854e+05 1.455356e+01 1.837186e-01 1.030991e+01 1.793258e-04 6.190985e-04
2.570396e-02 2.899453e+00 2.137445e+03 9.606480e-01 1.801799e+05 1.433826e+01 2.556471e-01 7.569502e+00 1.575448e-04 6.215896e-04
2.630268e-02 2.857590e+00 2.088476e+03 1.001321e+00 1.867008e+05 1.485717e+01 1.796040e-01 6.142620e+00 1.609289e-04 6.664650e-04
2.691535e-02 2.818692e+00 2.043238e+03 9.618131e-01 1.806292e+05 1.437402e+01 3.267736e-02 1.031732e+01 1.567942e-04 6.286034e-04
2.754229e-02 2.781115e+00 1.996791e+03 1.033943e+00 1.691007e+05 1.345661e+01 1.337773e-01 6.828973e+00 1.538575e-04 6.329975e-04
2.818383e-02 2.738857e+00 1.952876e+03 9.510844e-01 1.769056e+05 1.407770e+01 5.334140e-02 5.625164e+00 1.623603e-04 6.645759e-04
2.884032e-02 2.701599e+00 1.909102e+03 9.591172e-01 1.726504e+05 1.373908e+01 4.086682e-02 2.786814e+01 1.697701e-04 6.638773e-04
2.951209e-02 2.657041e+00 1.865793e+03 1.023746e+00 1.670600e+05 1.329421e+01 2.967513e-02 3.989936e+00 1.596149e-04 6.623313e-04
3.019952e-02 2.617850e+00 1.823566e+03 9.641043e-01 1.651165e+05 1.313955e+01 7.596718e-02 4.003961e+00 1.606019e-04 6.896679e-04
3.090295e-02 2.578192e+00 1.782749e+03 9.465539e-01 1.672730e+05 1.331116e+01 -1.961274e-02 2.230660e+00 1.632117e-04 7.273745e-04
3.162278e-02 2.541042e+00 1.744552e+03 9.562941e-01 1.615713e+05 1.285744e+01 5.695767e-02 5.670446e+00 1.674738e-04 7.308000e-04
3.235937e-02 2.503472e+00 1.705727e+03 9.899597e-01 1.661987e+05 1.322567e+01 4.466611e-02 4.379772e+00 1.666380e-04 7.436699e-04
3.311311e-02 2.460728e+00 1.666493e+03 9.411160e-01 1.478093e+05 1.176229e+01 -4.503624e-03 4.628682e+00 1.589875e-04 7.067309e-04
3.388442e-02 2.423463e+00 1.630196e+03 9.500035e-01 1.501100e+05 1.194538e+01 2.746242e-02 7.764824e+00 1.604755e-04 7.335134e-04
3.467369e-02 2.380942e+00 1.592576e+03 9.064802e-01 1.387187e+05 1.103888e+01 -2.515658e-02 3.948049e+00 1.471200e-04 6.986695e-04
3.548134e-02 2.345383e+00 1.558424e+03 1.002969e+00 1.537434e+05 1.223451e+01 7.250096e-02 2.591033e+00 1.769202e-04 8.047005e-04
3.630781e-02 2.308456e+00 1.523918e+03 9.708719e-01 1.445884e+05 1.150598e+01 1.701190e-02 2.392343e+00 1.670143e-04 7.450652e-04
3.715352e-02 2.267351e+00 1.489534e+03 9.871200e-01 1.458349e+05 1.160517e+01 3.096122e-02 5.694744e+00 1.635544e-04 8.143324e-04
3.801894e-02 2.226837e+00 1.455355e+03 9.585244e-01 1.350103e+05 1.074378e+01 1.054347e-01 2.149798e+00 1.601073e-04 7.723914e-04
3.890451e-02 2.192301e+00 1.423718e+03 9.540743e-01 1.434995e+05 1.141933e+01 5.567097e-02 7.923086e+00 1.718068e-04 8.457443e-04
3.981072e-02 2.150567e+00 1.390961e+03 9.100893e-01 1.288521e+05 1.025373e+01 5.537183e-02 5.727948e+00 1.636283e-04 8.078423e-04
4.073803e-02 2.117000e+00 1.359940e+03 9.701094e-01 1.451611e+05 1.155155e+01 1.248996e-02 2.793869e+00 1.757299e-04 9.203750e-04
4.168694e-02 2.075638e+00 1.329690e+03 9.351925e-01 1.299965e+05 1.034479e+01 1.262057e-01 3.091107e+00 1.786758e-04 8.877913e-04
4.265795e-02 2.041721e+00 1.300424e+03 9.396809e-01 1.257210e+05 1.000456e+01 1.376468e-01 2.138169e+00 1.824530e-04 9.109431e-04
4.365158e-02 2.003443e+00 1.271232e+03 9.976731e-01 1.300904e+05 1.035226e+01 3.681740e-03 2.646143e+00 1.650291e-04 9.231154e-04
4.466836e-02 1.968227e+00 1.243172e+03 9.668153e-01 1.215400e+05 9.671846e+00 1.293157e-02 3.794016e+00 1.639971e-04 9.236627e-04
4.570882e-02 1.935177e+00 1.216605e+03 1.008687e+00 1.324491e+05 1.053996e+01 6.612324e-02 2.455932e+00 1.791565e-04 1.007441e-03
4.677351e-02 1.894312e+00 1.188184e+03 8.871775e-01 1.207364e+05 9.607899e+00 9.164871e-03 3.505907e+00 1.708619e-04 9.431797e-04
4.786301e-02 1.856736e+00 1.161627e+03 9.205487e-01 1.164219e+05 9.264561e+00 -2.018207e-02 2.295889e+00 1.592172e-04 9.576575e-04
4.897788e-02 1.820356e+00 1.135462e+03 9.939299e-01 1.275033e+05 1.014639e+01 1.027994e-01 2.229775e+00 1.814236e-04 1.073710e-03
5.011872e-02 1.787716e+00 1.110889e+03 1.019481e+00 1.264564e+05 1.006308e+01 -7.187734e-02 2.117114e+00 1.718830e-04 1.100583e-03
5.128614e-02 1.753280e+00 1.086704e+03 9.103757e-01 1.125772e+05 8.958605e+00 5.808393e-02 1.664772e+00 1.544444e-04 1.026880e-03
5.248075e-02 1.717176e+00 1.062116e+03 1.061888e+00 1.230470e+05 9.791770e+00 6.942206e-03 2.147176e+00 1.699907e-04 1.207726e-03
5.370318e-02 1.679865e+00 1.037780e+03 9.580656e-01 1.084541e+05 8.630502e+00 -5.375059e-02 2.122199e+00 1.710911e-04 1.113012e-03
5.495409e-02 1.641837e+00 1.014067e+03 9.596891e-01 1.100337e+05 8.756206e+00 -3.412299e-02 2.094837e+00 1.698562e-04 1.129538e-03
5.623413e-02 1.611143e+00 9.926859e+02 8.952578e-01 9.479426e+04 7.543487e+00 -6.462105e-04 1.699552e+00 1.642840e-04 1.086587e-03
5.754399e-02 1.573762e+00 9.693095e+02 9.612686e-01 1.062259e+05 8.453191e+00 3.623848e-02 2.045828e+00 1.785602e-04 1.214785e-03
5.888437e-02 1.543355e+00 9.481011e+02 1.001754e+00 1.036847e+05 8.250969e+00 2.999853e-04 2.506688e+00 1.815562e-04 1.239160e-03
6.025596e-02 1.511405e+00 9.276197e+02 9.767021e-01 1.005933e+05 8.004959e+00 -4.867007e-02 1.505276e+00 1.792271e-04 1.273702e-03
6.165950e-02 1.478457e+00 9.064690e+02 9.723321e-01 9.626179e+04 7.660269e+00 -6.610971e-02 2.817972e+00 1.800437e-04 1.248966e-03
6.309573e-02 1.448392e+00 8.866721e+02 9.375190e-01 8.758978e+04 6.970173e+00 -3.913119e-02 3.002708e+00 1.723096e-04 1.210500e-03
6.456542e-02 1.411048e+00 8.660293e+02 9.430606e-01 9.110104e+04 7.249590e+00 1.760015e-02 1.833166e+00 1.729246e-04 1.267099e-03
6.606934e-02 1.382321e+00 8.474657e+02 9.268675e-01 8.625694e+04 6.864109e+00 1.548581e-01 2.711359e+00 1.684866e-04 1.261974e-03
6.760830e-02 1.349538e+00 8.282543e+02 9.916584e-01 8.374063e+04 6.663867e+00 1.744271e-01 3.211996e+00 1.791344e-04 1.340122e-03
6.918310e-02 1.316927e+00 8.095189e+02 9.652753e-01 7.465726e+04 5.941036e+00 2.321788e-02 1.572066e+00 1.601315e-04 1.214988e-03
7.079458e-02 1.286608e+00 7.919152e+02 8.948029e-01 7.612506e+04 6.057839e+00 1.243767e-01 1.852352e+00 1.642266e-04 1.282347e-03
7.244360e-02 1.256254e+00 7.744813e+02 9.380074e-01 8.195987e+04 6.522159e+00 1.931923e-01 3.305389e+00 1.810762e-04 1.409589e-03
7.413102e-02 1.227925e+00 7.568292e+02 1.024767e+00 8.133445e+04 6.472389e+00 1.903861e-01 2.149813e+00 1.721153e-04 1.564043e-03
7.585776e-02 1.198871e+00 7.401055e+02 1.080338e+00 8.171837e+04 6.502941e+00 1.697251e-01 2.318632e+00 1.780905e-04 1.697559e-03
7.762471e-02 1.168949e+00 7.233674e+02 1.005370e+00 8.029037e+04 6.389305e+00 1.058607e-01 2.331267e+00 1.741308e-04 1.704790e-03
7.943282e-02 1.142482e+00 7.076140e+02 9.518456e-01 7.819567e+04 6.222614e+00 3.536011e-02 1.457725e+00 1.779482e-04 1.721698e-03
8.128305e-02 1.111119e+00 6.916276e+02 1.033147e+00 7.553297e+04 6.010723e+00 4.786476e-02 1.886971e+00 1.715771e-04 1.756002e-03
8.317638e-02 1.085787e+00 6.762633e+02 1.038713e+00 7.709012e+04 6.134636e+00 5.184166e-02 1.948084e+00 1.790675e-04 1.853272e-03
8.511380e-02 1.056899e+00 6.610845e+02 1.028857e+00 7.652466e+04 6.089639e+00 2.277640e-02 1.454757e+00 1.715664e-04 1.966441e-03
8.709636e-02 1.027592e+00 6.459346e+02 1.065074e+00 7.970824e+04 6.342980e+00 4.100091e-02 1.531638e+00 1.799468e-04 2.066415e-03
8.912509e-02 1.000857e+00 6.318888e+02 9.947956e-01 7.016228e+04 5.583337e+00 2.394352e-02 3.971614e+00 1.800914e-04 2.023426e-03
9.120108e-02 9.746867e-01 6.177480e+02 1.013447e+00 6.839828e+04 5.442962e+00 -1.787513e-02 1.059096e+00 1.878131e-04 2.046986e-03
9.332543e-02 9.506494e-01 6.042824e+02 9.622896e-01 6.804212e+04 5.414619e+00 -4.963256e-02 7.273851e+00 1.796498e-04 2.132040e-03
9.549926e-02 9.271437e-01 5.906775e+02 1.047101e+00 6.861299e+04 5.460048e+00 3.767848e-02 1.490930e+00 1.873249e-04 2.243858e-03
9.772372e-02 8.983993e-01 5.771833e+02 9.756472e-01 7.007207e+04 5.576158e+00 -5.511433e-02 9.949233e-01 1.863997e-04 2.426581e-03
1.000000e-01 8.750364e-01 5.647026e+02 1.026538e+00 6.487006e+04 5.162195e+00 -1.679353e-02 1.028948e+00 1.822390e-04 2.475411e-03
1.023293e-01 8.520671e-01 5.518450e+02 9.585003e-01 5.834175e+04 4.642689e+00 1.060843e-01 1.398444e+00 1.780133e-04 2.331448e-03
1.047129e-01 8.281663e-01 5.394019e+02 1.025863e+00 5.849235e+04 4.654673e+00 4.533105e-02 1.081876e+00 1.753199e-04 2.382182e-03
1.071519e-01 8.058387e-01 5.277400e+02 1.025552e+00 5.973622e+04 4.753657e+00 -3.667153e-02 1.323529e+00 1.932854e-04 2.591725e-03
1.096478e-01 7.822626e-01 5.154882e+02 1.101166e+00 6.311937e+04 5.022880e+00 3.606547e-02 9.775844e-01 2.047501e-04 2.956265e-03
1.122018e-01 7.601378e-01 5.041963e+02 1.026598e+00 5.657858e+04 4.502380e+00 -3.119103e-02 1.318392e+00 1.939550e-04 2.749208e-03
1.148154e-01 7.353041e-01 4.926810e+02 9.439762e-01 5.234606e+04 4.165567e+00 2.107661e-02 7.754827e-01 1.740609e-04 2.663951e-03
1.174898e-01 7.158707e-01 4.816747e+02 9.192389e-01 4.742086e+04 3.773632e+00 3.722367e-02 1.479243e+00 1.843496e-04 2.698103e-03
1.202264e-01 6.958873e-01 4.711795e+02 9.467845e-01 4.689501e+04 3.731786e+00 8.767624e-02 1.251470e+00 1.749014e-04 2.800290e-03
1.230269e-01 6.763745e-01 4.607226e+02 9.952677e-01 4.906573e+04 3.904526e+00 -2.599997e-02 1.059964e+00 1.862260e-04 3.038139e-03
1.258925e-01 6.549969e-01 4.502782e+02 9.643799e-01 4.860877e+04 3.868163e+00 1.654670e-03 8.930585e-01 1.865055e-04 3.147854e-03
1.288250e-01 6.351255e-01 4.401780e+02 1.069840e+00 4.944065e+04 3.934361e+00 -9.332218e-03 8.932846e-01 2.104636e-04 3.434869e-03
1.318257e-01 6.184133e-01 4.308569e+02 1.056256e+00 5.011700e+04 3.988184e+00 -6.341518e-02 8.340959e-01 1.863187e-04 3.561155e-03
1.348963e-01 5.985493e-01 4.207880e+02 1.031213e+00 4.885006e+04 3.887364e+00 1.605382e-01 6.718635e-01 2.166755e-04 3.822548e-03
1.380384e-01 5.787558e-01 4.108974e+02 1.077890e+00 4.816191e+04 3.832603e+00 8.409796e-02 1.009515e+00 2.188889e-04 3.985048e-03
1.412538e-01 5.609110e-01 4.022675e+02 1.067681e+00 4.570712e+04 3.637257e+00 2.788503e-02 1.416388e+00 2.169051e-04 4.128391e-03
1.445440e-01 5.435751e-01 3.927875e+02 9.869295e-01 4.068372e+04 3.237507e+00 -2.029133e-02 1.458265e+00 2.067518e-04 3.882744e-03
1.479108e-01 5.294525e-01 3.846853e+02 1.050374e+00 4.440699e+04 3.533796e+00 -1.436058e-02 1.053590e+00 2.213531e-04 4.441204e-03
1.513561e-01 5.105903e-01 3.757696e+02 1.011358e+00 4.077179e+04 3.244516e+00 -6.665168e-02 1.186790e+00 2.147275e-04 4.431584e-03
1.548817e-01 4.944616e-01 3.674148e+02 1.056725e+00 4.274245e+04 3.401336e+00 1.792958e-02 7.408605e-01 2.247487e-04 4.867393e-03
1.584893e-01 4.778148e-01 3.589810e+02 9.999965e-01 3.935737e+04 3.131960e+00 1.152911e-01 9.123812e-01 2.122780e-04 4.722637e-03
1.621810e-01 4.611687e-01 3.508174e+02 9.898153e-01 3.594990e+04 2.860802e+00 1.479947e-02 1.159647e+00 2.201142e-04 4.717518e-03
1.659587e-01 4.471805e-01 3.432245e+02 1.005448e+00 3.520099e+04 2.801205e+00 -7.903003e-03 7.932778e-01 2.377176e-04 5.034482e-03
1.698244e-01 4.333505e-01 3.355610e+02 9.931501e-01 3.309393e+04 2.633531e+00 -1.188513e-02 9.175029e-01 2.238005e-04 5.024920e-03
1.737801e-01 4.185165e-01 3.280413e+02 1.058639e+00 3.461096e+04 2.754253e+00 5.530387e-02 8.587286e-01 2.280090e-04 5.491980e-03
1.778279e-01 4.066092e-01 3.207404e+02 1.018009e+00 3.167664e+04 2.520747e+00 2.230049e-02 8.751940e-01 2.257967e-04 5.392262e-03
1.819701e-01 3.911952e-01 3.133346e+02 9.822028e-01 2.834053e+04 2.255268e+00 -1.148672e-01 7.385297e-01 2.210285e-04 5.276547e-03
1.862087e-01 3.774749e-01 3.064317e+02 9.945414e-01 2.994087e+04 2.382618e+00 -7.256156e-03 5.731264e-01 2.367220e-04 5.809658e-03
1.905461e-01 3.627381e-01 2.993513e+02 1.009803e+00 3.006108e+04 2.392184e+00 -1.270868e-01 5.714097e-01 2.411356e-04 6.465105e-03
1.949845e-01 3.511979e-01 2.928955e+02 1.040658e+00 2.940753e+04 2.340177e+00 -1.355674e-01 6.897819e-01 2.246353e-04 6.544642e-03
1.995262e-01 3.391349e-01 2.860756e+02 9.747759e-01 2.794692e+04 2.223945e+00 -1.595865e-01 4.970923e-01 2.240601e-04 6.810183e-03
2.041738e-01 3.281383e-01 2.794608e+02 9.978593e-01 2.625080e+04 2.088972e+00 -5.367473e-02 5.022164e-01 2.138377e-04 6.923798e-03
2.089296e-01 3.172834e-01 2.734426e+02 1.055046e+00 2.618951e+04 2.084095e+00 -1.199192e-01 7.284261e-01 2.245052e-04 7.139880e-03
2.137962e-01 3.062524e-01 2.671083e+02 9.685196e-01 2.391550e+04 1.903135e+00 -1.381991e-01 3.806200e-01 2.252696e-04 6.968733e-03
2.187762e-01 2.938369e-01 2.610746e+02 9.915010e-01 2.345617e+04 1.866582e+00 -8.246559e-02 7.119511e-01 2.317846e-04 7.542011e-03
2.238721e-01 2.852446e-01 2.553113e+02 9.622809e-01 2.280553e+04 1.814806e+00 -1.130903e-01 6.431824e-01 2.415256e-04 7.738022e-03
2.290868e-01 2.748824e-01 2.496203e+02 9.078773e-01 2.179277e+04 1.734214e+00 5.188836e-02 6.660549e-01 2.217367e-04 8.176854e-03
2.344229e-01 2.652642e-01 2.437661e+02 9.696125e-01 2.070311e+04 1.647501e+00 2.684110e-02 6.592343e-01 2.220845e-04 8.558295e-03
2.398833e-01 2.551994e-01 2.381975e+02 9.826040e-01 1.997120e+04 1.589258e+00 1.500704e-01 6.634544e-01 2.497982e-04 8.665288e-03
2.454709e-01 2.475284e-01 2.331269e+02 1.029258e+00 2.219218e+04 1.765998e+00 -3.031712e-02 5.665075e-01 2.316876e-04 1.016526e-02
2.511886e-01 2.389180e-01 2.276917e+02 1.038440e+00 2.048327e+04 1.630007e+00 -1.116793e-01 7.559673e-01 2.558777e-04 1.041770e-02
2.570396e-01 2.291849e-01 2.225183e+02 9.817928e-01 2.090014e+04 1.663181e+00 -3.131210e-03 3.668840e-01 2.475109e-04 1.132321e-02
2.630268e-01 2.213506e-01 2.177354e+02 1.032104e+00 1.932521e+04 1.537851e+00 -1.370701e-01 6.406793e-01 2.431362e-04 1.104724e-02
2.691535e-01 2.151239e-01 2.129348e+02 9.460804e-01 1.773493e+04 1.411301e+00 -1.061722e-01 4.698272e-01 2.474031e-04 1.078488e-02
2.754229e-01 2.077841e-01 2.080996e+02 9.849748e-01 1.739301e+04 1.384092e+00 -9.254232e-02 8.758708e-01 2.404773e-04 1.177389e-02
2.818383e-01 1.991963e-01 2.033131e+02 9.603790e-01 1.627641e+04 1.295236e+00 1.012031e-03 2.451324e-01 2.542589e-04 1.162630e-02
2.884032e-01 1.920442e-01 1.988874e+02 9.796340e-01 1.544284e+04 1.228902e+00 -8.091218e-02 3.335038e-01 2.506773e-04 1.215663e-02
2.951209e-01 1.852472e-01 1.944028e+02 9.873154e-01 1.640093e+04 1.305145e+00 -6.015222e-03 5.140230e-01 2.906016e-04 1.356763e-02
3.019952e-01 1.791012e-01 1.899996e+02 9.810250e-01 1.699777e+04 1.352639e+00 -8.178889e-02 6.687311e-01 2.748043e-04 1.471869e-02
3.090295e-01 1.721069e-01 1.855229e+02 9.658382e-01 1.562805e+04 1.243641e+00 -2.840730e-02 2.517186e-01 2.523722e-04 1.475690e-02
3.162278e-01 1.650723e-01 1.815140e+02 1.042836e+00 1.512597e+04 1.203687e+00 -3.622391e-02 2.741894e-01 2.606876e-04 1.582487e-02
3.235937e-01 1.596175e-01 1.775077e+02 1.008286e+00 1.457800e+04 1.160081e+00 -3.060888e-03 6.335558e-01 2.487770e-04 1.574374e-02
3.311311e-01 1.536679e-01 1.735479e+02 9.282511e-01 1.285612e+04 1.023057e+00 -1.220068e-01 7.619717e-01 2.774713e-04 1.552971e-02
3.388442e-01 1.479472e-01 1.695272e+02 9.188103e-01 1.197550e+04 9.529799e-01 -9.515461e-02 5.442727e-01 2.717225e-04 1.516686e-02
3.467369e-01 1.426044e-01 1.658967e+02 1.003193e+00 1.256220e+04 9.996684e-01 -1.380036e-02 4.941802e-01 2.846321e-04 1.735337e-02
3.548134e-01 1.368798e-01 1.620183e+02 9.028035e-01 1.101790e+04 8.767766e-01 -1.541955e-01 7.715595e-01 2.820596e-04 1.654178e-02
3.630781e-01 1.315478e-01 1.583810e+02 9.217708e-01 1.125424e+04 8.955837e-01 -1.197462e-03 3.140944e-01 2.830020e-04 1.816698e-02
3.715352e-01 1.275342e-01 1.547420e+02 9.171547e-01 1.060948e+04 8.442759e-01 -9.241976e-02 4.904033e-01 2.892622e-04 1.850833e-02
3.801894e-01 1.234865e-01 1.513156e+02 9.300600e-01 1.047204e+04 8.333383e-01 -5.888217e-02 2.203404e-01 2.968425e-04 1.892627e-02
3.890451e-01 1.198916e-01 1.477575e+02 9.660081e-01 1.064833e+04 8.473673e-01 -1.575949e-01 5.299186e-01 2.719089e-04 2.089690e-02
3.981072e-01 1.149324e-01 1.445582e+02 8.720258e-01 9.587003e+03 7.629094e-01 -8.623117e-02 3.283331e-01 2.665304e-04 2.103213e-02
4.073803e-01 1.097834e-01 1.413752e+02 9.172935e-01 9.749419e+03 7.758341e-01 -1.239668e-01 5.242448e-01 2.924733e-04 2.324428e-02
4.168694e-01 1.060962e-01 1.380553e+02 9.522900e-01 9.593139e+03 7.633977e-01 -5.044121e-02 1.641975e-01 2.865314e-04 2.444108e-02
4.265795e-01 1.017418e-01 1.349384e+02 8.834276e-01 8.542141e+03 6.797619e-01 -2.584706e-02 3.882441e-01 2.773794e-04 2.368964e-02
4.365158e-01 9.842922e-02 1.319024e+02 9.668252e-01 8.488717e+03 6.755106e-01 3.481457e-02 4.515973e-01 2.855025e-04 2.542957e-02
4.466836e-01 9.379620e-02 1.288377e+02 8.939887e-01 7.574631e+03 6.027700e-01 1.269531e-01 1.463188e-01 2.896845e-04 2.403851e-02
4.570882e-01 8.992858e-02 1.260496e+02 8.709872e-01 7.244242e+03 5.764785e-01 5.226904e-02 6.040361e-01 3.138032e-04 2.507669e-02
4.677351e-01 8.554212e-02 1.231387e+02 8.978763e-01 6.953068e+03 5.533075e-01 1.203387e-01 3.972285e-01 2.620432e-04 2.694228e-02
4.786301e-01 8.467122e-02 1.204129e+02 9.179241e-01 7.057457e+03 5.616146e-01 -4.770497e-02 1.965897e-01 2.861758e-04 2.810646e-02
4.897788e-01 8.128641e-02 1.177017e+02 8.969503e-01 6.497128e+03 5.170250e-01 2.765942e-02 3.505716e-01 3.174148e-04 2.853890e-02
5.011872e-01 7.782446e-02 1.150347e+02 1.018479e+00 7.155990e+03 5.694556e-01 1.322695e-01 6.181391e-01 3.092710e-04 3.364039e-02
5.128614e-01 7.473497e-02 1.122977e+02 9.944886e-01 6.414989e+03 5.104886e-01 -4.979641e-02 1.074762e-01 3.054489e-04 3.305558e-02
5.248075e-01 7.200884e-02 1.098463e+02 9.020137e-01 6.494889e+03 5.168468e-01 3.038939e-02 2.768729e-01 3.143579e-04 3.417259e-02
5.370318e-01 7.044724e-02 1.073931e+02 9.838774e-01 6.913164e+03 5.501321e-01 2.030258e-01 3.477598e-01 3.283328e-04 3.931091e-02
5.495409e-01 6.676847e-02 1.050262e+02 9.356031e-01 6.752037e+03 5.373100e-01 3.943706e-01 4.221840e-01 3.425167e-04 4.084297e-02
5.623413e-01 6.529851e-02 1.025307e+02 8.691576e-01 6.062318e+03 4.824239e-01 7.081832e-02 4.460556e-01 3.360194e-04 4.129012e-02
5.754399e-01 6.232620e-02 1.002523e+02 9.709347e-01 6.372695e+03 5.071229e-01 1.815345e-02 4.489565e-01 3.662273e-04 4.568706e-02
5.888437e-01 6.123177e-02 9.792193e+01 9.775247e-01 6.313350e+03 5.024004e-01 -1.489195e-02 1.917415e-01 3.772413e-04 4.856538e-02
6.025596e-01 5.803273e-02 9.557859e+01 9.449245e-01 5.812189e+03 4.625193e-01 1.251732e-01 3.051325e-01 4.196333e-04 4.923105e-02
6.165950e-01 5.626287e-02 9.354182e+01 9.751483e-01 5.432429e+03 4.322989e-01 -5.456219e-02 2.001783e-01 4.067510e-04 5.011773e-02
6.309573e-01 5.383412e-02 9.143929e+01 9.585639e-01 5.387832e+03 4.287501e-01 -8.615762e-02 1.520240e-01 3.376348e-04 5.320313e-02
6.456542e-01 5.242955e-02 8.932832e+01 1.015160e+00 5.970685e+03 4.751320e-01 -9.746972e-03 1.414223e-01 4.067501e-04 6.154652e-02
6.606934e-01 5.017524e-02 8.725815e+01 1.026355e+00 5.828203e+03 4.637936e-01 -3.780528e-03 2.253678e-01 3.960320e-04 6.568878e-02
6.760830e-01 4.833770e-02 8.534675e+01 1.055372e+00 5.669308e+03 4.511491e-01 -1.658565e-02 3.528856e-01 3.764901e-04 6.845738e-02
6.918310e-01 4.675134e-02 8.347375e+01 9.928752e-01 5.127683e+03 4.080480e-01 4.358199e-02 3.785890e-01 3.971457e-04 6.338236e-02
7.079458e-01 4.455710e-02 8.152172e+01 1.013243e+00 5.363550e+03 4.268177e-01 5.962456e-02 3.557664e-01 3.795205e-04 7.623483e-02
7.244360e-01 4.287564e-02 7.970123e+01 9.951455e-01 5.143511e+03 4.093076e-01 -2.663124e-02 8.622324e-02 3.694219e-04 7.783428e-02
7.413102e-01 4.020768e-02 7.785813e+01 1.054058e+00 4.714556e+03 3.751724e-01 1.200754e-01 8.852047e-02 4.035929e-04 8.285328e-02
7.585776e-01 3.951146e-02 7.598800e+01 9.147117e-01 3.811240e+03 3.032888e-01 -8.616760e-02 3.091923e-01 3.883901e-04 6.956612e-02
7.762471e-01 3.778421e-02 7.427482e+01 9.345782e-01 4.009178e+03 3.190402e-01 2.950120e-02 3.580102e-01 4.206660e-04 7.657020e-02
7.943282e-01 3.567067e-02 7.255877e+01 1.005008e+00 4.284814e+03 3.409746e-01 2.060032e-02 3.428483e-01 4.224338e-04 9.577581e-02
8.128305e-01 3.421046e-02 7.106001e+01 9.442953e-01 3.931947e+03 3.128944e-01 2.910237e-01 1.719441e-01 4.252317e-04 9.364202e-02
8.317638e-01 3.294800e-02 6.940870e+01 9.986307e-01 4.050482e+03 3.223271e-01 -6.265407e-02 2.053814e-01 5.268025e-04 1.039635e-01
8.511380e-01 3.103383e-02 6.790521e+01 1.026685e+00 3.718857e+03 2.959373e-01 -1.812623e-03 1.410058e-01 4.968307e-04 1.041249e-01
8.709636e-01 3.002543e-02 6.631415e+01 9.228255e-01 3.459336e+03 2.752852e-01 8.605185e-03 1.729245e-01 4.756054e-04 1.049276e-01
8.912509e-01 2.850198e-02 6.484866e+01 9.588957e-01 3.197431e+03 2.544435e-01 -1.020547e-01 1.409645e-01 4.466127e-04 1.108688e-01
9.120108e-01 2.669895e-02 6.334033e+01 8.769530e-01 2.828065e+03 2.250503e-01 -1.364041e-02 2.654959e-01 4.597369e-04 1.145391e-01
9.332543e-01 2.631688e-02 6.200024e+01 9.664577e-01 3.370332e+03 2.682025e-01 1.905320e-01 1.117483e-01 4.462694e-04 1.344071e-01
9.549926e-01 2.556362e-02 6.059833e+01 9.993613e-01 3.542284e+03 2.818860e-01 -4.011127e-02 2.073890e-01 5.178189e-04 1.565624e-01
9.772372e-01 2.538774e-02 5.920829e+01 8.765315e-01 3.161531e+03 2.515866e-01 -1.617160e-02 2.729842e-02 5.485561e-04 1.439577e-01
