#./double_munderdamped_3d --dev=1 --amp=200.0 --omega=1 --mass=0.0 --force=0 --Dg=0.01 --block=256 --paths=1024 --periods=1000 --trans=100 --samples=10000 --spp=10000 --algorithm=euler --pav=1 --mode=moments --domain=1d --domainx=g:-3:0:300:1 --domainy=s:-1:2:100:1 --domainz=a:-1:2.5:100:1 --q=2 --eps=0 --phi=1.57079632679 --lambda=5.0 --zeta=0.2 --comp=0 --mean=1.0 --second=20.0 --skew=0.99 --distribution=s>> 1D_double_g:-3:0:300:1_20.0_5.0_0.99_1.0_200.0.dat
#g <<v>> <<v^2>> qnu(q) mu_q Dx Gx Gv EBx EBv
1.000000e-03 4.414433e-01 7.400891e+04 9.358538e-01 7.213041e+05 5.739956e+01 -1.917091e-02 7.458265e+01 1.648967e-04 1.058394e-01
1.023293e-03 4.469746e-01 7.155670e+04 9.149212e-01 6.917787e+05 5.505000e+01 -2.126396e-02 1.396985e+02 1.568808e-04 1.019979e-01
1.047129e-03 4.610799e-01 6.929756e+04 9.470822e-01 7.665123e+05 6.099711e+01 -1.988828e-02 7.669155e+01 1.559085e-04 1.019348e-01
1.071519e-03 4.743070e-01 6.705808e+04 1.007794e+00 7.572788e+05 6.026233e+01 -3.791745e-02 8.461333e+01 1.593506e-04 9.420940e-02
1.096478e-03 4.885522e-01 6.494373e+04 9.691282e-01 7.128470e+05 5.672656e+01 -4.793659e-02 1.169796e+02 1.518285e-04 8.627003e-02
1.122018e-03 5.059690e-01 6.291339e+04 9.151540e-01 7.074190e+05 5.629461e+01 1.713019e-02 8.232169e+01 1.454770e-04 7.994111e-02
1.148154e-03 5.143027e-01 6.097887e+04 9.508785e-01 7.943793e+05 6.321469e+01 -3.247886e-02 7.562981e+01 1.503209e-04 8.438110e-02
1.174898e-03 5.230311e-01 5.908549e+04 9.239171e-01 7.112762e+05 5.660156e+01 -1.869134e-02 4.273118e+01 1.560435e-04 7.292456e-02
1.202264e-03 5.389632e-01 5.728202e+04 9.185200e-01 7.160212e+05 5.697916e+01 -4.676464e-03 8.332556e+01 1.471501e-04 6.888329e-02
1.230269e-03 5.470564e-01 5.554354e+04 9.347783e-01 7.627396e+05 6.069689e+01 -5.776673e-02 6.450148e+01 1.589252e-04 7.312238e-02
1.258925e-03 5.579099e-01 5.387982e+04 9.725141e-01 7.786667e+05 6.196433e+01 -5.422839e-02 1.109994e+02 1.529079e-04 6.985759e-02
1.288250e-03 5.677440e-01 5.224939e+04 9.112953e-01 6.831659e+05 5.436461e+01 7.934075e-03 9.256342e+01 1.563616e-04 5.974984e-02
1.318257e-03 5.809524e-01 5.071467e+04 1.009881e+00 7.531568e+05 5.993431e+01 -7.997029e-02 7.665735e+01 1.591675e-04 6.321427e-02
1.348963e-03 5.975792e-01 4.923490e+04 9.655864e-01 7.341081e+05 5.841847e+01 -5.023934e-03 6.556327e+01 1.543372e-04 6.009571e-02
1.380384e-03 6.192090e-01 4.781099e+04 9.461432e-01 6.931127e+05 5.515615e+01 -4.634729e-02 5.426578e+01 1.475545e-04 5.178422e-02
1.412538e-03 6.172044e-01 4.639001e+04 9.471094e-01 7.374690e+05 5.868592e+01 -5.501020e-02 1.872651e+02 1.583230e-04 5.438454e-02
1.445440e-03 6.190250e-01 4.503439e+04 8.797027e-01 6.620668e+05 5.268560e+01 1.707155e-02 4.046275e+01 1.558886e-04 4.729009e-02
1.479108e-03 6.471975e-01 4.375071e+04 9.060859e-01 6.833510e+05 5.437934e+01 -3.626743e-02 1.066896e+02 1.592499e-04 4.602705e-02
1.513561e-03 6.611313e-01 4.251568e+04 9.467766e-01 7.399215e+05 5.888108e+01 2.511311e-02 1.313219e+02 1.567547e-04 4.806642e-02
1.548817e-03 6.701481e-01 4.129677e+04 9.943547e-01 7.375951e+05 5.869595e+01 -2.670420e-03 5.197779e+01 1.662643e-04 4.743257e-02
1.584893e-03 6.821830e-01 4.014681e+04 9.486079e-01 6.951853e+05 5.532109e+01 8.226813e-02 4.916286e+01 1.419653e-04 4.315456e-02
1.621810e-03 6.996081e-01 3.902194e+04 9.544715e-01 7.306994e+05 5.814721e+01 -2.825656e-03 1.805468e+02 1.563065e-04 4.266600e-02
1.659587e-03 7.082991e-01 3.793382e+04 9.361373e-01 7.099492e+05 5.649596e+01 -4.254711e-02 1.578114e+02 1.623521e-04 4.057754e-02
1.698244e-03 7.160540e-01 3.689056e+04 9.662203e-01 6.943123e+05 5.525162e+01 7.503778e-02 9.767136e+01 1.678574e-04 3.793917e-02
1.737801e-03 7.340553e-01 3.586487e+04 1.026044e+00 7.260308e+05 5.777569e+01 2.681438e-03 6.872104e+01 1.711972e-04 3.881030e-02
1.778279e-03 7.486202e-01 3.487683e+04 9.665922e-01 6.711259e+05 5.340650e+01 4.301195e-02 3.849157e+01 1.619476e-04 3.464020e-02
1.819701e-03 7.652086e-01 3.392143e+04 9.520092e-01 7.076460e+05 5.631267e+01 2.801736e-02 2.320940e+02 1.587108e-04 3.518010e-02
1.862087e-03 7.598159e-01 3.297081e+04 9.060075e-01 6.718180e+05 5.346157e+01 -2.304674e-02 5.320708e+01 1.619924e-04 3.275574e-02
1.905461e-03 7.900608e-01 3.210696e+04 9.701875e-01 7.078058e+05 5.632540e+01 3.991430e-02 3.980581e+01 1.566127e-04 3.155004e-02
1.949845e-03 7.954387e-01 3.120561e+04 9.869522e-01 6.794809e+05 5.407137e+01 -2.709985e-02 8.642052e+01 1.432916e-04 3.066287e-02
1.995262e-03 8.077177e-01 3.036441e+04 8.662713e-01 5.859621e+05 4.662938e+01 7.024287e-02 7.761679e+01 1.570354e-04 2.603133e-02
2.041738e-03 8.318371e-01 2.960266e+04 9.440957e-01 6.413573e+05 5.103759e+01 3.434674e-02 3.797163e+01 1.508666e-04 2.610930e-02
2.089296e-03 8.422061e-01 2.876589e+04 1.000712e+00 6.940283e+05 5.522901e+01 1.175736e-01 3.110699e+01 1.441295e-04 2.768580e-02
2.137962e-03 8.508045e-01 2.800588e+04 9.966469e-01 6.854034e+05 5.454267e+01 -2.983325e-02 1.331993e+02 1.656568e-04 2.775108e-02
2.187762e-03 8.732194e-01 2.727339e+04 9.108251e-01 6.496870e+05 5.170045e+01 3.748353e-02 3.771095e+01 1.525324e-04 2.351056e-02
2.238721e-03 8.900063e-01 2.654171e+04 9.788756e-01 6.685500e+05 5.320152e+01 2.824337e-02 4.075011e+01 1.577923e-04 2.407198e-02
2.290868e-03 9.059168e-01 2.585425e+04 9.221151e-01 6.274558e+05 4.993134e+01 4.832740e-02 8.039396e+01 1.512433e-04 2.189510e-02
2.344229e-03 9.209981e-01 2.517595e+04 1.030481e+00 6.815104e+05 5.423287e+01 -2.795672e-02 4.307598e+01 1.648112e-04 2.324856e-02
2.398833e-03 9.421911e-01 2.451014e+04 8.998852e-01 6.156988e+05 4.899576e+01 -9.169570e-03 2.778595e+01 1.511291e-04 1.924405e-02
2.454709e-03 9.593093e-01 2.387591e+04 9.229102e-01 6.347360e+05 5.051068e+01 2.919497e-02 2.892105e+01 1.469825e-04 1.918789e-02
2.511886e-03 9.721138e-01 2.325760e+04 9.701528e-01 6.223492e+05 4.952498e+01 8.062249e-02 4.867639e+01 1.503969e-04 1.936406e-02
2.570396e-03 9.889503e-01 2.265645e+04 1.008284e+00 6.536888e+05 5.201890e+01 3.500028e-02 2.842409e+01 1.581100e-04 1.897110e-02
2.630268e-03 1.009024e+00 2.206401e+04 1.000770e+00 6.703623e+05 5.334574e+01 -6.169221e-02 3.679380e+01 1.619443e-04 1.929922e-02
2.691535e-03 1.021933e+00 2.150548e+04 9.312511e-01 5.742588e+05 4.569806e+01 7.821090e-02 9.315666e+01 1.590058e-04 1.630203e-02
2.754229e-03 1.045891e+00 2.095606e+04 9.576754e-01 6.559663e+05 5.220013e+01 -6.373591e-02 5.467207e+01 1.575273e-04 1.697776e-02
2.818383e-03 1.072538e+00 2.042001e+04 9.725319e-01 6.800703e+05 5.411827e+01 8.028584e-02 8.092266e+01 1.609580e-04 1.660903e-02
2.884032e-03 1.083914e+00 1.990498e+04 9.685831e-01 6.668264e+05 5.306436e+01 -2.159711e-02 5.072273e+01 1.478229e-04 1.590044e-02
2.951209e-03 1.104048e+00 1.940700e+04 1.012989e+00 6.527508e+05 5.194426e+01 -6.725491e-02 9.494403e+01 1.576641e-04 1.550813e-02
3.019952e-03 1.118145e+00 1.890022e+04 9.495529e-01 6.365232e+05 5.065291e+01 -2.350010e-02 3.711867e+01 1.515063e-04 1.420129e-02
3.090295e-03 1.144440e+00 1.843036e+04 9.898151e-01 6.540361e+05 5.204654e+01 7.231904e-02 1.022921e+02 1.614148e-04 1.446921e-02
3.162278e-03 1.162475e+00 1.796689e+04 9.349513e-01 6.229059e+05 4.956928e+01 -5.190693e-02 3.306324e+01 1.540394e-04 1.304171e-02
3.235937e-03 1.190688e+00 1.752202e+04 9.890785e-01 6.331400e+05 5.038368e+01 1.014134e-02 3.389502e+01 1.508732e-04 1.243838e-02
3.311311e-03 1.215173e+00 1.709232e+04 1.088886e+00 6.724754e+05 5.351389e+01 2.247711e-03 3.533407e+01 1.553716e-04 1.273246e-02
3.388442e-03 1.231742e+00 1.664326e+04 9.764654e-01 6.305847e+05 5.018034e+01 3.750278e-02 2.813379e+01 1.610371e-04 1.239127e-02
3.467369e-03 1.254740e+00 1.623988e+04 1.029752e+00 6.448940e+05 5.131903e+01 -5.713160e-02 4.894275e+01 1.421957e-04 1.152872e-02
3.548134e-03 1.272513e+00 1.583088e+04 9.981798e-01 6.270734e+05 4.990091e+01 -3.846202e-02 1.874655e+01 1.492422e-04 1.126594e-02
3.630781e-03 1.300041e+00 1.545152e+04 9.395453e-01 6.088587e+05 4.845143e+01 3.800765e-02 4.711736e+01 1.510890e-04 1.020249e-02
3.715352e-03 1.328700e+00 1.506143e+04 1.002650e+00 6.316173e+05 5.026251e+01 -2.388472e-03 2.497935e+01 1.581105e-04 1.003254e-02
3.801894e-03 1.343792e+00 1.468400e+04 1.032175e+00 6.075879e+05 4.835030e+01 5.835585e-02 3.006996e+01 1.514989e-04 9.904105e-03
3.890451e-03 1.377969e+00 1.432777e+04 9.973349e-01 6.206161e+05 4.938706e+01 -7.590177e-02 2.414318e+01 1.439983e-04 9.481703e-03
3.981072e-03 1.398465e+00 1.397797e+04 9.616558e-01 5.977699e+05 4.756902e+01 -4.487942e-02 2.663960e+01 1.487993e-04 8.698082e-03
4.073803e-03 1.424262e+00 1.363210e+04 9.966619e-01 6.180490e+05 4.918278e+01 -1.956720e-02 9.267039e+01 1.561134e-04 8.362388e-03
4.168694e-03 1.450098e+00 1.330133e+04 9.847012e-01 6.153026e+05 4.896423e+01 1.894812e-01 5.599689e+01 1.572819e-04 8.099240e-03
4.265795e-03 1.478973e+00 1.297377e+04 1.023075e+00 6.436899e+05 5.122321e+01 1.172955e-01 3.663977e+01 1.563648e-04 8.374500e-03
4.365158e-03 1.508450e+00 1.265954e+04 1.000394e+00 5.814225e+05 4.626814e+01 -4.712484e-02 8.457710e+01 1.621822e-04 7.166584e-03
4.466836e-03 1.525227e+00 1.234760e+04 9.621969e-01 5.863260e+05 4.665834e+01 -5.150261e-02 3.094618e+01 1.519788e-04 7.036085e-03
4.570882e-03 1.558591e+00 1.205486e+04 9.814035e-01 5.768469e+05 4.590401e+01 8.414527e-02 3.796806e+01 1.453716e-04 6.788064e-03
4.677351e-03 1.590353e+00 1.175939e+04 9.098565e-01 5.348282e+05 4.256028e+01 1.330821e-01 6.077223e+01 1.524696e-04 6.093262e-03
4.786301e-03 1.623193e+00 1.149030e+04 1.060760e+00 6.024073e+05 4.793805e+01 1.647384e-01 5.202067e+01 1.613849e-04 6.614624e-03
4.897788e-03 1.642839e+00 1.120642e+04 9.617025e-01 5.763634e+05 4.586554e+01 1.639953e-02 5.381677e+01 1.536976e-04 6.011960e-03
5.011872e-03 1.671709e+00 1.092695e+04 9.877691e-01 5.903967e+05 4.698227e+01 2.045482e-01 4.911133e+01 1.645084e-04 6.046197e-03
5.128614e-03 1.701921e+00 1.066791e+04 1.005593e+00 5.714441e+05 4.547408e+01 -5.982603e-02 5.165168e+01 1.511504e-04 5.440927e-03
5.248075e-03 1.740376e+00 1.041915e+04 9.115752e-01 5.132017e+05 4.083930e+01 6.762810e-02 2.946539e+01 1.455463e-04 4.856789e-03
5.370318e-03 1.772827e+00 1.016841e+04 9.999233e-01 5.592237e+05 4.450161e+01 1.684187e-02 5.549315e+01 1.652230e-04 5.144854e-03
5.495409e-03 1.804958e+00 9.916570e+03 9.759635e-01 5.655240e+05 4.500297e+01 -2.645002e-03 2.505673e+01 1.573562e-04 4.928919e-03
5.623413e-03 1.835082e+00 9.683673e+03 9.539869e-01 5.393267e+05 4.291825e+01 2.811937e-02 1.724937e+01 1.413421e-04 4.431924e-03
5.754399e-03 1.865375e+00 9.456737e+03 9.521730e-01 5.000495e+05 3.979268e+01 -1.244833e-01 1.923572e+01 1.360644e-04 4.032774e-03
5.888437e-03 1.896060e+00 9.230657e+03 9.085493e-01 5.069475e+05 4.034160e+01 1.784038e-01 5.203106e+01 1.565490e-04 4.146706e-03
6.025596e-03 1.940612e+00 9.023134e+03 1.028558e+00 5.545604e+05 4.413051e+01 9.591480e-02 8.031135e+01 1.662223e-04 4.091240e-03
6.165950e-03 1.969021e+00 8.793152e+03 9.862509e-01 5.405655e+05 4.301684e+01 -6.837614e-02 2.031245e+01 1.565077e-04 3.896248e-03
6.309573e-03 2.010840e+00 8.591633e+03 9.754598e-01 5.383190e+05 4.283807e+01 -4.490139e-03 2.056537e+01 1.458241e-04 3.695739e-03
6.456542e-03 2.042610e+00 8.381977e+03 9.662875e-01 5.121301e+05 4.075402e+01 -7.307080e-02 1.590972e+01 1.485859e-04 3.364602e-03
6.606934e-03 2.075472e+00 8.187782e+03 1.003404e+00 5.122002e+05 4.075960e+01 -1.298405e-02 1.139818e+01 1.584982e-04 3.357404e-03
6.760830e-03 2.115262e+00 7.999223e+03 9.742113e-01 4.969854e+05 3.954884e+01 -2.538552e-02 1.164712e+01 1.507631e-04 3.227904e-03
6.918310e-03 2.149974e+00 7.808795e+03 9.495366e-01 4.818074e+05 3.834101e+01 -6.698342e-02 5.111647e+01 1.513678e-04 2.943177e-03
7.079458e-03 2.194336e+00 7.628581e+03 9.880156e-01 5.064755e+05 4.030404e+01 -2.720519e-02 2.465398e+01 1.471301e-04 2.991980e-03
7.244360e-03 2.226710e+00 7.441894e+03 9.868808e-01 4.794622e+05 3.815439e+01 -6.520766e-02 2.109839e+01 1.549903e-04 2.796211e-03
7.413102e-03 2.272471e+00 7.274395e+03 9.667982e-01 4.782079e+05 3.805458e+01 -5.502422e-02 2.301018e+01 1.531875e-04 2.588058e-03
7.585776e-03 2.313198e+00 7.105691e+03 9.768052e-01 4.688283e+05 3.730817e+01 -2.029796e-02 1.197526e+01 1.560050e-04 2.400542e-03
7.762471e-03 2.352540e+00 6.935171e+03 9.680154e-01 4.588055e+05 3.651058e+01 2.648591e-02 2.133372e+01 1.525978e-04 2.346688e-03
7.943282e-03 2.399491e+00 6.777133e+03 1.009701e+00 4.701298e+05 3.741174e+01 -4.602021e-02 2.782104e+01 1.575307e-04 2.311903e-03
8.128305e-03 2.437917e+00 6.619824e+03 1.024192e+00 4.689203e+05 3.731549e+01 6.193505e-02 2.319074e+01 1.719890e-04 2.312353e-03
8.317638e-03 2.479882e+00 6.466110e+03 1.005747e+00 5.057537e+05 4.024660e+01 1.468605e-01 8.858005e+00 1.528249e-04 2.319420e-03
8.511380e-03 2.521935e+00 6.312313e+03 9.229330e-01 4.390528e+05 3.493871e+01 7.770778e-02 2.046822e+01 1.493672e-04 1.979896e-03
8.709636e-03 2.567806e+00 6.167095e+03 9.527901e-01 4.370084e+05 3.477602e+01 -3.635001e-02 1.948512e+01 1.476543e-04 1.897000e-03
8.912509e-03 2.609952e+00 6.021911e+03 1.021780e+00 4.746786e+05 3.777372e+01 -5.635843e-02 8.581637e+00 1.496763e-04 1.938637e-03
9.120108e-03 2.647871e+00 5.878033e+03 9.553942e-01 4.225213e+05 3.362317e+01 -1.013691e-01 8.983409e+00 1.596967e-04 1.726548e-03
9.332543e-03 2.698099e+00 5.746797e+03 1.041090e+00 4.405191e+05 3.505539e+01 -8.179735e-02 1.374262e+01 1.558033e-04 1.705111e-03
9.549926e-03 2.743004e+00 5.615105e+03 8.879302e-01 4.140090e+05 3.294579e+01 -2.026252e-03 1.496846e+01 1.514021e-04 1.593870e-03
9.772372e-03 2.789638e+00 5.485040e+03 9.960020e-01 4.328643e+05 3.444625e+01 -1.197645e-02 1.603024e+01 1.540942e-04 1.559166e-03
1.000000e-02 2.837896e+00 5.356939e+03 9.932883e-01 4.173232e+05 3.320952e+01 -3.369120e-02 1.067838e+01 1.583339e-04 1.545931e-03
1.023293e-02 2.884798e+00 5.236102e+03 9.419893e-01 3.917061e+05 3.117098e+01 -7.970628e-02 1.171362e+01 1.423721e-04 1.352852e-03
1.047129e-02 2.927989e+00 5.113806e+03 9.675022e-01 3.857657e+05 3.069825e+01 -1.109737e-01 1.456637e+01 1.567103e-04 1.298337e-03
1.071519e-02 2.976898e+00 4.996421e+03 9.514151e-01 3.908964e+05 3.110655e+01 -4.942016e-02 3.823061e+01 1.515308e-04 1.246304e-03
1.096478e-02 3.019842e+00 4.881796e+03 9.520503e-01 3.836962e+05 3.053357e+01 -6.850634e-02 1.040369e+01 1.511189e-04 1.196026e-03
1.122018e-02 3.070510e+00 4.771224e+03 9.523407e-01 3.720801e+05 2.960920e+01 -7.123830e-02 1.845929e+01 1.589428e-04 1.148112e-03
1.148154e-02 3.107907e+00 4.659512e+03 9.134841e-01 3.677498e+05 2.926460e+01 5.705840e-03 1.426690e+01 1.499756e-04 1.058694e-03
1.174898e-02 3.163073e+00 4.556834e+03 9.786558e-01 3.705772e+05 2.948960e+01 -8.901239e-02 1.137705e+01 1.489704e-04 1.045935e-03
1.202264e-02 3.211523e+00 4.450744e+03 9.303709e-01 3.325263e+05 2.646160e+01 -8.506359e-02 2.491654e+01 1.471339e-04 9.097241e-04
1.230269e-02 3.251816e+00 4.346441e+03 9.440260e-01 3.426604e+05 2.726804e+01 -5.920939e-02 1.161252e+01 1.579712e-04 9.280790e-04
1.258925e-02 3.301435e+00 4.249727e+03 9.524793e-01 3.292419e+05 2.620024e+01 -5.500250e-02 7.766701e+00 1.645105e-04 8.655301e-04
1.288250e-02 3.339785e+00 4.150939e+03 9.380873e-01 3.425646e+05 2.726042e+01 4.741698e-02 7.272371e+00 1.615879e-04 8.791937e-04
1.318257e-02 3.383419e+00 4.055106e+03 9.220084e-01 2.975784e+05 2.368054e+01 3.042039e-02 1.762679e+01 1.423206e-04 7.541973e-04
1.348963e-02 3.427094e+00 3.964625e+03 9.043200e-01 3.113507e+05 2.477650e+01 -5.086819e-02 1.295911e+01 1.533728e-04 7.604204e-04
1.380384e-02 3.462072e+00 3.873737e+03 9.166097e-01 2.968173e+05 2.361997e+01 1.241929e-02 8.921048e+00 1.417313e-04 6.644857e-04
1.412538e-02 3.496018e+00 3.785994e+03 9.270401e-01 3.055122e+05 2.431189e+01 1.697318e-01 5.217074e+01 1.604346e-04 7.239821e-04
1.445440e-02 3.535368e+00 3.702332e+03 9.011169e-01 3.000756e+05 2.387926e+01 2.079619e-01 6.721395e+00 1.559392e-04 6.799261e-04
1.479108e-02 3.563526e+00 3.616033e+03 9.416151e-01 2.807498e+05 2.234136e+01 2.975960e-02 1.432834e+01 1.584281e-04 6.491424e-04
1.513561e-02 3.588805e+00 3.533945e+03 1.012837e+00 3.027327e+05 2.409070e+01 3.082275e-01 9.337261e+00 1.622565e-04 6.812682e-04
1.548817e-02 3.607458e+00 3.452209e+03 9.320053e-01 2.826201e+05 2.249019e+01 3.299682e-01 9.076651e+00 1.530723e-04 5.836977e-04
1.584893e-02 3.628378e+00 3.375226e+03 9.694983e-01 2.871644e+05 2.285181e+01 1.307303e-01 6.141999e+00 1.687044e-04 6.184332e-04
1.621810e-02 3.644260e+00 3.299057e+03 9.912733e-01 2.920333e+05 2.323927e+01 2.054275e-01 6.865734e+00 1.521691e-04 6.212511e-04
1.659587e-02 3.645699e+00 3.224174e+03 9.105857e-01 2.597566e+05 2.067077e+01 5.852380e-02 1.717046e+01 1.529582e-04 5.407153e-04
1.698244e-02 3.656194e+00 3.152683e+03 9.550811e-01 2.735589e+05 2.176913e+01 3.140855e-02 1.005180e+01 1.546999e-04 5.638619e-04
1.737801e-02 3.656481e+00 3.081310e+03 9.846279e-01 2.606042e+05 2.073822e+01 -9.617430e-03 5.276050e+00 1.502627e-04 5.606109e-04
1.778279e-02 3.646317e+00 3.008769e+03 9.654609e-01 2.633607e+05 2.095758e+01 1.147313e-01 1.041457e+01 1.572162e-04 5.514109e-04
1.819701e-02 3.638201e+00 2.941918e+03 9.822696e-01 2.640742e+05 2.101436e+01 8.178494e-02 1.472441e+01 1.657428e-04 5.586430e-04
1.862087e-02 3.621719e+00 2.875749e+03 9.330516e-01 2.324355e+05 1.849663e+01 -2.936428e-02 1.586158e+01 1.485380e-04 5.006677e-04
1.905461e-02 3.602181e+00 2.808296e+03 9.215443e-01 2.336741e+05 1.859520e+01 7.868800e-02 1.292776e+01 1.571720e-04 5.189053e-04
1.949845e-02 3.580411e+00 2.744802e+03 9.634227e-01 2.405800e+05 1.914475e+01 2.136477e-02 7.130461e+00 1.561491e-04 5.295129e-04
1.995262e-02 3.559907e+00 2.683128e+03 9.518084e-01 2.414512e+05 1.921408e+01 -5.330038e-02 4.426317e+00 1.593709e-04 5.488872e-04
2.041738e-02 3.532617e+00 2.622455e+03 9.636220e-01 2.413465e+05 1.920575e+01 1.023335e-02 7.901158e+00 1.660856e-04 5.412841e-04
2.089296e-02 3.507375e+00 2.565503e+03 9.433032e-01 2.197128e+05 1.748419e+01 3.592018e-02 1.083580e+01 1.684098e-04 5.404822e-04
2.137962e-02 3.478874e+00 2.506696e+03 9.598332e-01 2.359502e+05 1.877632e+01 2.635350e-02 6.463237e+00 1.771503e-04 5.490056e-04
2.187762e-02 3.447977e+00 2.451400e+03 9.749798e-01 2.364103e+05 1.881294e+01 1.733006e-02 9.222833e+00 1.682735e-04 5.904924e-04
2.238721e-02 3.413880e+00 2.395324e+03 9.552776e-01 2.439992e+05 1.941684e+01 8.262189e-02 9.102226e+00 1.667539e-04 6.020575e-04
2.290868e-02 3.378548e+00 2.339819e+03 9.540024e-01 2.248521e+05 1.789316e+01 -2.816043e-02 5.216713e+00 1.645701e-04 5.661751e-04
2.344229e-02 3.347440e+00 2.288860e+03 1.000496e+00 2.143652e+05 1.705864e+01 7.567401e-02 1.027538e+01 1.562457e-04 5.406632e-04
2.398833e-02 3.310172e+00 2.236877e+03 9.304239e-01 2.108645e+05 1.678006e+01 2.928714e-02 5.191179e+00 1.651087e-04 5.565784e-04
2.454709e-02 3.274824e+00 2.186195e+03 9.670260e-01 2.095039e+05 1.667179e+01 4.978045e-02 4.371079e+00 1.616519e-04 5.595900e-04
2.511886e-02 3.233908e+00 2.135590e+03 8.518234e-01 1.907873e+05 1.518237e+01 2.211264e-02 9.301166e+00 1.501206e-04 5.093219e-04
2.570396e-02 3.201974e+00 2.088084e+03 9.600968e-01 2.034013e+05 1.618616e+01 1.517719e-01 1.117649e+01 1.665558e-04 5.567330e-04
2.630268e-02 3.163882e+00 2.040874e+03 9.237189e-01 1.856154e+05 1.477081e+01 1.109476e-01 8.174950e+00 1.598456e-04 5.341058e-04
2.691535e-02 3.123663e+00 1.993553e+03 1.006705e+00 1.893319e+05 1.506655e+01 9.238482e-02 8.616344e+00 1.690924e-04 5.757287e-04
2.754229e-02 3.092013e+00 1.950677e+03 1.017628e+00 1.999506e+05 1.591157e+01 1.558853e-01 5.954207e+00 1.582693e-04 5.896766e-04
2.818383e-02 3.055759e+00 1.906266e+03 1.007364e+00 2.058545e+05 1.638138e+01 7.274791e-02 6.343190e+00 1.724655e-04 6.346851e-04
2.884032e-02 3.015075e+00 1.861709e+03 9.548433e-01 1.914884e+05 1.523816e+01 7.806836e-02 4.118209e+00 1.602144e-04 5.907622e-04
2.951209e-02 2.978827e+00 1.820545e+03 1.046100e+00 2.090729e+05 1.663749e+01 1.818619e-01 5.580384e+00 1.821090e-04 6.772875e-04
3.019952e-02 2.938145e+00 1.780485e+03 9.463442e-01 1.889023e+05 1.503237e+01 9.680186e-02 3.694987e+00 1.671005e-04 6.195156e-04
3.090295e-02 2.909031e+00 1.741395e+03 9.465083e-01 1.922362e+05 1.529767e+01 2.177569e-01 4.122757e+00 1.627791e-04 6.361060e-04
3.162278e-02 2.868163e+00 1.701629e+03 1.007410e+00 1.851377e+05 1.473279e+01 7.394528e-02 4.471343e+00 1.649528e-04 6.254043e-04
3.235937e-02 2.830639e+00 1.663355e+03 9.148823e-01 1.717483e+05 1.366729e+01 1.890512e-01 4.092178e+00 1.561724e-04 6.102261e-04
3.311311e-02 2.793656e+00 1.625815e+03 9.526512e-01 1.843963e+05 1.467379e+01 1.059738e-01 3.899993e+00 1.674173e-04 6.632149e-04
3.388442e-02 2.755415e+00 1.589137e+03 8.786912e-01 1.632967e+05 1.299474e+01 1.613900e-01 7.979923e+00 1.622615e-04 6.204542e-04
3.467369e-02 2.716065e+00 1.553101e+03 9.406454e-01 1.817776e+05 1.446540e+01 1.257134e-01 5.661709e+00 1.505495e-04 6.935555e-04
3.548134e-02 2.677867e+00 1.518420e+03 1.050524e+00 1.978051e+05 1.574083e+01 5.623957e-02 5.053800e+00 1.674800e-04 7.839143e-04
3.630781e-02 2.642526e+00 1.484633e+03 9.437356e-01 1.782511e+05 1.418477e+01 4.582894e-02 3.427737e+00 1.761760e-04 7.370601e-04
3.715352e-02 2.605152e+00 1.451304e+03 9.954487e-01 1.833078e+05 1.458717e+01 3.100115e-02 6.663389e+00 1.759610e-04 7.512853e-04
3.801894e-02 2.566984e+00 1.418268e+03 9.637269e-01 1.691021e+05 1.345672e+01 8.054157e-02 4.088087e+00 1.785585e-04 7.471106e-04
3.890451e-02 2.526629e+00 1.386106e+03 9.810565e-01 1.692482e+05 1.346834e+01 1.223472e-01 3.091471e+00 1.862374e-04 7.676405e-04
3.981072e-02 2.491251e+00 1.355456e+03 9.648894e-01 1.667918e+05 1.327287e+01 5.658840e-03 5.760911e+00 1.753617e-04 7.581533e-04
4.073803e-02 2.456345e+00 1.325125e+03 9.357772e-01 1.782473e+05 1.418447e+01 8.380261e-02 5.274177e+00 1.745507e-04 8.360304e-04
4.168694e-02 2.416147e+00 1.294832e+03 9.477718e-01 1.536065e+05 1.222362e+01 1.391856e-01 3.273854e+00 1.777737e-04 7.750921e-04
4.265795e-02 2.388057e+00 1.267533e+03 9.859395e-01 1.733940e+05 1.379825e+01 1.239041e-01 3.104070e+00 1.693927e-04 8.383674e-04
4.365158e-02 2.343480e+00 1.237740e+03 9.786177e-01 1.624570e+05 1.292791e+01 5.792491e-02 3.527143e+00 1.678753e-04 8.136815e-04
4.466836e-02 2.308815e+00 1.210390e+03 9.771094e-01 1.629958e+05 1.297079e+01 -5.818635e-02 3.985033e+00 1.615461e-04 8.486826e-04
4.570882e-02 2.268954e+00 1.183108e+03 9.749991e-01 1.537850e+05 1.223782e+01 1.355031e-01 3.023844e+00 1.657459e-04 8.563768e-04
4.677351e-02 2.231385e+00 1.156679e+03 1.029518e+00 1.549422e+05 1.232991e+01 -3.963857e-02 4.192776e+00 1.717975e-04 9.058334e-04
4.786301e-02 2.194901e+00 1.130373e+03 1.074923e+00 1.734849e+05 1.380549e+01 1.650630e-02 4.498155e+00 1.905017e-04 1.062551e-03
4.897788e-02 2.162333e+00 1.105742e+03 9.934910e-01 1.463492e+05 1.164610e+01 7.678607e-02 8.183597e+00 1.677093e-04 8.961650e-04
5.011872e-02 2.121325e+00 1.079889e+03 1.022434e+00 1.574861e+05 1.253234e+01 2.198285e-02 4.727823e+00 1.713427e-04 1.012403e-03
5.128614e-02 2.089328e+00 1.056057e+03 1.018623e+00 1.566601e+05 1.246661e+01 2.512894e-02 2.798177e+00 1.746133e-04 1.013018e-03
5.248075e-02 2.053676e+00 1.032238e+03 9.917242e-01 1.331374e+05 1.059474e+01 1.490930e-01 4.137337e+00 1.672824e-04 8.930356e-04
5.370318e-02 2.018470e+00 1.009045e+03 1.037893e+00 1.539217e+05 1.224870e+01 9.162551e-03 2.044157e+00 1.788760e-04 1.074695e-03
5.495409e-02 1.987593e+00 9.867903e+02 9.837902e-01 1.468625e+05 1.168694e+01 5.463150e-02 3.556844e+00 1.721379e-04 1.048323e-03
5.623413e-02 1.951592e+00 9.645438e+02 1.014013e+00 1.448690e+05 1.152831e+01 -4.111173e-02 2.298039e+00 1.853483e-04 1.099615e-03
5.754399e-02 1.917247e+00 9.436156e+02 1.003638e+00 1.243585e+05 9.896136e+00 1.847864e-01 2.384096e+00 1.718002e-04 9.841634e-04
5.888437e-02 1.878002e+00 9.214546e+02 9.646248e-01 1.252984e+05 9.970930e+00 5.082802e-02 2.516152e+00 1.791944e-04 9.874574e-04
6.025596e-02 1.844376e+00 9.012031e+02 1.033385e+00 1.381568e+05 1.099416e+01 5.533908e-02 2.472949e+00 1.865281e-04 1.124713e-03
6.165950e-02 1.808745e+00 8.802031e+02 1.032909e+00 1.302336e+05 1.036366e+01 3.406944e-02 5.266296e+00 1.769139e-04 1.146854e-03
6.309573e-02 1.779592e+00 8.618387e+02 9.318022e-01 1.255256e+05 9.989011e+00 -3.274213e-02 1.716109e+00 1.893060e-04 1.070762e-03
6.456542e-02 1.744342e+00 8.418329e+02 9.085023e-01 1.128563e+05 8.980821e+00 -3.245777e-02 2.599552e+00 1.668868e-04 1.048109e-03
6.606934e-02 1.713088e+00 8.233907e+02 1.025566e+00 1.245469e+05 9.911123e+00 1.133281e-02 3.376253e+00 1.814542e-04 1.227868e-03
6.760830e-02 1.678337e+00 8.045552e+02 9.880349e-01 1.196718e+05 9.523181e+00 1.002548e-01 2.211850e+00 1.765609e-04 1.197312e-03
6.918310e-02 1.644221e+00 7.861702e+02 9.145432e-01 1.012151e+05 8.054445e+00 6.685608e-02 1.916847e+00 1.700189e-04 1.071341e-03
7.079458e-02 1.612502e+00 7.685517e+02 9.874130e-01 1.085039e+05 8.634468e+00 -5.538524e-02 2.920393e+00 1.713030e-04 1.153352e-03
7.244360e-02 1.584018e+00 7.517819e+02 9.955574e-01 9.909953e+04 7.886090e+00 1.785737e-02 3.057170e+00 1.695585e-04 1.142961e-03
7.413102e-02 1.551578e+00 7.347450e+02 9.587343e-01 1.042176e+05 8.293376e+00 2.973086e-02 1.401989e+00 1.727131e-04 1.211337e-03
7.585776e-02 1.517687e+00 7.183378e+02 1.027890e+00 1.050968e+05 8.363338e+00 1.379374e-02 1.152104e+00 1.781563e-04 1.294068e-03
7.762471e-02 1.487295e+00 7.021625e+02 1.001894e+00 1.035014e+05 8.236380e+00 -4.369560e-03 1.624907e+00 1.757855e-04 1.307927e-03
7.943282e-02 1.455813e+00 6.865158e+02 9.903594e-01 1.027534e+05 8.176856e+00 3.344878e-02 2.075080e+00 1.863558e-04 1.375264e-03
8.128305e-02 1.426934e+00 6.712268e+02 9.265774e-01 9.050768e+04 7.202372e+00 6.471125e-02 1.396696e+00 1.618577e-04 1.212849e-03
8.317638e-02 1.395846e+00 6.562057e+02 9.745002e-01 9.680869e+04 7.703791e+00 5.138170e-02 1.712908e+00 1.812322e-04 1.380389e-03
8.511380e-02 1.366379e+00 6.413660e+02 9.346264e-01 9.109806e+04 7.249353e+00 5.136938e-02 2.836838e+00 1.791323e-04 1.358331e-03
8.709636e-02 1.335282e+00 6.268946e+02 9.661334e-01 9.006595e+04 7.167220e+00 -9.596460e-02 2.466639e+00 1.860418e-04 1.382866e-03
8.912509e-02 1.304655e+00 6.128670e+02 9.960880e-01 8.504316e+04 6.767520e+00 -3.625500e-02 1.936299e+00 1.839334e-04 1.453311e-03
9.120108e-02 1.278110e+00 5.993506e+02 9.356323e-01 8.124716e+04 6.465443e+00 1.071312e-04 3.462310e+00 1.745725e-04 1.422025e-03
9.332543e-02 1.246839e+00 5.855404e+02 8.942958e-01 7.863324e+04 6.257434e+00 4.199964e-02 1.768063e+00 1.867176e-04 1.400889e-03
9.549926e-02 1.221718e+00 5.724073e+02 9.524220e-01 8.598773e+04 6.842686e+00 -3.114170e-02 2.370062e+00 1.914157e-04 1.624539e-03
9.772372e-02 1.197082e+00 5.595188e+02 9.269647e-01 7.846630e+04 6.244150e+00 3.901423e-02 1.810709e+00 1.848624e-04 1.539272e-03
1.000000e-01 1.165311e+00 5.467447e+02 9.363183e-01 7.604030e+04 6.051095e+00 -7.494182e-02 2.172370e+00 1.885351e-04 1.606605e-03
1.023293e-01 1.140960e+00 5.350908e+02 1.039448e+00 8.202022e+04 6.526962e+00 -5.204091e-02 1.140245e+00 1.966456e-04 1.793514e-03
1.047129e-01 1.113132e+00 5.227546e+02 1.028287e+00 8.086180e+04 6.434778e+00 -4.738502e-02 1.837671e+00 2.008458e-04 1.889402e-03
1.071519e-01 1.083849e+00 5.109070e+02 9.637313e-01 7.552759e+04 6.010294e+00 -6.718525e-03 8.049313e-01 2.004766e-04 1.846489e-03
1.096478e-01 1.057975e+00 4.994650e+02 9.466589e-01 6.912659e+04 5.500919e+00 3.886387e-02 1.029525e+00 1.986476e-04 1.793220e-03
1.122018e-01 1.034003e+00 4.887672e+02 9.836215e-01 7.597954e+04 6.046259e+00 1.459190e-02 1.538519e+00 2.137346e-04 2.022609e-03
1.148154e-01 1.007818e+00 4.776141e+02 1.008253e+00 6.996113e+04 5.567330e+00 -2.917685e-02 2.056633e+00 1.915077e-04 2.014208e-03
1.174898e-01 9.829491e-01 4.668230e+02 1.000241e+00 7.526603e+04 5.989480e+00 -6.248065e-02 1.467865e+00 1.930939e-04 2.158384e-03
1.202264e-01 9.589111e-01 4.564832e+02 9.685712e-01 7.234320e+04 5.756889e+00 -4.897757e-02 1.499252e+00 2.139359e-04 2.216853e-03
1.230269e-01 9.311724e-01 4.459389e+02 9.647571e-01 6.602283e+04 5.253930e+00 -4.370666e-02 8.849409e-01 2.008003e-04 2.227025e-03
1.258925e-01 9.156011e-01 4.363651e+02 9.607839e-01 7.092637e+04 5.644141e+00 1.775566e-02 2.034752e+00 1.933916e-04 2.450708e-03
1.288250e-01 8.897260e-01 4.265084e+02 1.014326e+00 7.214673e+04 5.741255e+00 -6.354672e-02 1.282599e+00 2.153904e-04 2.588446e-03
1.318257e-01 8.659607e-01 4.166384e+02 1.069457e+00 7.348287e+04 5.847581e+00 5.788307e-03 9.969487e-01 2.245191e-04 2.764177e-03
1.348963e-01 8.440341e-01 4.075902e+02 1.041895e+00 6.993146e+04 5.564968e+00 6.148359e-02 1.246353e+00 2.070584e-04 2.674324e-03
1.380384e-01 8.213578e-01 3.983176e+02 9.453521e-01 5.984088e+04 4.761986e+00 5.848522e-02 7.368119e-01 2.065633e-04 2.330079e-03
1.412538e-01 7.988547e-01 3.891559e+02 1.023345e+00 6.458784e+04 5.139737e+00 -2.754901e-02 1.007415e+00 2.246809e-04 2.773673e-03
1.445440e-01 7.771139e-01 3.804531e+02 9.479905e-01 5.904974e+04 4.699029e+00 6.044227e-03 9.938307e-01 2.153176e-04 2.726315e-03
1.479108e-01 7.573777e-01 3.719791e+02 1.018693e+00 5.845094e+04 4.651378e+00 -5.909993e-02 1.055522e+00 2.181794e-04 2.929969e-03
1.513561e-01 7.364731e-01 3.635857e+02 1.029325e+00 5.857320e+04 4.661107e+00 4.448756e-02 3.481582e-01 2.201482e-04 3.105887e-03
1.548817e-01 7.171494e-01 3.554158e+02 1.019993e+00 5.848112e+04 4.653780e+00 -5.731248e-02 5.526218e-01 2.121829e-04 3.201026e-03
1.584893e-01 6.959602e-01 3.474875e+02 9.819957e-01 5.463972e+04 4.348090e+00 1.204095e-01 6.237162e-01 2.065907e-04 3.189029e-03
1.621810e-01 6.763639e-01 3.393867e+02 1.025523e+00 5.710406e+04 4.544196e+00 8.947926e-02 9.671377e-01 2.003048e-04 3.438479e-03
1.659587e-01 6.587104e-01 3.319137e+02 1.023688e+00 5.402219e+04 4.298949e+00 1.362147e-02 5.064028e-01 2.096263e-04 3.529687e-03
1.698244e-01 6.399907e-01 3.244167e+02 1.080095e+00 5.568456e+04 4.431236e+00 1.854825e-02 7.183315e-01 2.106845e-04 3.832749e-03
1.737801e-01 6.187552e-01 3.169425e+02 1.071964e+00 5.392573e+04 4.291273e+00 -8.910363e-02 1.159171e+00 2.242689e-04 4.056885e-03
1.778279e-01 6.030886e-01 3.100905e+02 1.015009e+00 5.055589e+04 4.023110e+00 -1.041048e-01 9.854655e-01 2.044176e-04 4.017853e-03
1.819701e-01 5.874705e-01 3.031774e+02 9.661254e-01 4.803724e+04 3.822682e+00 -4.417872e-03 6.622495e-01 2.100055e-04 3.820877e-03
1.862087e-01 5.708715e-01 2.963006e+02 9.704632e-01 4.911444e+04 3.908403e+00 -1.013504e-02 6.540992e-01 2.169655e-04 4.216986e-03
1.905461e-01 5.550271e-01 2.897132e+02 9.847244e-01 4.625696e+04 3.681012e+00 -7.801808e-02 1.166973e+00 2.162922e-04 4.309276e-03
1.949845e-01 5.380158e-01 2.831738e+02 9.784112e-01 4.663569e+04 3.711150e+00 -5.837974e-02 6.447968e-01 2.334297e-04 4.631941e-03
1.995262e-01 5.227497e-01 2.767620e+02 1.047537e+00 4.512059e+04 3.590582e+00 -4.614939e-02 8.934735e-01 2.185659e-04 4.640892e-03
2.041738e-01 5.055950e-01 2.705586e+02 9.751302e-01 4.450987e+04 3.541983e+00 -8.967948e-02 1.688461e+00 2.244973e-04 4.792383e-03
2.089296e-01 4.907186e-01 2.644754e+02 1.034839e+00 4.285634e+04 3.410399e+00 -8.284885e-02 5.921854e-01 2.383718e-04 5.111265e-03
2.137962e-01 4.758497e-01 2.584287e+02 1.038763e+00 4.179208e+04 3.325708e+00 4.774078e-02 9.439378e-01 2.337491e-04 5.272993e-03
2.187762e-01 4.638687e-01 2.527508e+02 1.015613e+00 3.709641e+04 2.952039e+00 -1.656565e-02 3.043376e-01 2.320118e-04 4.994018e-03
2.238721e-01 4.482988e-01 2.468196e+02 9.850988e-01 3.841070e+04 3.056626e+00 -1.335061e-01 2.869316e-01 2.352847e-04 5.274281e-03
2.290868e-01 4.362272e-01 2.414900e+02 1.034064e+00 3.840232e+04 3.055959e+00 -1.417862e-01 3.227468e-01 2.511563e-04 5.647853e-03
2.344229e-01 4.220522e-01 2.358023e+02 9.601750e-01 3.671748e+04 2.921884e+00 -6.969120e-02 7.857532e-01 2.383593e-04 5.837419e-03
2.398833e-01 4.087425e-01 2.303122e+02 9.792567e-01 3.542446e+04 2.818989e+00 -1.254020e-01 5.254382e-01 2.433987e-04 5.918326e-03
2.454709e-01 4.012215e-01 2.253847e+02 9.977308e-01 3.328487e+04 2.648726e+00 -8.613119e-02 1.141969e+00 2.330484e-04 5.729247e-03
2.511886e-01 3.868985e-01 2.206066e+02 9.674030e-01 3.310729e+04 2.634594e+00 -4.784260e-02 6.753169e-01 2.519680e-04 6.216399e-03
2.570396e-01 3.740294e-01 2.154814e+02 1.067845e+00 3.575232e+04 2.845079e+00 1.397014e-01 5.289561e-01 2.357165e-04 7.267936e-03
2.630268e-01 3.629858e-01 2.108562e+02 1.040666e+00 3.431400e+04 2.730621e+00 1.054288e-01 8.057654e-01 2.413090e-04 7.390094e-03
2.691535e-01 3.522703e-01 2.060214e+02 9.795023e-01 3.167667e+04 2.520749e+00 -1.014743e-02 5.619479e-01 2.441826e-04 7.040614e-03
2.754229e-01 3.396124e-01 2.011427e+02 9.334625e-01 2.476140e+04 1.970450e+00 -1.299711e-02 7.942247e-01 2.384522e-04 6.193536e-03
2.818383e-01 3.289766e-01 1.966933e+02 9.293777e-01 2.584469e+04 2.056655e+00 -1.107456e-01 4.893861e-01 2.582246e-04 6.911200e-03
2.884032e-01 3.198781e-01 1.921908e+02 9.461152e-01 2.568767e+04 2.044160e+00 -8.286041e-02 7.148450e-01 2.523851e-04 7.354463e-03
2.951209e-01 3.097683e-01 1.878672e+02 9.285782e-01 2.496115e+04 1.986345e+00 -7.773933e-02 7.755328e-01 2.549276e-04 7.390071e-03
3.019952e-01 2.978120e-01 1.836232e+02 1.026848e+00 2.740678e+04 2.180962e+00 6.517896e-02 5.482804e-01 2.799815e-04 8.979419e-03
3.090295e-01 2.885853e-01 1.793756e+02 9.292065e-01 2.637530e+04 2.098880e+00 -6.013744e-03 3.916351e-01 2.376089e-04 8.664164e-03
3.162278e-01 2.797101e-01 1.754716e+02 1.047931e+00 2.769188e+04 2.203650e+00 7.658078e-02 4.106887e-01 2.608965e-04 1.018177e-02
3.235937e-01 2.713107e-01 1.714565e+02 9.688780e-01 2.698650e+04 2.147517e+00 -1.095403e-01 4.648398e-01 2.474278e-04 9.987374e-03
3.311311e-01 2.619584e-01 1.675502e+02 9.539844e-01 2.243863e+04 1.785610e+00 7.773735e-03 4.636206e-01 2.290490e-04 9.388321e-03
3.388442e-01 2.552342e-01 1.639565e+02 9.812558e-01 2.263397e+04 1.801154e+00 -8.100435e-03 6.859805e-01 2.484963e-04 9.723776e-03
3.467369e-01 2.470741e-01 1.600629e+02 9.660960e-01 2.011880e+04 1.601003e+00 -3.108619e-02 3.841575e-01 2.706545e-04 9.143582e-03
3.548134e-01 2.401156e-01 1.564627e+02 9.268649e-01 2.100446e+04 1.671482e+00 8.828990e-02 3.942998e-01 2.794207e-04 1.033780e-02
3.630781e-01 2.321204e-01 1.529580e+02 9.911927e-01 2.261511e+04 1.799653e+00 1.932428e-01 2.700319e-01 2.699737e-04 1.160432e-02
3.715352e-01 2.242234e-01 1.494197e+02 1.013668e+00 2.003691e+04 1.594486e+00 -8.742082e-02 1.521820e-01 2.655033e-04 1.122693e-02
3.801894e-01 2.160354e-01 1.460416e+02 9.815647e-01 1.809641e+04 1.440067e+00 7.672485e-02 2.407142e-01 2.647761e-04 1.121988e-02
3.890451e-01 2.112493e-01 1.427834e+02 1.025112e+00 1.936057e+04 1.540665e+00 2.274530e-01 7.686128e-01 2.851020e-04 1.228573e-02
3.981072e-01 2.026239e-01 1.394107e+02 9.834269e-01 1.792825e+04 1.426685e+00 4.041366e-02 4.018890e-01 2.624562e-04 1.208231e-02
4.073803e-01 1.978360e-01 1.364811e+02 8.962369e-01 1.777421e+04 1.414427e+00 1.065761e-01 8.166368e-01 2.915573e-04 1.299207e-02
4.168694e-01 1.922686e-01 1.335152e+02 9.899290e-01 1.821960e+04 1.449869e+00 1.090170e-01 3.684812e-01 3.094819e-04 1.383060e-02
4.265795e-01 1.849709e-01 1.302894e+02 9.833817e-01 1.774524e+04 1.412121e+00 1.121264e-01 3.855535e-01 3.381547e-04 1.460736e-02
4.365158e-01 1.781526e-01 1.273577e+02 9.798254e-01 1.702647e+04 1.354923e+00 6.874405e-02 3.667807e-01 2.987454e-04 1.466609e-02
4.466836e-01 1.739060e-01 1.244498e+02 1.025699e+00 1.919272e+04 1.527308e+00 1.077329e-01 2.155385e-01 3.609118e-04 1.725067e-02
4.570882e-01 1.680022e-01 1.216990e+02 1.017875e+00 1.776511e+04 1.413702e+00 8.393363e-02 2.755149e-01 3.300596e-04 1.806073e-02
4.677351e-01 1.626843e-01 1.188987e+02 1.031341e+00 1.856867e+04 1.477648e+00 -5.577183e-02 2.556392e-01 3.174000e-04 1.887719e-02
4.786301e-01 1.567696e-01 1.162561e+02 1.036510e+00 1.688267e+04 1.343480e+00 -4.927882e-02 8.682997e-01 3.166065e-04 1.870306e-02
4.897788e-01 1.517789e-01 1.135734e+02 9.724687e-01 1.508089e+04 1.200099e+00 -1.153117e-01 3.760329e-01 3.349436e-04 1.843088e-02
5.011872e-01 1.473544e-01 1.110240e+02 1.006982e+00 1.577306e+04 1.255180e+00 -5.315318e-02 3.482293e-01 2.993863e-04 2.003728e-02
5.128614e-01 1.419022e-01 1.083576e+02 1.084805e+00 1.641480e+04 1.306249e+00 8.842917e-02 2.910775e-01 3.028995e-04 2.269176e-02
5.248075e-01 1.377132e-01 1.059484e+02 1.041375e+00 1.660016e+04 1.320999e+00 1.655580e-02 1.303930e-01 3.015058e-04 2.344689e-02
5.370318e-01 1.339087e-01 1.037228e+02 9.624134e-01 1.417229e+04 1.127795e+00 -4.633999e-02 2.812091e-01 3.386659e-04 2.198483e-02
5.495409e-01 1.283412e-01 1.013646e+02 1.019676e+00 1.396557e+04 1.111345e+00 -4.081082e-03 2.249659e-01 3.393569e-04 2.389036e-02
5.623413e-01 1.250233e-01 9.905348e+01 1.015177e+00 1.352180e+04 1.076031e+00 -4.981224e-02 3.095970e-01 3.378065e-04 2.457022e-02
5.754399e-01 1.206531e-01 9.668785e+01 9.553038e-01 1.276037e+04 1.015438e+00 -1.197713e-01 1.898838e-01 3.184412e-04 2.392181e-02
5.888437e-01 1.170902e-01 9.453121e+01 9.761666e-01 1.242044e+04 9.883869e-01 -1.014210e-01 2.549827e-01 3.481449e-04 2.554062e-02
6.025596e-01 1.121146e-01 9.232790e+01 1.033341e+00 1.409168e+04 1.121380e+00 -1.643624e-01 3.747513e-01 3.333600e-04 3.067745e-02
6.165950e-01 1.076419e-01 9.023950e+01 1.112845e+00 1.508460e+04 1.200394e+00 -1.124559e-01 4.144667e-01 3.831328e-04 3.674681e-02
6.309573e-01 1.052199e-01 8.825657e+01 1.085171e+00 1.509591e+04 1.201294e+00 -1.213217e-02 1.274532e-01 3.819081e-04 3.667272e-02
6.456542e-01 1.028419e-01 8.629986e+01 1.032925e+00 1.391984e+04 1.107706e+00 6.848653e-03 4.751466e-01 4.172210e-04 3.753660e-02
6.606934e-01 9.712613e-02 8.432598e+01 1.064636e+00 1.217704e+04 9.690180e-01 -5.039962e-02 1.399689e-01 3.921506e-04 3.634174e-02
6.760830e-01 9.324197e-02 8.239659e+01 1.049105e+00 1.239638e+04 9.864727e-01 1.649421e-01 4.025878e-01 3.877920e-04 3.896846e-02
6.918310e-01 8.938998e-02 8.049946e+01 1.099844e+00 1.232979e+04 9.811737e-01 1.386186e-01 3.697123e-01 4.016279e-04 4.247485e-02
7.079458e-01 8.694573e-02 7.863481e+01 1.037817e+00 1.070699e+04 8.520355e-01 1.273749e-01 1.206538e-01 4.000043e-04 3.988182e-02
7.244360e-01 8.433448e-02 7.690680e+01 1.003483e+00 1.029992e+04 8.196412e-01 9.398730e-02 2.025358e-01 4.378434e-04 4.058436e-02
7.413102e-01 8.209890e-02 7.517745e+01 9.724839e-01 8.524427e+03 6.783523e-01 5.684196e-04 2.559008e-01 4.264317e-04 3.729131e-02
7.585776e-01 7.951476e-02 7.347112e+01 9.064462e-01 8.847899e+03 7.040934e-01 1.521397e-01 1.043659e-01 4.612202e-04 3.868989e-02
7.762471e-01 7.747537e-02 7.182015e+01 1.016042e+00 9.739610e+03 7.750535e-01 -9.918552e-03 4.636300e-02 4.328311e-04 4.624458e-02
7.943282e-01 7.280337e-02 7.014829e+01 1.048912e+00 9.837557e+03 7.828479e-01 -5.720521e-03 1.769500e-01 4.500088e-04 5.303305e-02
8.128305e-01 7.211368e-02 6.873798e+01 1.018088e+00 9.844319e+03 7.833860e-01 -2.069315e-02 2.058074e-01 4.233988e-04 5.272207e-02
8.317638e-01 6.850053e-02 6.711101e+01 9.433675e-01 8.596081e+03 6.840544e-01 3.069118e-02 4.092987e-02 4.663735e-04 5.208432e-02
8.511380e-01 6.611586e-02 6.553290e+01 9.378637e-01 8.032391e+03 6.391974e-01 -4.233788e-02 2.378602e-01 4.630238e-04 5.209582e-02
8.709636e-01 6.392171e-02 6.411891e+01 1.027330e+00 9.038012e+03 7.192221e-01 -8.674687e-03 2.023822e-01 5.194951e-04 5.997427e-02
8.912509e-01 6.200041e-02 6.257970e+01 1.046416e+00 9.159021e+03 7.288517e-01 -2.435880e-02 -5.615886e-02 5.217527e-04 6.628177e-02
9.120108e-01 5.934532e-02 6.115744e+01 1.033744e+00 8.568806e+03 6.818839e-01 5.997856e-02 3.384692e-01 5.430276e-04 6.883435e-02
9.332543e-01 5.701958e-02 5.973037e+01 9.982002e-01 7.280679e+03 5.793780e-01 3.772695e-02 2.306202e-01 5.640014e-04 6.240531e-02
9.549926e-01 5.487248e-02 5.834241e+01 9.861044e-01 7.098152e+03 5.648530e-01 1.703266e-01 4.905616e-01 5.895045e-04 6.668626e-02
9.772372e-01 5.337701e-02 5.698852e+01 1.093071e+00 8.208983e+03 6.532501e-01 -2.825552e-03 1.310979e-01 5.587073e-04 8.139040e-02
