#./double_munderdamped_3d --dev=0 --amp=250.0 --omega=1 --mass=0.01 --force=0 --Dg=0.01 --block=256 --paths=1024 --periods=1000 --trans=100 --samples=10000 --spp=10000 --algorithm=euler --pav=1 --mode=moments --domain=1d --domainx=a:-1:3:300:1 --domainy=s:-1:2:100:1 --domainz=a:-1:2.5:100:1 --q=2 --eps=0 --phi=1.57079632679 --lambda=5.0 --zeta=0.2 --comp=0 --mean=1.0 --second=50.0 --skew=0.99 --distribution=s>> 1D_double_a:-1:3:300:1_50.0_5.0_0.99_1.0_0.01.dat
#a <<v>> <<v^2>> qnu(q) mu_q Dx Gx Gv EBx EBv
1.000000e-01 9.867850e-01 1.290518e+04 9.258158e-01 1.560392e+06 1.241721e+02 7.975002e-02 1.211728e+01 1.486577e-04 4.568730e-02
1.031177e-01 9.915655e-01 1.289589e+04 9.462798e-01 1.512162e+06 1.203340e+02 -8.552488e-02 1.538663e+01 1.559182e-04 4.347100e-02
1.063327e-01 1.007470e+00 1.290490e+04 9.331353e-01 1.606394e+06 1.278328e+02 2.146511e-02 1.246807e+01 1.575040e-04 4.325022e-02
1.096478e-01 1.001240e+00 1.290221e+04 9.622111e-01 1.575535e+06 1.253771e+02 6.115549e-02 1.672396e+01 1.609030e-04 4.566691e-02
1.130663e-01 1.005831e+00 1.290293e+04 9.668831e-01 1.594813e+06 1.269112e+02 1.044589e-01 2.291373e+01 1.534381e-04 4.544965e-02
1.165914e-01 9.947536e-01 1.289052e+04 9.422297e-01 1.495683e+06 1.190227e+02 9.642596e-02 3.569705e+01 1.557679e-04 4.318237e-02
1.202264e-01 9.938978e-01 1.289698e+04 9.509208e-01 1.610690e+06 1.281746e+02 1.589564e-01 1.946013e+01 1.462104e-04 4.504464e-02
1.239748e-01 9.920400e-01 1.289636e+04 9.461593e-01 1.503213e+06 1.196219e+02 1.633992e-01 3.933554e+01 1.609420e-04 4.317966e-02
1.278400e-01 1.005068e+00 1.291239e+04 9.833295e-01 1.584045e+06 1.260543e+02 5.084689e-02 2.057186e+01 1.486383e-04 4.378008e-02
1.318257e-01 9.967690e-01 1.290532e+04 9.502163e-01 1.538255e+06 1.224104e+02 2.966984e-02 4.509072e+01 1.686189e-04 4.388469e-02
1.359356e-01 1.001480e+00 1.290715e+04 9.982182e-01 1.631919e+06 1.298640e+02 2.269163e-01 9.430333e+00 1.571639e-04 4.631500e-02
1.401737e-01 1.016385e+00 1.291324e+04 9.673644e-01 1.559509e+06 1.241018e+02 -5.514908e-02 2.517886e+01 1.596261e-04 4.367072e-02
1.445440e-01 1.030896e+00 1.291254e+04 9.619809e-01 1.618189e+06 1.287714e+02 -4.353962e-02 1.684209e+01 1.683214e-04 4.396651e-02
1.490505e-01 9.994748e-01 1.290377e+04 9.479942e-01 1.605453e+06 1.277579e+02 7.127622e-02 3.744947e+01 1.672155e-04 4.546203e-02
1.536975e-01 1.014032e+00 1.291977e+04 9.904395e-01 1.783277e+06 1.419087e+02 1.927356e-01 1.196394e+01 1.620808e-04 4.761734e-02
1.584893e-01 1.006066e+00 1.291068e+04 1.001830e+00 1.589013e+06 1.264496e+02 3.823493e-02 1.202929e+01 1.631501e-04 4.529799e-02
1.634306e-01 1.017924e+00 1.291384e+04 9.469869e-01 1.511673e+06 1.202951e+02 1.824177e-01 3.201068e+01 1.598618e-04 4.236347e-02
1.685259e-01 1.005878e+00 1.290298e+04 9.915825e-01 1.538369e+06 1.224195e+02 6.476520e-02 1.554663e+01 1.640539e-04 4.446018e-02
1.737801e-01 9.996674e-01 1.290750e+04 9.921585e-01 1.628576e+06 1.295980e+02 2.102765e-01 2.110529e+01 1.633212e-04 4.590740e-02
1.791981e-01 1.002093e+00 1.289549e+04 9.456721e-01 1.577992e+06 1.255726e+02 1.702168e-02 3.776162e+01 1.560526e-04 4.304793e-02
1.847850e-01 9.963908e-01 1.290023e+04 9.634158e-01 1.466224e+06 1.166784e+02 -6.936667e-02 3.045644e+01 1.536770e-04 4.178230e-02
1.905461e-01 9.907924e-01 1.290019e+04 9.884981e-01 1.628128e+06 1.295623e+02 6.358555e-02 2.264869e+01 1.671929e-04 4.662981e-02
1.964868e-01 1.008830e+00 1.291298e+04 1.043242e+00 1.764881e+06 1.404448e+02 2.230898e-01 2.445491e+01 1.735560e-04 4.871869e-02
2.026127e-01 1.006983e+00 1.290930e+04 9.746585e-01 1.486855e+06 1.183202e+02 8.825090e-02 3.146680e+01 1.660508e-04 4.248017e-02
2.089296e-01 1.011614e+00 1.291051e+04 9.124793e-01 1.458313e+06 1.160489e+02 2.130531e-02 1.340301e+01 1.529508e-04 3.925657e-02
2.154435e-01 9.902644e-01 1.290341e+04 9.617095e-01 1.583491e+06 1.260102e+02 7.233561e-02 2.507041e+01 1.460064e-04 4.531754e-02
2.221604e-01 1.006043e+00 1.291098e+04 9.259409e-01 1.462302e+06 1.163663e+02 2.535008e-03 3.002036e+01 1.530004e-04 4.028411e-02
2.290868e-01 9.922655e-01 1.289323e+04 9.871940e-01 1.521490e+06 1.210763e+02 1.089583e-01 1.653659e+01 1.620738e-04 4.662140e-02
2.362291e-01 1.004465e+00 1.290403e+04 9.642813e-01 1.607148e+06 1.278928e+02 -5.162498e-02 1.402198e+01 1.697770e-04 4.491947e-02
2.435940e-01 1.006778e+00 1.290548e+04 9.365255e-01 1.647615e+06 1.311130e+02 9.208840e-02 1.497378e+01 1.770256e-04 4.453382e-02
2.511886e-01 1.007728e+00 1.290325e+04 1.025694e+00 1.593487e+06 1.268056e+02 5.671479e-03 1.625876e+01 1.593792e-04 4.334279e-02
2.590200e-01 1.002382e+00 1.290384e+04 9.773735e-01 1.563743e+06 1.244387e+02 1.234090e-01 9.957225e+00 1.701649e-04 4.503612e-02
2.670956e-01 1.005974e+00 1.290111e+04 9.648521e-01 1.526348e+06 1.214629e+02 3.526432e-02 3.531166e+01 1.589602e-04 4.333285e-02
2.754229e-01 1.006358e+00 1.290479e+04 1.006015e+00 1.599112e+06 1.272533e+02 1.746565e-01 1.390670e+01 1.633917e-04 4.446059e-02
2.840098e-01 9.958483e-01 1.290116e+04 1.009339e+00 1.680176e+06 1.337041e+02 7.910477e-02 1.380524e+01 1.608637e-04 4.716537e-02
2.928645e-01 9.999548e-01 1.290501e+04 9.114244e-01 1.469267e+06 1.169206e+02 -2.208350e-02 1.938191e+01 1.647946e-04 4.173885e-02
3.019952e-01 1.003201e+00 1.289406e+04 9.271529e-01 1.553203e+06 1.235999e+02 6.281042e-02 5.363038e+01 1.624187e-04 4.496457e-02
3.114106e-01 1.000982e+00 1.290415e+04 9.815235e-01 1.654889e+06 1.316919e+02 7.586148e-02 1.404412e+01 1.642262e-04 4.808468e-02
3.211195e-01 1.005320e+00 1.290372e+04 9.318365e-01 1.534799e+06 1.221354e+02 3.904119e-02 3.559396e+01 1.623477e-04 4.369608e-02
3.311311e-01 1.012364e+00 1.290440e+04 9.426260e-01 1.603335e+06 1.275893e+02 -3.770085e-02 2.001240e+01 1.555758e-04 4.419304e-02
3.414549e-01 1.002382e+00 1.290677e+04 9.540589e-01 1.502915e+06 1.195982e+02 7.862172e-02 2.390589e+01 1.626944e-04 4.132968e-02
3.521005e-01 9.960696e-01 1.290179e+04 9.570094e-01 1.559494e+06 1.241006e+02 6.807670e-02 4.082217e+01 1.638799e-04 4.505040e-02
3.630781e-01 9.952254e-01 1.289967e+04 9.514556e-01 1.543081e+06 1.227945e+02 9.445398e-02 1.917887e+01 1.624422e-04 4.471307e-02
3.743978e-01 1.009530e+00 1.290191e+04 9.588719e-01 1.527107e+06 1.215233e+02 1.309259e-01 2.024370e+01 1.586315e-04 4.313128e-02
3.860705e-01 1.005547e+00 1.289847e+04 9.577266e-01 1.544233e+06 1.228861e+02 9.177067e-02 2.149196e+01 1.507963e-04 4.231255e-02
3.981072e-01 1.001428e+00 1.290731e+04 1.003729e+00 1.662024e+06 1.322597e+02 4.691327e-02 2.260864e+01 1.599108e-04 4.487239e-02
4.105191e-01 1.006275e+00 1.290363e+04 9.791541e-01 1.583344e+06 1.259985e+02 -4.516879e-03 3.745315e+01 1.682717e-04 4.717523e-02
4.233179e-01 9.940560e-01 1.289932e+04 9.810613e-01 1.608178e+06 1.279747e+02 2.310402e-01 1.604495e+01 1.495035e-04 4.593018e-02
4.365158e-01 1.014073e+00 1.290542e+04 9.850979e-01 1.589280e+06 1.264709e+02 3.845224e-02 3.289034e+01 1.657370e-04 4.396161e-02
4.501252e-01 9.997701e-01 1.290735e+04 9.415221e-01 1.556191e+06 1.238378e+02 8.048917e-02 3.586743e+01 1.611533e-04 4.439763e-02
4.641589e-01 9.918668e-01 1.289824e+04 1.009564e+00 1.653089e+06 1.315486e+02 -2.888724e-03 2.046985e+01 1.685854e-04 4.708651e-02
4.786301e-01 9.956473e-01 1.289417e+04 9.764962e-01 1.492328e+06 1.187557e+02 1.431542e-02 1.931530e+01 1.662671e-04 4.458313e-02
4.935525e-01 1.002797e+00 1.290404e+04 8.856121e-01 1.414328e+06 1.125487e+02 -2.733022e-02 1.340421e+01 1.571610e-04 4.005187e-02
5.089401e-01 1.002851e+00 1.289740e+04 9.695812e-01 1.647440e+06 1.310991e+02 1.765853e-01 1.003579e+01 1.561974e-04 4.548899e-02
5.248075e-01 9.987028e-01 1.290082e+04 9.735353e-01 1.616532e+06 1.286395e+02 1.305694e-01 2.387561e+01 1.709266e-04 4.569860e-02
5.411695e-01 1.009441e+00 1.290489e+04 9.163224e-01 1.531704e+06 1.218891e+02 5.575021e-02 8.352774e+01 1.576067e-04 4.252097e-02
5.580417e-01 1.007011e+00 1.290833e+04 9.296901e-01 1.580483e+06 1.257709e+02 -4.725444e-02 2.648494e+01 1.605723e-04 4.418886e-02
5.754399e-01 1.002583e+00 1.292146e+04 1.011790e+00 1.660801e+06 1.321623e+02 5.928340e-02 1.357481e+01 1.580783e-04 4.738837e-02
5.933806e-01 1.002927e+00 1.290412e+04 9.625078e-01 1.543806e+06 1.228522e+02 5.744935e-02 1.592931e+01 1.567983e-04 4.397186e-02
6.118806e-01 1.011540e+00 1.290246e+04 8.876024e-01 1.442453e+06 1.147868e+02 2.231881e-02 2.011387e+01 1.401219e-04 4.076987e-02
6.309573e-01 1.016231e+00 1.290496e+04 9.383235e-01 1.591793e+06 1.266709e+02 7.666544e-02 2.233925e+01 1.656560e-04 4.303171e-02
6.506289e-01 1.007324e+00 1.290121e+04 9.386289e-01 1.604214e+06 1.276593e+02 2.211515e-01 2.624730e+01 1.646101e-04 4.344850e-02
6.709137e-01 1.005775e+00 1.290020e+04 9.089037e-01 1.487012e+06 1.183326e+02 8.202787e-04 1.480969e+01 1.561003e-04 4.229341e-02
6.918310e-01 1.005271e+00 1.291094e+04 9.658331e-01 1.671724e+06 1.330315e+02 2.287202e-02 2.188099e+01 1.707130e-04 4.571497e-02
7.134004e-01 1.006083e+00 1.290882e+04 9.527208e-01 1.535201e+06 1.221674e+02 3.917786e-02 1.152292e+01 1.650315e-04 4.396453e-02
7.356423e-01 1.004380e+00 1.289209e+04 9.485565e-01 1.538149e+06 1.224020e+02 6.931961e-02 2.412772e+01 1.483042e-04 4.177643e-02
7.585776e-01 1.008159e+00 1.290623e+04 9.734628e-01 1.616025e+06 1.285992e+02 6.304596e-02 3.745035e+01 1.699411e-04 4.468715e-02
7.822280e-01 1.016092e+00 1.290410e+04 9.174545e-01 1.530266e+06 1.217747e+02 7.851270e-02 2.913936e+01 1.660145e-04 4.071658e-02
8.066157e-01 9.995096e-01 1.289830e+04 9.649629e-01 1.644089e+06 1.308325e+02 3.897482e-02 4.278043e+01 1.558266e-04 4.538365e-02
8.317638e-01 1.003775e+00 1.289729e+04 9.481215e-01 1.572019e+06 1.250973e+02 2.331756e-02 2.325689e+01 1.466923e-04 4.343997e-02
8.576959e-01 1.006689e+00 1.290324e+04 9.718323e-01 1.490767e+06 1.186314e+02 2.544510e-02 1.507234e+01 1.596032e-04 4.288383e-02
8.844365e-01 1.003292e+00 1.290085e+04 9.403885e-01 1.515381e+06 1.205902e+02 6.226223e-02 1.260046e+01 1.538007e-04 4.265741e-02
9.120108e-01 9.983294e-01 1.289538e+04 9.500527e-01 1.490863e+06 1.186391e+02 5.239321e-02 3.064113e+01 1.634246e-04 4.228610e-02
9.404449e-01 1.008467e+00 1.290786e+04 9.576858e-01 1.594751e+06 1.269062e+02 6.728484e-02 1.360761e+01 1.611877e-04 4.435848e-02
9.697654e-01 1.006407e+00 1.290443e+04 9.656991e-01 1.511045e+06 1.202451e+02 -4.741041e-02 1.348521e+01 1.629011e-04 4.310535e-02
1.000000e+00 9.993478e-01 1.290416e+04 9.615407e-01 1.573502e+06 1.252153e+02 5.635779e-02 1.395521e+01 1.516313e-04 4.497631e-02
1.031177e+00 1.001207e+00 1.290390e+04 9.521444e-01 1.554076e+06 1.236694e+02 1.403721e-01 1.262366e+01 1.455587e-04 4.265532e-02
1.063327e+00 1.018321e+00 1.290505e+04 9.786076e-01 1.667554e+06 1.326998e+02 1.312477e-01 1.142264e+01 1.606232e-04 4.473809e-02
1.096478e+00 9.967785e-01 1.289448e+04 1.014403e+00 1.610403e+06 1.281518e+02 2.925045e-02 1.355490e+01 1.647287e-04 4.558210e-02
1.130663e+00 1.014044e+00 1.290750e+04 1.035643e+00 1.621283e+06 1.290176e+02 2.083463e-01 1.244392e+01 1.628615e-04 4.644809e-02
1.165914e+00 9.984929e-01 1.290266e+04 9.755450e-01 1.524760e+06 1.213365e+02 1.090533e-01 1.311635e+01 1.465258e-04 4.309584e-02
1.202264e+00 1.006760e+00 1.289822e+04 9.707174e-01 1.655536e+06 1.317434e+02 6.980966e-02 2.002026e+01 1.635179e-04 4.637171e-02
1.239748e+00 1.022920e+00 1.290702e+04 1.016611e+00 1.600071e+06 1.273296e+02 1.543892e-01 1.139171e+01 1.644695e-04 4.396238e-02
1.278400e+00 1.004315e+00 1.289788e+04 9.615345e-01 1.562036e+06 1.243029e+02 1.332504e-01 3.098553e+01 1.704533e-04 4.378587e-02
1.318257e+00 1.013729e+00 1.289810e+04 9.667553e-01 1.615980e+06 1.285956e+02 6.945878e-02 3.936043e+01 1.634785e-04 4.363270e-02
1.359356e+00 1.005695e+00 1.290726e+04 9.626153e-01 1.593050e+06 1.267709e+02 7.381180e-02 2.241134e+01 1.582464e-04 4.358233e-02
1.401737e+00 1.018777e+00 1.291096e+04 9.050468e-01 1.409473e+06 1.121623e+02 1.795439e-01 3.011553e+01 1.583975e-04 3.887498e-02
1.445440e+00 1.013297e+00 1.290923e+04 9.836211e-01 1.714918e+06 1.364689e+02 7.341631e-02 1.589962e+01 1.559075e-04 4.716656e-02
1.490505e+00 1.015806e+00 1.289865e+04 9.162830e-01 1.478960e+06 1.176919e+02 1.417996e-01 2.318014e+01 1.486520e-04 4.121420e-02
1.536975e+00 1.015100e+00 1.290430e+04 9.694476e-01 1.636433e+06 1.302232e+02 3.745389e-02 2.701907e+01 1.590865e-04 4.425091e-02
1.584893e+00 1.012112e+00 1.289699e+04 9.527339e-01 1.571588e+06 1.250630e+02 8.004542e-02 2.363422e+01 1.541862e-04 4.391403e-02
1.634306e+00 1.022510e+00 1.290500e+04 9.747318e-01 1.654012e+06 1.316221e+02 5.367370e-02 2.037083e+01 1.659247e-04 4.368139e-02
1.685259e+00 1.028019e+00 1.291007e+04 9.857817e-01 1.742198e+06 1.386397e+02 1.011223e-01 2.664919e+01 1.751243e-04 4.873991e-02
1.737801e+00 1.019163e+00 1.291163e+04 9.997668e-01 1.595095e+06 1.269336e+02 3.977782e-02 7.051267e+01 1.582383e-04 4.216275e-02
1.791981e+00 1.014097e+00 1.290392e+04 9.581931e-01 1.584334e+06 1.260773e+02 -4.016030e-02 2.533297e+01 1.511145e-04 4.218567e-02
1.847850e+00 1.023771e+00 1.290074e+04 9.529204e-01 1.553767e+06 1.236448e+02 -1.614848e-02 9.971152e+00 1.638466e-04 4.251685e-02
1.905461e+00 1.016413e+00 1.290205e+04 9.668817e-01 1.596163e+06 1.270186e+02 4.520780e-02 1.806147e+01 1.520193e-04 4.351245e-02
1.964868e+00 1.030092e+00 1.291002e+04 9.791599e-01 1.589705e+06 1.265047e+02 2.616000e-01 2.304974e+01 1.727978e-04 4.300441e-02
2.026127e+00 1.023265e+00 1.290496e+04 9.017065e-01 1.491613e+06 1.186988e+02 7.739534e-02 1.460240e+01 1.507587e-04 4.005416e-02
2.089296e+00 1.039226e+00 1.291115e+04 9.109224e-01 1.525943e+06 1.214307e+02 -1.621552e-03 2.335953e+01 1.563777e-04 4.016820e-02
2.154435e+00 1.029577e+00 1.290359e+04 9.712269e-01 1.597071e+06 1.270909e+02 1.275728e-01 1.129693e+01 1.550924e-04 4.259755e-02
2.221604e+00 1.033151e+00 1.290649e+04 9.635939e-01 1.542591e+06 1.227555e+02 5.202476e-02 1.219337e+01 1.571244e-04 4.204058e-02
2.290868e+00 1.036133e+00 1.290982e+04 9.514996e-01 1.510905e+06 1.202340e+02 5.065205e-02 2.162237e+01 1.574878e-04 3.997502e-02
2.362291e+00 1.024460e+00 1.290708e+04 9.398424e-01 1.468811e+06 1.168842e+02 5.302940e-02 1.278652e+01 1.521849e-04 4.076816e-02
2.435940e+00 1.037856e+00 1.290796e+04 9.126018e-01 1.444512e+06 1.149506e+02 -6.759067e-03 1.355920e+01 1.600958e-04 3.823753e-02
2.511886e+00 1.050230e+00 1.290888e+04 1.076287e+00 1.672979e+06 1.331314e+02 1.125254e-01 2.180609e+01 1.751408e-04 4.437930e-02
2.590200e+00 1.032843e+00 1.289705e+04 9.859430e-01 1.565702e+06 1.245946e+02 5.048559e-02 2.135166e+01 1.642795e-04 4.250088e-02
2.670956e+00 1.025177e+00 1.290352e+04 9.559799e-01 1.515048e+06 1.205637e+02 3.775159e-02 1.428451e+01 1.434411e-04 4.092713e-02
2.754229e+00 1.043657e+00 1.290886e+04 9.837210e-01 1.659350e+06 1.320469e+02 7.194301e-02 2.232180e+01 1.710392e-04 4.388285e-02
2.840098e+00 1.045683e+00 1.289674e+04 9.251872e-01 1.535865e+06 1.222202e+02 2.384543e-02 2.341574e+01 1.689072e-04 3.954464e-02
2.928645e+00 1.056048e+00 1.290474e+04 9.408268e-01 1.562713e+06 1.243568e+02 -9.610849e-03 1.527100e+01 1.471483e-04 3.906561e-02
3.019952e+00 1.040061e+00 1.290170e+04 9.560580e-01 1.631354e+06 1.298190e+02 7.342492e-03 1.941609e+01 1.557628e-04 4.189436e-02
3.114106e+00 1.050435e+00 1.290566e+04 9.121071e-01 1.424108e+06 1.133269e+02 8.606143e-02 1.529524e+01 1.541005e-04 3.842359e-02
3.211195e+00 1.049389e+00 1.290704e+04 1.042089e+00 1.642227e+06 1.306843e+02 4.735863e-02 1.248251e+01 1.565746e-04 4.226998e-02
3.311311e+00 1.053338e+00 1.289911e+04 1.002877e+00 1.586160e+06 1.262226e+02 3.656377e-02 1.186965e+01 1.612412e-04 4.191383e-02
3.414549e+00 1.063617e+00 1.290946e+04 9.554743e-01 1.550392e+06 1.233763e+02 5.398230e-02 1.173354e+01 1.635314e-04 3.953439e-02
3.521005e+00 1.056519e+00 1.290668e+04 9.006124e-01 1.437008e+06 1.143535e+02 7.142798e-02 2.632027e+01 1.501359e-04 3.570547e-02
3.630781e+00 1.069136e+00 1.290306e+04 1.028886e+00 1.676979e+06 1.334498e+02 1.072053e-01 2.170717e+01 1.754575e-04 4.194122e-02
3.743978e+00 1.056668e+00 1.290455e+04 9.780480e-01 1.570364e+06 1.249656e+02 3.750502e-02 1.628625e+01 1.592935e-04 4.087842e-02
3.860705e+00 1.050955e+00 1.289943e+04 9.437461e-01 1.563992e+06 1.244585e+02 4.269157e-02 2.116851e+01 1.550086e-04 3.978104e-02
3.981072e+00 1.077408e+00 1.290370e+04 9.621792e-01 1.571624e+06 1.250659e+02 2.666811e-01 3.876307e+01 1.576559e-04 3.896922e-02
4.105191e+00 1.069070e+00 1.290725e+04 9.821456e-01 1.607118e+06 1.278904e+02 9.466076e-02 1.600284e+01 1.573249e-04 4.092100e-02
4.233179e+00 1.073237e+00 1.289269e+04 8.817956e-01 1.506954e+06 1.199196e+02 1.225996e-01 2.535492e+01 1.615631e-04 3.740964e-02
4.365158e+00 1.083875e+00 1.290884e+04 9.183439e-01 1.551329e+06 1.234508e+02 9.067972e-02 1.250608e+01 1.513393e-04 3.645569e-02
4.501252e+00 1.091817e+00 1.290979e+04 9.087217e-01 1.446962e+06 1.151456e+02 -1.414558e-02 2.136799e+01 1.563334e-04 3.503226e-02
4.641589e+00 1.098261e+00 1.291408e+04 9.776774e-01 1.581798e+06 1.258755e+02 -6.194381e-05 1.475948e+01 1.594804e-04 3.764037e-02
4.786301e+00 1.096930e+00 1.290681e+04 9.430631e-01 1.472942e+06 1.172130e+02 1.399597e-01 1.383910e+01 1.679927e-04 3.538696e-02
4.935525e+00 1.105500e+00 1.290407e+04 1.000725e+00 1.601478e+06 1.274416e+02 1.747209e-01 1.481496e+01 1.461848e-04 3.711124e-02
5.089401e+00 1.102169e+00 1.290534e+04 9.897212e-01 1.568704e+06 1.248335e+02 -2.091831e-02 1.729967e+01 1.644245e-04 3.651866e-02
5.248075e+00 1.112631e+00 1.290538e+04 1.014796e+00 1.571361e+06 1.250449e+02 5.288009e-02 1.334452e+01 1.608447e-04 3.672910e-02
5.411695e+00 1.117394e+00 1.291293e+04 9.557380e-01 1.508068e+06 1.200082e+02 5.421170e-02 1.495027e+01 1.675125e-04 3.551630e-02
5.580417e+00 1.125169e+00 1.291245e+04 9.444921e-01 1.609247e+06 1.280598e+02 6.799544e-02 1.269838e+01 1.470772e-04 3.481144e-02
5.754399e+00 1.113985e+00 1.289815e+04 9.604657e-01 1.482832e+06 1.180000e+02 1.003992e-01 1.379241e+01 1.530076e-04 3.456546e-02
5.933806e+00 1.136314e+00 1.290405e+04 9.633825e-01 1.562987e+06 1.243786e+02 4.080233e-02 1.270083e+01 1.595170e-04 3.401336e-02
6.118806e+00 1.141232e+00 1.291300e+04 9.829140e-01 1.494746e+06 1.189481e+02 7.341823e-02 2.165882e+01 1.697762e-04 3.318705e-02
6.309573e+00 1.130595e+00 1.290457e+04 9.370316e-01 1.602232e+06 1.275015e+02 8.348989e-02 2.156459e+01 1.591397e-04 3.469610e-02
6.506289e+00 1.137802e+00 1.290541e+04 9.470821e-01 1.558690e+06 1.240366e+02 7.970334e-02 2.077627e+01 1.519381e-04 3.367436e-02
6.709137e+00 1.130383e+00 1.290405e+04 9.359748e-01 1.621713e+06 1.290518e+02 1.695758e-02 1.226204e+01 1.527438e-04 3.577041e-02
6.918310e+00 1.152661e+00 1.291044e+04 9.499045e-01 1.537543e+06 1.223538e+02 7.208151e-02 3.233703e+01 1.584469e-04 3.300408e-02
7.134004e+00 1.174850e+00 1.291007e+04 1.016156e+00 1.703012e+06 1.355214e+02 2.181813e-01 3.450417e+01 1.717882e-04 3.487391e-02
7.356423e+00 1.171622e+00 1.291188e+04 9.625989e-01 1.535385e+06 1.221821e+02 5.495957e-02 2.373046e+01 1.606293e-04 3.314277e-02
7.585776e+00 1.182738e+00 1.291175e+04 9.195730e-01 1.522882e+06 1.211871e+02 5.388803e-02 1.431868e+01 1.653055e-04 2.997164e-02
7.822280e+00 1.183582e+00 1.291728e+04 9.430760e-01 1.590439e+06 1.265631e+02 6.840611e-02 5.265509e+01 1.736780e-04 3.242414e-02
8.066157e+00 1.187577e+00 1.290133e+04 9.623930e-01 1.521707e+06 1.210936e+02 3.565882e-02 1.842768e+01 1.771353e-04 3.088280e-02
8.317638e+00 1.198160e+00 1.291107e+04 9.738596e-01 1.688544e+06 1.343701e+02 2.192324e-01 2.233096e+01 1.796851e-04 3.436211e-02
8.576959e+00 1.197033e+00 1.290513e+04 9.432132e-01 1.558711e+06 1.240383e+02 -1.020700e-02 2.792581e+01 1.643934e-04 3.011535e-02
8.844365e+00 1.200395e+00 1.291819e+04 9.897763e-01 1.530591e+06 1.218006e+02 8.289293e-02 1.246620e+01 1.559599e-04 3.073095e-02
9.120108e+00 1.201869e+00 1.290374e+04 1.028050e+00 1.717506e+06 1.366748e+02 2.993067e-02 3.189638e+01 1.696754e-04 3.330316e-02
9.404449e+00 1.214980e+00 1.290807e+04 9.881839e-01 1.535036e+06 1.221543e+02 6.898015e-02 1.376626e+01 1.644354e-04 2.964374e-02
9.697654e+00 1.225687e+00 1.290549e+04 9.266955e-01 1.524624e+06 1.213257e+02 -2.812324e-02 2.420482e+01 1.637243e-04 2.870123e-02
1.000000e+01 1.234269e+00 1.290998e+04 9.659791e-01 1.594328e+06 1.268726e+02 1.972422e-01 1.846850e+01 1.569587e-04 2.994259e-02
1.031177e+01 1.240145e+00 1.290401e+04 9.501907e-01 1.547032e+06 1.231089e+02 4.645272e-02 1.705721e+01 1.659922e-04 2.889717e-02
1.063327e+01 1.240032e+00 1.290651e+04 1.002974e+00 1.612336e+06 1.283057e+02 2.446742e-02 1.705727e+01 1.724002e-04 2.976304e-02
1.096478e+01 1.250442e+00 1.290807e+04 9.445482e-01 1.501309e+06 1.194704e+02 1.390610e-01 1.339079e+01 1.549927e-04 2.812084e-02
1.130663e+01 1.265568e+00 1.291608e+04 9.458933e-01 1.567585e+06 1.247444e+02 1.724359e-01 2.154211e+01 1.626798e-04 2.742656e-02
1.165914e+01 1.263636e+00 1.291339e+04 9.061936e-01 1.421198e+06 1.130954e+02 1.309932e-01 2.026101e+01 1.520134e-04 2.488484e-02
1.202264e+01 1.277434e+00 1.290913e+04 9.476257e-01 1.488628e+06 1.184613e+02 1.215746e-01 1.522819e+01 1.570363e-04 2.594993e-02
1.239748e+01 1.267742e+00 1.290006e+04 9.383638e-01 1.453155e+06 1.156384e+02 1.012551e-01 1.761979e+01 1.562063e-04 2.626620e-02
1.278400e+01 1.297921e+00 1.291473e+04 9.466837e-01 1.520552e+06 1.210017e+02 6.044207e-02 1.426290e+01 1.600809e-04 2.619630e-02
1.318257e+01 1.300803e+00 1.291164e+04 9.920027e-01 1.593491e+06 1.268060e+02 2.852974e-01 3.577396e+01 1.692500e-04 2.698599e-02
1.359356e+01 1.317564e+00 1.292168e+04 9.384230e-01 1.565179e+06 1.245530e+02 3.585198e-02 2.083944e+01 1.595207e-04 2.592484e-02
1.401737e+01 1.310385e+00 1.291347e+04 9.876948e-01 1.568836e+06 1.248440e+02 1.495595e-01 1.515644e+01 1.496601e-04 2.547283e-02
1.445440e+01 1.310456e+00 1.290113e+04 9.946146e-01 1.637223e+06 1.302861e+02 1.188651e-01 1.641720e+01 1.681607e-04 2.689576e-02
1.490505e+01 1.325368e+00 1.290257e+04 9.467301e-01 1.563138e+06 1.243906e+02 1.053590e-01 3.364603e+01 1.641845e-04 2.495570e-02
1.536975e+01 1.329434e+00 1.290505e+04 9.713111e-01 1.503678e+06 1.196589e+02 1.784424e-01 1.411130e+01 1.534700e-04 2.379079e-02
1.584893e+01 1.342828e+00 1.290956e+04 9.084096e-01 1.416270e+06 1.127032e+02 1.033382e-01 9.983660e+00 1.545966e-04 2.211834e-02
1.634306e+01 1.343548e+00 1.291306e+04 9.922882e-01 1.606492e+06 1.278406e+02 1.699438e-01 1.549946e+01 1.509894e-04 2.544025e-02
1.685259e+01 1.350251e+00 1.290469e+04 9.488657e-01 1.542648e+06 1.227600e+02 1.308631e-01 1.637500e+01 1.496927e-04 2.361492e-02
1.737801e+01 1.367298e+00 1.291380e+04 1.059017e+00 1.726634e+06 1.374012e+02 7.483991e-02 1.659921e+01 1.729208e-04 2.688955e-02
1.791981e+01 1.389543e+00 1.290803e+04 9.598529e-01 1.472671e+06 1.171915e+02 -8.010508e-03 1.448365e+01 1.546606e-04 2.191266e-02
1.847850e+01 1.394704e+00 1.291437e+04 9.339785e-01 1.474921e+06 1.173705e+02 4.490944e-02 1.483592e+01 1.636375e-04 2.152583e-02
1.905461e+01 1.386053e+00 1.291516e+04 9.398317e-01 1.597657e+06 1.271375e+02 1.349164e-01 2.106342e+01 1.620155e-04 2.259888e-02
1.964868e+01 1.403554e+00 1.291513e+04 9.881534e-01 1.589600e+06 1.264963e+02 5.524808e-02 2.132113e+01 1.459927e-04 2.252961e-02
2.026127e+01 1.408881e+00 1.290874e+04 9.560197e-01 1.553748e+06 1.236433e+02 1.226485e-01 1.714732e+01 1.607873e-04 2.159825e-02
2.089296e+01 1.410665e+00 1.291808e+04 1.003566e+00 1.594157e+06 1.268590e+02 5.830088e-02 1.448981e+01 1.630329e-04 2.298695e-02
2.154435e+01 1.421238e+00 1.290310e+04 1.086672e+00 1.690724e+06 1.345435e+02 1.144740e-01 1.408035e+01 1.654235e-04 2.352808e-02
2.221604e+01 1.433167e+00 1.291507e+04 1.009489e+00 1.598034e+06 1.271675e+02 7.769483e-02 2.420682e+01 1.633279e-04 2.208347e-02
2.290868e+01 1.443334e+00 1.291121e+04 9.217755e-01 1.446099e+06 1.150769e+02 1.466810e-01 2.421666e+01 1.557410e-04 2.021267e-02
2.362291e+01 1.443311e+00 1.290998e+04 9.519203e-01 1.468572e+06 1.168653e+02 1.416542e-01 3.768992e+01 1.733077e-04 1.994344e-02
2.435940e+01 1.457016e+00 1.291623e+04 9.347806e-01 1.583270e+06 1.259926e+02 6.321398e-02 1.013430e+01 1.638228e-04 2.059086e-02
2.511886e+01 1.464895e+00 1.291424e+04 9.782872e-01 1.542868e+06 1.227775e+02 4.742631e-02 1.258833e+01 1.548807e-04 2.107568e-02
2.590200e+01 1.477075e+00 1.291374e+04 9.108905e-01 1.454965e+06 1.157824e+02 8.798812e-02 1.989167e+01 1.645792e-04 1.916574e-02
2.670956e+01 1.472125e+00 1.292615e+04 9.984866e-01 1.523494e+06 1.212358e+02 6.254611e-06 2.781824e+01 1.566649e-04 1.969719e-02
2.754229e+01 1.478364e+00 1.291206e+04 9.476434e-01 1.501032e+06 1.194483e+02 5.069911e-02 1.699984e+01 1.519830e-04 1.940688e-02
2.840098e+01 1.492329e+00 1.291549e+04 9.668195e-01 1.544167e+06 1.228809e+02 6.722920e-02 1.828057e+01 1.571109e-04 1.980345e-02
2.928645e+01 1.487458e+00 1.290534e+04 1.055571e+00 1.578667e+06 1.256263e+02 7.716990e-02 2.692169e+01 1.898798e-04 2.073557e-02
3.019952e+01 1.500172e+00 1.291999e+04 9.420715e-01 1.507207e+06 1.199397e+02 1.735450e-01 1.313703e+01 1.555473e-04 1.899118e-02
3.114106e+01 1.512304e+00 1.291719e+04 9.949096e-01 1.577853e+06 1.255615e+02 3.844610e-03 2.752817e+01 1.519870e-04 1.985120e-02
3.211195e+01 1.512470e+00 1.291373e+04 1.004385e+00 1.559073e+06 1.240670e+02 1.224021e-01 1.648980e+01 1.645164e-04 1.922335e-02
3.311311e+01 1.529286e+00 1.291470e+04 9.973403e-01 1.564070e+06 1.244647e+02 1.917369e-02 1.811820e+01 1.631954e-04 1.885308e-02
3.414549e+01 1.523747e+00 1.291252e+04 1.067542e+00 1.608439e+06 1.279955e+02 5.445583e-02 2.338059e+01 1.672040e-04 2.006353e-02
3.521005e+01 1.538652e+00 1.291783e+04 8.839390e-01 1.400524e+06 1.114501e+02 4.313046e-02 1.410597e+01 1.602796e-04 1.680886e-02
3.630781e+01 1.553197e+00 1.292967e+04 9.460240e-01 1.392852e+06 1.108397e+02 -6.827842e-02 1.952099e+01 1.571905e-04 1.636440e-02
3.743978e+01 1.548809e+00 1.292401e+04 9.614135e-01 1.507116e+06 1.199325e+02 1.730608e-01 2.496495e+01 1.727305e-04 1.710309e-02
3.860705e+01 1.550542e+00 1.291347e+04 1.025850e+00 1.537206e+06 1.223270e+02 5.932503e-03 1.571598e+01 1.609715e-04 1.850332e-02
3.981072e+01 1.574246e+00 1.292683e+04 1.013257e+00 1.507356e+06 1.199516e+02 1.479166e-01 3.951081e+01 1.540479e-04 1.744281e-02
4.105191e+01 1.569757e+00 1.292010e+04 1.002877e+00 1.501944e+06 1.195209e+02 1.098192e-01 3.388908e+01 1.504880e-04 1.716442e-02
4.233179e+01 1.576448e+00 1.292168e+04 9.533743e-01 1.537181e+06 1.223250e+02 8.486487e-02 1.185968e+01 1.557169e-04 1.679132e-02
4.365158e+01 1.589020e+00 1.291939e+04 9.454724e-01 1.436622e+06 1.143228e+02 2.926838e-02 2.262874e+01 1.513069e-04 1.638255e-02
4.501252e+01 1.594354e+00 1.292619e+04 9.868613e-01 1.488735e+06 1.184698e+02 1.277448e-01 1.562950e+01 1.639674e-04 1.648686e-02
4.641589e+01 1.609812e+00 1.293270e+04 1.004154e+00 1.479156e+06 1.177075e+02 2.760811e-02 2.141245e+01 1.685998e-04 1.609295e-02
4.786301e+01 1.600368e+00 1.293204e+04 9.319888e-01 1.428509e+06 1.136772e+02 5.226618e-02 1.885675e+01 1.556634e-04 1.577316e-02
4.935525e+01 1.615878e+00 1.292686e+04 9.460476e-01 1.397661e+06 1.112224e+02 3.039256e-02 2.057982e+01 1.555560e-04 1.582382e-02
5.089401e+01 1.617333e+00 1.293105e+04 1.043434e+00 1.644846e+06 1.308927e+02 9.452942e-02 2.241595e+01 1.597671e-04 1.778521e-02
5.248075e+01 1.625915e+00 1.294160e+04 9.757881e-01 1.489882e+06 1.185611e+02 7.237832e-02 1.462660e+01 1.508020e-04 1.597720e-02
5.411695e+01 1.631743e+00 1.293415e+04 9.749060e-01 1.485554e+06 1.182167e+02 2.428513e-01 1.361903e+01 1.624567e-04 1.572439e-02
5.580417e+01 1.645753e+00 1.293552e+04 8.782866e-01 1.317855e+06 1.048716e+02 7.679285e-02 4.031897e+01 1.569570e-04 1.444322e-02
5.754399e+01 1.640243e+00 1.293681e+04 1.042802e+00 1.561383e+06 1.242509e+02 1.510781e-01 1.905196e+01 1.667415e-04 1.667128e-02
5.933806e+01 1.654515e+00 1.293376e+04 1.020701e+00 1.535201e+06 1.221674e+02 1.960699e-01 1.273660e+01 1.696098e-04 1.629419e-02
6.118806e+01 1.647800e+00 1.294026e+04 9.657173e-01 1.437787e+06 1.144155e+02 2.147547e-01 1.312921e+01 1.619403e-04 1.477386e-02
6.309573e+01 1.663988e+00 1.294620e+04 9.607396e-01 1.472812e+06 1.172026e+02 8.031882e-02 1.188923e+01 1.539472e-04 1.475919e-02
6.506289e+01 1.667204e+00 1.294842e+04 9.878035e-01 1.600726e+06 1.273817e+02 1.026581e-01 1.902813e+01 1.591704e-04 1.552685e-02
6.709137e+01 1.677743e+00 1.294823e+04 9.801933e-01 1.455086e+06 1.157921e+02 1.666241e-01 1.121371e+01 1.647460e-04 1.468516e-02
6.918310e+01 1.674548e+00 1.294175e+04 1.007772e+00 1.568824e+06 1.248430e+02 1.067254e-01 3.178395e+01 1.567613e-04 1.521849e-02
7.134004e+01 1.684621e+00 1.293921e+04 1.003868e+00 1.368944e+06 1.089371e+02 2.148446e-01 1.366653e+01 1.620571e-04 1.412482e-02
7.356423e+01 1.691210e+00 1.294719e+04 9.490166e-01 1.414577e+06 1.125685e+02 3.361858e-02 2.008127e+01 1.547226e-04 1.389947e-02
7.585776e+01 1.695127e+00 1.293666e+04 9.680774e-01 1.420274e+06 1.130218e+02 5.295558e-02 1.529071e+01 1.586151e-04 1.440000e-02
7.822280e+01 1.699821e+00 1.294896e+04 9.422583e-01 1.315957e+06 1.047205e+02 1.214055e-01 1.957310e+01 1.478453e-04 1.263849e-02
8.066157e+01 1.732877e+00 1.297129e+04 1.051534e+00 1.472996e+06 1.172173e+02 3.820385e-02 1.849901e+01 1.600558e-04 1.391707e-02
8.317638e+01 1.730766e+00 1.296702e+04 1.018977e+00 1.551417e+06 1.234578e+02 1.320916e-01 2.995358e+01 1.616178e-04 1.503000e-02
8.576959e+01 1.725251e+00 1.296070e+04 9.632807e-01 1.388241e+06 1.104727e+02 -6.541770e-03 2.655745e+01 1.532188e-04 1.337737e-02
8.844365e+01 1.745961e+00 1.297899e+04 9.123764e-01 1.320256e+06 1.050626e+02 1.698087e-01 1.980422e+01 1.646247e-04 1.212720e-02
9.120108e+01 1.750422e+00 1.296617e+04 9.656300e-01 1.325578e+06 1.054861e+02 -1.771812e-02 2.331851e+01 1.559208e-04 1.242925e-02
9.404449e+01 1.750191e+00 1.296582e+04 9.411033e-01 1.354903e+06 1.078197e+02 1.597755e-01 9.746965e+00 1.598102e-04 1.219595e-02
9.697654e+01 1.751613e+00 1.297418e+04 9.480772e-01 1.275023e+06 1.014631e+02 1.249446e-01 1.956293e+01 1.453689e-04 1.198831e-02
1.000000e+02 1.760774e+00 1.297574e+04 9.836181e-01 1.441978e+06 1.147490e+02 8.216800e-02 1.168987e+01 1.613435e-04 1.297878e-02
1.031177e+02 1.773815e+00 1.298155e+04 1.000755e+00 1.425182e+06 1.134124e+02 1.412747e-01 1.999682e+01 1.716961e-04 1.299047e-02
1.063327e+02 1.782186e+00 1.298645e+04 1.007301e+00 1.341677e+06 1.067673e+02 1.175179e-01 1.044805e+01 1.655127e-04 1.209408e-02
1.096478e+02 1.782332e+00 1.298630e+04 9.838153e-01 1.346967e+06 1.071882e+02 3.916938e-02 1.292307e+01 1.700646e-04 1.230722e-02
1.130663e+02 1.785881e+00 1.298675e+04 9.309011e-01 1.274335e+06 1.014084e+02 1.479479e-01 1.505415e+01 1.529788e-04 1.127719e-02
1.165914e+02 1.807321e+00 1.298871e+04 9.427187e-01 1.354871e+06 1.078172e+02 9.267329e-02 1.089476e+01 1.582384e-04 1.126600e-02
1.202264e+02 1.814570e+00 1.299570e+04 9.555674e-01 1.277192e+06 1.016357e+02 3.671536e-01 1.400287e+01 1.639580e-04 1.115549e-02
1.239748e+02 1.823069e+00 1.301077e+04 9.877907e-01 1.338960e+06 1.065510e+02 1.736237e-01 1.766360e+01 1.527127e-04 1.151631e-02
1.278400e+02 1.831166e+00 1.300954e+04 9.169237e-01 1.223178e+06 9.733743e+01 1.367967e-01 1.573601e+01 1.537326e-04 1.060928e-02
1.318257e+02 1.835463e+00 1.301271e+04 9.442064e-01 1.308380e+06 1.041176e+02 9.637529e-02 2.339261e+01 1.699048e-04 1.091509e-02
1.359356e+02 1.847464e+00 1.301813e+04 9.295846e-01 1.210021e+06 9.629040e+01 -1.866386e-02 2.288580e+01 1.627197e-04 1.029000e-02
1.401737e+02 1.864967e+00 1.303269e+04 9.801805e-01 1.236277e+06 9.837980e+01 6.257025e-03 1.228549e+01 1.594424e-04 1.039651e-02
1.445440e+02 1.868666e+00 1.303393e+04 1.011130e+00 1.356427e+06 1.079410e+02 -1.349655e-03 1.518432e+01 1.659253e-04 1.107856e-02
1.490505e+02 1.888719e+00 1.304353e+04 9.542942e-01 1.309295e+06 1.041904e+02 1.137268e-01 1.101431e+01 1.616499e-04 1.027613e-02
1.536975e+02 1.894955e+00 1.304550e+04 9.929448e-01 1.274789e+06 1.014445e+02 2.656116e-01 8.485921e+00 1.635116e-04 9.969631e-03
1.584893e+02 1.897723e+00 1.305881e+04 9.148637e-01 1.171090e+06 9.319237e+01 9.619678e-02 1.427522e+01 1.487507e-04 9.226426e-03
1.634306e+02 1.913678e+00 1.306095e+04 9.990757e-01 1.253094e+06 9.971808e+01 -1.222307e-02 2.170020e+01 1.564101e-04 9.720340e-03
1.685259e+02 1.931107e+00 1.307220e+04 9.505984e-01 1.194094e+06 9.502301e+01 1.604034e-01 2.440879e+01 1.592306e-04 9.007828e-03
1.737801e+02 1.954633e+00 1.307878e+04 9.056240e-01 1.158402e+06 9.218270e+01 2.090943e-01 1.055616e+01 1.522538e-04 8.653795e-03
1.791981e+02 1.957904e+00 1.309208e+04 9.735539e-01 1.175512e+06 9.354426e+01 2.099981e-02 2.320038e+01 1.580965e-04 8.661610e-03
1.847850e+02 1.960624e+00 1.309682e+04 9.833282e-01 1.310768e+06 1.043076e+02 7.572587e-02 2.053020e+01 1.723529e-04 9.221056e-03
1.905461e+02 1.978521e+00 1.310467e+04 8.892004e-01 1.153049e+06 9.175672e+01 -7.127773e-02 1.243628e+01 1.617100e-04 8.178565e-03
1.964868e+02 2.005167e+00 1.312087e+04 9.877034e-01 1.115495e+06 8.876831e+01 3.207892e-02 9.636698e+00 1.466470e-04 8.048469e-03
2.026127e+02 2.011753e+00 1.312750e+04 9.835999e-01 1.304860e+06 1.038375e+02 1.173157e-01 1.640608e+01 1.590840e-04 9.274204e-03
2.089296e+02 2.031268e+00 1.314525e+04 9.955740e-01 1.171014e+06 9.318633e+01 1.259803e-01 1.131314e+01 1.644732e-04 8.198473e-03
2.154435e+02 2.047796e+00 1.315861e+04 9.468381e-01 1.200423e+06 9.552662e+01 1.176405e-01 2.449580e+01 1.543805e-04 7.820049e-03
2.221604e+02 2.068208e+00 1.317425e+04 9.144177e-01 1.172336e+06 9.329155e+01 4.669116e-02 4.590641e+01 1.538597e-04 7.636434e-03
2.290868e+02 2.079374e+00 1.318494e+04 9.909823e-01 1.160907e+06 9.238201e+01 1.001003e-01 1.256315e+01 1.572825e-04 7.581511e-03
2.362291e+02 2.110570e+00 1.320570e+04 1.016428e+00 1.193822e+06 9.500135e+01 9.436043e-02 2.153221e+01 1.500210e-04 7.550524e-03
2.435940e+02 2.125412e+00 1.321212e+04 9.813555e-01 1.218496e+06 9.696485e+01 1.187324e-01 1.349177e+01 1.612566e-04 7.485663e-03
2.511886e+02 2.143242e+00 1.322873e+04 9.747981e-01 1.204756e+06 9.587144e+01 -7.614015e-03 1.577018e+01 1.567933e-04 7.375450e-03
2.590200e+02 2.164876e+00 1.326020e+04 1.000311e+00 1.129661e+06 8.989559e+01 1.060016e-02 7.598775e+00 1.623654e-04 6.949615e-03
2.670956e+02 2.170218e+00 1.326993e+04 9.589776e-01 1.051124e+06 8.364578e+01 8.503460e-02 2.194329e+01 1.477390e-04 6.286530e-03
2.754229e+02 2.198855e+00 1.328966e+04 9.490989e-01 1.146384e+06 9.122633e+01 7.233374e-02 2.017963e+01 1.637620e-04 6.682099e-03
2.840098e+02 2.228697e+00 1.331530e+04 9.939655e-01 1.166853e+06 9.285524e+01 -8.065828e-03 1.117729e+01 1.549379e-04 6.815094e-03
2.928645e+02 2.240270e+00 1.333957e+04 9.942016e-01 1.127332e+06 8.971020e+01 3.684662e-02 1.063630e+01 1.530648e-04 6.285069e-03
3.019952e+02 2.282091e+00 1.336751e+04 1.004104e+00 1.147403e+06 9.130742e+01 6.469253e-02 1.305702e+01 1.505236e-04 6.188627e-03
3.114106e+02 2.300794e+00 1.339581e+04 9.938093e-01 1.081347e+06 8.605089e+01 9.912584e-02 8.973877e+00 1.499914e-04 5.794865e-03
3.211195e+02 2.321825e+00 1.341397e+04 9.391166e-01 1.076104e+06 8.563359e+01 1.610608e-01 1.225468e+01 1.554129e-04 5.477818e-03
3.311311e+02 2.349999e+00 1.345138e+04 8.758487e-01 9.537351e+05 7.589583e+01 6.584356e-02 3.368737e+01 1.532702e-04 4.959192e-03
3.414549e+02 2.381625e+00 1.348343e+04 9.545215e-01 1.028137e+06 8.181654e+01 -3.004129e-02 1.502583e+01 1.551051e-04 5.172108e-03
3.521005e+02 2.402355e+00 1.351148e+04 9.884849e-01 1.040296e+06 8.278413e+01 1.048278e-01 3.608571e+01 1.590876e-04 5.238819e-03
3.630781e+02 2.440820e+00 1.355261e+04 9.570119e-01 1.002692e+06 7.979168e+01 9.998813e-02 1.345552e+01 1.497904e-04 4.868835e-03
3.743978e+02 2.472394e+00 1.359746e+04 9.409880e-01 9.990637e+05 7.950296e+01 2.733361e-02 1.986089e+01 1.448618e-04 4.627561e-03
3.860705e+02 2.502548e+00 1.362928e+04 9.750997e-01 1.022217e+06 8.134546e+01 3.794805e-02 1.122207e+01 1.550599e-04 4.583380e-03
3.981072e+02 2.541913e+00 1.367630e+04 1.030976e+00 1.056044e+06 8.403730e+01 6.157330e-02 8.636787e+00 1.513521e-04 4.598196e-03
4.105191e+02 2.564674e+00 1.371893e+04 9.387505e-01 9.295019e+05 7.396741e+01 6.962359e-03 1.436400e+01 1.358128e-04 4.065672e-03
4.233179e+02 2.620845e+00 1.377119e+04 9.386834e-01 9.528533e+05 7.582566e+01 9.439108e-02 4.404038e+01 1.358500e-04 3.907338e-03
4.365158e+02 2.649157e+00 1.383012e+04 9.857525e-01 1.029546e+06 8.192867e+01 -7.340118e-02 3.270585e+01 1.490413e-04 4.248481e-03
4.501252e+02 2.683703e+00 1.388373e+04 9.078367e-01 9.108318e+05 7.248169e+01 8.009451e-02 2.289243e+01 1.474957e-04 3.616445e-03
4.641589e+02 2.716533e+00 1.392904e+04 9.459054e-01 9.777542e+05 7.780720e+01 1.031611e-01 4.480759e+01 1.528193e-04 3.693375e-03
4.786301e+02 2.761887e+00 1.399860e+04 8.985852e-01 9.011954e+05 7.171485e+01 2.084636e-01 1.787423e+01 1.437389e-04 3.345184e-03
4.935525e+02 2.797293e+00 1.406902e+04 8.784793e-01 9.117446e+05 7.255433e+01 1.347004e-01 1.502037e+01 1.330240e-04 3.347660e-03
5.089401e+02 2.851073e+00 1.414848e+04 9.400840e-01 9.230479e+05 7.345382e+01 1.547854e-01 1.517857e+01 1.425520e-04 3.213035e-03
5.248075e+02 2.888017e+00 1.421626e+04 9.782383e-01 9.562963e+05 7.609964e+01 -3.528185e-02 1.362720e+01 1.465851e-04 3.300324e-03
5.411695e+02 2.932159e+00 1.429620e+04 9.145261e-01 8.514098e+05 6.775304e+01 1.746807e-01 7.980985e+00 1.419383e-04 2.862677e-03
5.580417e+02 2.972959e+00 1.438994e+04 1.013391e+00 9.148603e+05 7.280227e+01 -3.693104e-02 2.058571e+01 1.435202e-04 3.098058e-03
5.754399e+02 3.019551e+00 1.448435e+04 1.008724e+00 9.562944e+05 7.609949e+01 1.483113e-01 1.846153e+01 1.497808e-04 2.975832e-03
5.933806e+02 3.072032e+00 1.458452e+04 9.555772e-01 8.971847e+05 7.139569e+01 1.498916e-02 2.785223e+01 1.324770e-04 2.576162e-03
6.118806e+02 3.133407e+00 1.470880e+04 9.664028e-01 8.711751e+05 6.932591e+01 1.593667e-01 1.181645e+01 1.386212e-04 2.495938e-03
6.309573e+02 3.179372e+00 1.482918e+04 9.301631e-01 7.731162e+05 6.152263e+01 1.455505e-02 2.339438e+01 1.357920e-04 2.202928e-03
6.506289e+02 3.232882e+00 1.494547e+04 9.211863e-01 7.946216e+05 6.323397e+01 8.512381e-02 2.897338e+01 1.316514e-04 2.140271e-03
6.709137e+02 3.288086e+00 1.508362e+04 9.372732e-01 7.788155e+05 6.197617e+01 -4.513217e-02 6.321317e+00 1.245137e-04 2.042634e-03
6.918310e+02 3.345247e+00 1.523944e+04 9.393735e-01 7.989596e+05 6.357918e+01 4.668076e-02 1.709056e+01 1.280675e-04 2.101073e-03
7.134004e+02 3.401361e+00 1.538755e+04 9.326669e-01 7.417257e+05 5.902465e+01 -3.565796e-02 1.124746e+01 1.286901e-04 1.891764e-03
7.356423e+02 3.459650e+00 1.557297e+04 9.869215e-01 7.777321e+05 6.188995e+01 -9.013830e-02 6.908635e+00 1.282572e-04 1.886914e-03
7.585776e+02 3.522313e+00 1.575952e+04 9.445790e-01 7.660784e+05 6.096258e+01 4.699925e-02 2.164035e+01 1.330278e-04 1.716566e-03
7.822280e+02 3.577880e+00 1.595098e+04 9.723286e-01 6.891657e+05 5.484206e+01 -7.632456e-02 7.733703e+00 1.120207e-04 1.547636e-03
8.066157e+02 3.643824e+00 1.618016e+04 9.705183e-01 6.851105e+05 5.451936e+01 2.964494e-02 9.226364e+00 1.152588e-04 1.502922e-03
8.317638e+02 3.693935e+00 1.640440e+04 9.391716e-01 6.732613e+05 5.357643e+01 1.091471e-01 1.845538e+01 1.217339e-04 1.451633e-03
8.576959e+02 3.757464e+00 1.666953e+04 9.086411e-01 7.041853e+05 5.603729e+01 7.756954e-02 2.122962e+01 1.306529e-04 1.453507e-03
8.844365e+02 3.830904e+00 1.695303e+04 9.026552e-01 6.633787e+05 5.279000e+01 -6.106894e-03 9.542895e+00 1.230036e-04 1.305262e-03
9.120108e+02 3.898057e+00 1.727315e+04 9.730679e-01 7.141562e+05 5.683074e+01 1.382412e-04 4.337562e+00 1.144766e-04 1.340063e-03
9.404449e+02 3.968287e+00 1.763057e+04 9.614081e-01 6.984072e+05 5.557748e+01 4.915536e-02 2.574015e+01 1.155108e-04 1.250138e-03
9.697654e+02 4.031546e+00 1.800900e+04 9.446198e-01 6.182970e+05 4.920251e+01 3.936736e-02 3.139379e+00 1.097323e-04 1.129818e-03
