#./double_munderdamped_3d --dev=0 --amp=250.0 --omega=1 --mass=0.1 --force=0 --Dg=0.01 --block=256 --paths=1024 --periods=1000 --trans=100 --samples=10000 --spp=10000 --algorithm=euler --pav=1 --mode=moments --domain=1d --domainx=a:-1:3:300:1 --domainy=s:-1:2:100:1 --domainz=a:-1:2.5:100:1 --q=2 --eps=0 --phi=1.57079632679 --lambda=5.0 --zeta=0.2 --comp=0 --mean=1.0 --second=50.0 --skew=0.99 --distribution=s>> 1D_double_a:-1:3:300:1_50.0_5.0_0.99_1.0_0.1.dat
#a <<v>> <<v^2>> qnu(q) mu_q Dx Gx Gv EBx EBv
1.000000e-01 9.970237e-01 1.254857e+03 1.002680e+00 1.697990e+06 1.351217e+02 1.564001e-01 3.814327e+00 1.985622e-04 4.752488e-02
1.031177e-01 9.920049e-01 1.254414e+03 8.860548e-01 1.487787e+06 1.183943e+02 -2.957842e-02 2.063202e+00 1.902831e-04 4.296976e-02
1.063327e-01 1.006132e+00 1.255298e+03 9.262257e-01 1.525882e+06 1.214258e+02 7.353536e-02 2.270497e+00 1.967299e-04 4.276791e-02
1.096478e-01 9.979578e-01 1.255011e+03 1.015028e+00 1.601593e+06 1.274507e+02 2.319618e-02 2.341570e+00 2.004855e-04 4.723348e-02
1.130663e-01 1.012477e+00 1.254772e+03 9.587663e-01 1.621480e+06 1.290333e+02 1.651878e-01 2.293525e+00 2.029480e-04 4.455534e-02
1.165914e-01 1.010042e+00 1.254442e+03 9.544074e-01 1.549363e+06 1.232944e+02 -6.215595e-02 2.281753e+00 2.035512e-04 4.219377e-02
1.202264e-01 1.011232e+00 1.255947e+03 9.805094e-01 1.644869e+06 1.308945e+02 5.353971e-02 2.219576e+00 1.926034e-04 4.600439e-02
1.239748e-01 1.001843e+00 1.254268e+03 9.203863e-01 1.476694e+06 1.175116e+02 7.759149e-02 3.083250e+00 1.845189e-04 4.146680e-02
1.278400e-01 1.001923e+00 1.255062e+03 1.006272e+00 1.690169e+06 1.344993e+02 2.772456e-02 2.553040e+00 1.913410e-04 4.653116e-02
1.318257e-01 1.009381e+00 1.254934e+03 1.008116e+00 1.611328e+06 1.282254e+02 9.503535e-02 2.007560e+00 1.995861e-04 4.447863e-02
1.359356e-01 1.006306e+00 1.255148e+03 1.000385e+00 1.735949e+06 1.381425e+02 1.466426e-01 1.513931e+00 2.044454e-04 4.623390e-02
1.401737e-01 9.955735e-01 1.254649e+03 9.653133e-01 1.568791e+06 1.248404e+02 1.285789e-02 2.312063e+00 1.912365e-04 4.464804e-02
1.445440e-01 1.004738e+00 1.254405e+03 9.758493e-01 1.604972e+06 1.277196e+02 1.260185e-02 4.447852e+00 2.136501e-04 4.423365e-02
1.490505e-01 1.012527e+00 1.254669e+03 9.584815e-01 1.647010e+06 1.310649e+02 1.052295e-01 2.243890e+00 2.025839e-04 4.538931e-02
1.536975e-01 9.951895e-01 1.254464e+03 9.560269e-01 1.655658e+06 1.317531e+02 9.106692e-02 2.199758e+00 1.958964e-04 4.569538e-02
1.584893e-01 1.004035e+00 1.255117e+03 9.852846e-01 1.690197e+06 1.345016e+02 2.550776e-02 2.580379e+00 1.952947e-04 4.717111e-02
1.634306e-01 9.943914e-01 1.255235e+03 9.612090e-01 1.531349e+06 1.218609e+02 -1.798426e-02 2.740713e+00 1.938389e-04 4.403994e-02
1.685259e-01 9.951693e-01 1.254294e+03 9.442704e-01 1.495807e+06 1.190326e+02 1.564930e-01 1.695018e+00 2.011153e-04 4.315192e-02
1.737801e-01 1.010641e+00 1.255518e+03 9.569391e-01 1.527515e+06 1.215558e+02 6.107031e-02 2.382899e+00 1.769698e-04 4.298171e-02
1.791981e-01 1.001569e+00 1.255361e+03 9.698441e-01 1.448722e+06 1.152856e+02 -1.390642e-02 3.029135e+00 1.985410e-04 4.120184e-02
1.847850e-01 9.952792e-01 1.254059e+03 9.886442e-01 1.595580e+06 1.269722e+02 3.431080e-02 2.298948e+00 1.915350e-04 4.545962e-02
1.905461e-01 1.001325e+00 1.254585e+03 9.635284e-01 1.540833e+06 1.226156e+02 1.107951e-01 2.191912e+00 1.986815e-04 4.500591e-02
1.964868e-01 1.002600e+00 1.253513e+03 9.778272e-01 1.556189e+06 1.238376e+02 -4.819080e-02 1.661741e+00 1.984531e-04 4.329315e-02
2.026127e-01 9.982556e-01 1.254959e+03 9.009848e-01 1.451202e+06 1.154830e+02 8.677601e-02 1.705613e+00 1.897615e-04 4.060614e-02
2.089296e-01 9.979723e-01 1.254970e+03 9.814684e-01 1.578704e+06 1.256293e+02 4.763244e-02 2.263670e+00 1.848060e-04 4.516023e-02
2.154435e-01 9.953969e-01 1.254028e+03 8.775490e-01 1.467122e+06 1.167499e+02 1.057162e-01 2.502252e+00 1.960870e-04 4.190361e-02
2.221604e-01 9.963685e-01 1.254904e+03 8.458745e-01 1.469628e+06 1.169493e+02 1.094242e-01 1.243503e+00 2.092508e-04 3.911638e-02
2.290868e-01 1.003446e+00 1.254905e+03 9.734091e-01 1.632618e+06 1.299196e+02 5.697665e-02 2.846819e+00 2.166744e-04 4.629244e-02
2.362291e-01 1.007954e+00 1.255464e+03 9.767012e-01 1.662524e+06 1.322994e+02 7.138566e-02 2.364693e+00 1.955885e-04 4.564372e-02
2.435940e-01 1.000870e+00 1.254698e+03 9.874487e-01 1.612402e+06 1.283108e+02 1.417633e-01 1.761249e+00 1.896425e-04 4.448988e-02
2.511886e-01 1.006782e+00 1.255297e+03 9.876733e-01 1.613966e+06 1.284354e+02 6.341726e-02 1.528397e+00 1.981793e-04 4.506484e-02
2.590200e-01 1.015025e+00 1.255900e+03 9.246234e-01 1.582240e+06 1.259107e+02 4.026539e-02 1.733965e+00 1.871979e-04 4.233572e-02
2.670956e-01 1.013157e+00 1.255787e+03 9.192560e-01 1.469343e+06 1.169266e+02 5.158896e-02 2.012365e+00 2.079079e-04 4.033296e-02
2.754229e-01 1.004287e+00 1.254317e+03 9.944615e-01 1.550286e+06 1.233678e+02 6.247426e-03 2.176965e+00 1.882848e-04 4.431940e-02
2.840098e-01 1.007760e+00 1.254576e+03 9.670557e-01 1.483655e+06 1.180655e+02 4.371769e-03 4.104979e+00 1.853581e-04 4.323515e-02
2.928645e-01 1.006159e+00 1.255443e+03 9.711757e-01 1.534912e+06 1.221444e+02 8.069709e-02 2.692624e+00 2.021583e-04 4.348130e-02
3.019952e-01 1.004079e+00 1.255009e+03 1.019336e+00 1.618035e+06 1.287592e+02 4.330767e-02 3.562578e+00 1.821809e-04 4.435803e-02
3.114106e-01 9.974042e-01 1.254940e+03 9.699292e-01 1.574509e+06 1.252955e+02 6.042462e-02 1.700500e+00 1.996894e-04 4.506947e-02
3.211195e-01 1.004075e+00 1.254876e+03 9.385854e-01 1.551676e+06 1.234785e+02 5.908051e-02 2.807981e+00 1.831589e-04 4.425716e-02
3.311311e-01 9.969086e-01 1.254967e+03 9.610133e-01 1.557383e+06 1.239326e+02 1.765709e-01 2.270132e+00 1.975692e-04 4.378050e-02
3.414549e-01 9.990568e-01 1.254964e+03 9.960135e-01 1.647988e+06 1.311427e+02 -1.981596e-04 2.103530e+00 1.963595e-04 4.764504e-02
3.521005e-01 9.969604e-01 1.254727e+03 9.589514e-01 1.551333e+06 1.234511e+02 1.220876e-02 2.501773e+00 2.053677e-04 4.334010e-02
3.630781e-01 1.006124e+00 1.255495e+03 9.566892e-01 1.587842e+06 1.263564e+02 8.830327e-02 1.676856e+00 1.912796e-04 4.403481e-02
3.743978e-01 1.009704e+00 1.255670e+03 9.690464e-01 1.583735e+06 1.260296e+02 1.303897e-01 2.270529e+00 2.084227e-04 4.437262e-02
3.860705e-01 1.001772e+00 1.254080e+03 9.705248e-01 1.494952e+06 1.189645e+02 1.037341e-01 2.217068e+00 2.031820e-04 4.274741e-02
3.981072e-01 1.015430e+00 1.254459e+03 9.203283e-01 1.504393e+06 1.197158e+02 1.823430e-04 3.158755e+00 1.921424e-04 4.137935e-02
4.105191e-01 1.009204e+00 1.254928e+03 1.005584e+00 1.591553e+06 1.266517e+02 2.744995e-02 2.989008e+00 1.952553e-04 4.481473e-02
4.233179e-01 1.005392e+00 1.255248e+03 9.316859e-01 1.520552e+06 1.210017e+02 8.472577e-02 3.382360e+00 2.016200e-04 4.365156e-02
4.365158e-01 9.976844e-01 1.253934e+03 9.448596e-01 1.580236e+06 1.257511e+02 2.216012e-01 3.736183e+00 2.088282e-04 4.572431e-02
4.501252e-01 9.898263e-01 1.254653e+03 9.873267e-01 1.680525e+06 1.337319e+02 5.926439e-02 2.176582e+00 2.089515e-04 4.996925e-02
4.641589e-01 9.967096e-01 1.254903e+03 9.685940e-01 1.659689e+06 1.320738e+02 2.968618e-02 3.497678e+00 2.090579e-04 4.772087e-02
4.786301e-01 1.009880e+00 1.254747e+03 9.622479e-01 1.539406e+06 1.225020e+02 1.637147e-01 2.038401e+00 1.897455e-04 4.513125e-02
4.935525e-01 1.005912e+00 1.255339e+03 9.847831e-01 1.642334e+06 1.306928e+02 -4.305073e-02 2.241586e+00 1.966691e-04 4.562006e-02
5.089401e-01 9.967384e-01 1.253894e+03 9.792686e-01 1.610837e+06 1.281864e+02 3.679835e-02 2.981447e+00 1.939988e-04 4.498201e-02
5.248075e-01 1.000950e+00 1.253947e+03 9.613108e-01 1.565485e+06 1.245773e+02 -3.352949e-02 1.989423e+00 2.094303e-04 4.552479e-02
5.411695e-01 9.816338e-01 1.254397e+03 9.468624e-01 1.627502e+06 1.295125e+02 3.121594e-02 4.097336e+00 2.077583e-04 4.759815e-02
5.580417e-01 1.002803e+00 1.255181e+03 9.114151e-01 1.481298e+06 1.178779e+02 1.408552e-01 1.979731e+00 2.022290e-04 4.198125e-02
5.754399e-01 9.899314e-01 1.254384e+03 9.908455e-01 1.515027e+06 1.205620e+02 -7.887049e-02 3.281946e+00 1.776383e-04 4.524628e-02
5.933806e-01 1.005638e+00 1.255625e+03 9.305115e-01 1.540026e+06 1.225514e+02 1.897320e-01 2.984762e+00 2.023031e-04 4.298099e-02
6.118806e-01 1.004969e+00 1.255502e+03 1.010504e+00 1.636919e+06 1.302619e+02 5.834784e-02 2.901726e+00 1.933758e-04 4.550933e-02
6.309573e-01 1.000461e+00 1.255172e+03 9.470818e-01 1.593467e+06 1.268041e+02 7.485732e-02 2.374338e+00 1.986449e-04 4.591674e-02
6.506289e-01 1.001283e+00 1.254135e+03 9.810890e-01 1.665856e+06 1.325646e+02 6.329257e-02 2.471540e+00 1.995033e-04 4.534452e-02
6.709137e-01 9.965053e-01 1.255134e+03 9.041909e-01 1.487180e+06 1.183460e+02 8.236132e-02 2.121934e+00 1.800093e-04 4.357955e-02
6.918310e-01 1.008657e+00 1.255472e+03 9.453905e-01 1.619828e+06 1.289018e+02 5.146463e-02 3.253982e+00 2.119195e-04 4.579831e-02
7.134004e-01 1.010679e+00 1.254890e+03 9.349286e-01 1.442066e+06 1.147560e+02 1.025190e-01 2.231529e+00 1.791407e-04 3.873547e-02
7.356423e-01 9.987073e-01 1.254891e+03 9.319436e-01 1.493309e+06 1.188337e+02 6.133585e-02 3.463573e+00 1.906466e-04 4.298859e-02
7.585776e-01 1.006532e+00 1.255119e+03 9.706583e-01 1.578719e+06 1.256305e+02 8.586391e-02 2.317654e+00 2.036249e-04 4.347734e-02
7.822280e-01 1.016976e+00 1.255511e+03 9.021023e-01 1.490125e+06 1.185804e+02 8.226994e-02 1.875471e+00 1.900154e-04 4.004544e-02
8.066157e-01 9.937543e-01 1.254921e+03 9.809272e-01 1.531044e+06 1.218366e+02 1.521071e-02 2.550402e+00 2.181918e-04 4.625751e-02
8.317638e-01 1.005656e+00 1.253820e+03 9.239886e-01 1.480980e+06 1.178527e+02 1.558971e-01 2.230227e+00 1.850236e-04 4.267252e-02
8.576959e-01 9.964555e-01 1.255276e+03 9.859887e-01 1.573548e+06 1.252190e+02 -1.066381e-02 2.873949e+00 1.937779e-04 4.558724e-02
8.844365e-01 9.958278e-01 1.254942e+03 9.566650e-01 1.639321e+06 1.304530e+02 9.147534e-04 2.150599e+00 1.857979e-04 4.563596e-02
9.120108e-01 9.970065e-01 1.254722e+03 1.007438e+00 1.662609e+06 1.323062e+02 -5.337037e-02 1.903420e+00 1.904729e-04 4.729375e-02
9.404449e-01 9.971870e-01 1.255336e+03 9.391124e-01 1.691949e+06 1.346410e+02 9.189800e-02 1.890134e+00 1.891093e-04 4.796644e-02
9.697654e-01 1.006526e+00 1.254584e+03 9.699371e-01 1.601942e+06 1.274785e+02 9.816025e-02 1.773462e+00 1.834663e-04 4.372989e-02
1.000000e+00 1.003166e+00 1.254511e+03 9.357197e-01 1.418525e+06 1.128827e+02 3.552621e-02 2.264335e+00 1.925165e-04 4.066963e-02
1.031177e+00 1.002395e+00 1.254398e+03 9.276471e-01 1.498597e+06 1.192545e+02 4.093523e-03 2.502346e+00 1.857880e-04 4.252817e-02
1.063327e+00 1.001326e+00 1.254677e+03 8.815086e-01 1.557032e+06 1.239046e+02 -5.425189e-02 1.720573e+00 1.858493e-04 4.337858e-02
1.096478e+00 1.009327e+00 1.254737e+03 9.718502e-01 1.648046e+06 1.311474e+02 1.344441e-01 2.096570e+00 2.030650e-04 4.629421e-02
1.130663e+00 9.962368e-01 1.253782e+03 1.004239e+00 1.567750e+06 1.247576e+02 1.156195e-01 2.217706e+00 1.873068e-04 4.720407e-02
1.165914e+00 1.008173e+00 1.254859e+03 9.629976e-01 1.702705e+06 1.354969e+02 4.144990e-03 1.433489e+00 1.927971e-04 4.672411e-02
1.202264e+00 9.952456e-01 1.253891e+03 9.929160e-01 1.670630e+06 1.329445e+02 -6.503932e-02 2.555637e+00 1.838636e-04 4.727870e-02
1.239748e+00 1.010244e+00 1.254800e+03 1.030704e+00 1.630522e+06 1.297528e+02 1.420132e-01 2.058357e+00 2.079756e-04 4.785533e-02
1.278400e+00 1.010726e+00 1.255715e+03 9.825990e-01 1.638402e+06 1.303799e+02 -5.420257e-02 1.669036e+00 1.899483e-04 4.616865e-02
1.318257e+00 1.001990e+00 1.254817e+03 9.493167e-01 1.470265e+06 1.170000e+02 8.412700e-02 3.095978e+00 1.860740e-04 4.211344e-02
1.359356e+00 9.920949e-01 1.254141e+03 9.523916e-01 1.496662e+06 1.191006e+02 7.765102e-03 1.996913e+00 1.996610e-04 4.304049e-02
1.401737e+00 1.008701e+00 1.254748e+03 9.878702e-01 1.743337e+06 1.387304e+02 -2.224979e-02 3.795059e+00 1.947938e-04 4.746867e-02
1.445440e+00 1.000615e+00 1.254118e+03 9.597166e-01 1.656339e+06 1.318073e+02 7.012826e-02 1.523184e+00 1.950975e-04 4.543883e-02
1.490505e+00 1.000738e+00 1.254891e+03 9.924100e-01 1.532199e+06 1.219285e+02 -2.845905e-02 1.985397e+00 1.970266e-04 4.340247e-02
1.536975e+00 9.965335e-01 1.253801e+03 1.022733e+00 1.709637e+06 1.360486e+02 1.086619e-01 4.324122e+00 2.124433e-04 4.968280e-02
1.584893e+00 1.002437e+00 1.254431e+03 9.245548e-01 1.501542e+06 1.194889e+02 8.169277e-02 1.955443e+00 1.981806e-04 4.302982e-02
1.634306e+00 1.017073e+00 1.254532e+03 1.001159e+00 1.693051e+06 1.347287e+02 5.017743e-02 1.776388e+00 1.971785e-04 4.563322e-02
1.685259e+00 1.019543e+00 1.255691e+03 9.459184e-01 1.486407e+06 1.182845e+02 -3.316131e-02 2.081709e+00 1.818650e-04 4.035430e-02
1.737801e+00 1.015766e+00 1.254279e+03 9.299782e-01 1.508258e+06 1.200234e+02 2.870239e-02 2.883591e+00 1.983577e-04 4.132696e-02
1.791981e+00 1.016459e+00 1.254026e+03 9.694611e-01 1.555958e+06 1.238192e+02 3.092493e-02 2.081112e+00 1.855816e-04 4.236764e-02
1.847850e+00 1.015711e+00 1.254493e+03 9.212287e-01 1.482239e+06 1.179528e+02 -8.339045e-03 1.956781e+00 1.781975e-04 4.022131e-02
1.905461e+00 1.003913e+00 1.254679e+03 9.422214e-01 1.472227e+06 1.171561e+02 -6.049007e-02 2.146505e+00 1.845995e-04 4.116604e-02
1.964868e+00 1.014891e+00 1.254489e+03 9.220300e-01 1.536610e+06 1.222796e+02 -2.352143e-02 2.229831e+00 1.805271e-04 4.193207e-02
2.026127e+00 1.013238e+00 1.254539e+03 9.360589e-01 1.510350e+06 1.201898e+02 6.303178e-02 2.537976e+00 1.914231e-04 4.199788e-02
2.089296e+00 1.029553e+00 1.255430e+03 1.009024e+00 1.709600e+06 1.360456e+02 1.161196e-01 1.681934e+00 1.956290e-04 4.501728e-02
2.154435e+00 1.017357e+00 1.253892e+03 9.956270e-01 1.621564e+06 1.290400e+02 4.284151e-03 2.163471e+00 2.103322e-04 4.620480e-02
2.221604e+00 1.027649e+00 1.255295e+03 9.565572e-01 1.520702e+06 1.210136e+02 3.485238e-02 2.388397e+00 2.068392e-04 4.258412e-02
2.290868e+00 1.033097e+00 1.254251e+03 9.625016e-01 1.583478e+06 1.260091e+02 1.007524e-01 3.275254e+00 2.024425e-04 4.133601e-02
2.362291e+00 1.016933e+00 1.253572e+03 9.902152e-01 1.551880e+06 1.234947e+02 1.671810e-01 2.431178e+00 1.889051e-04 4.396220e-02
2.435940e+00 1.024676e+00 1.254962e+03 9.756114e-01 1.595014e+06 1.269271e+02 5.357942e-02 1.591234e+00 1.991529e-04 4.252345e-02
2.511886e+00 1.022813e+00 1.254854e+03 9.484314e-01 1.529190e+06 1.216891e+02 6.749208e-02 2.772790e+00 1.854800e-04 4.184453e-02
2.590200e+00 1.011968e+00 1.254023e+03 8.641132e-01 1.397386e+06 1.112005e+02 8.068856e-02 2.566195e+00 1.831080e-04 3.880645e-02
2.670956e+00 1.048996e+00 1.256196e+03 9.593293e-01 1.641424e+06 1.306204e+02 1.197824e-01 3.836753e+00 1.991974e-04 4.196886e-02
2.754229e+00 1.032258e+00 1.254977e+03 9.751614e-01 1.592182e+06 1.267018e+02 8.201005e-02 1.995114e+00 2.014886e-04 4.302506e-02
2.840098e+00 1.034277e+00 1.254835e+03 8.903574e-01 1.462180e+06 1.163566e+02 2.946452e-03 2.578324e+00 1.951786e-04 3.807096e-02
2.928645e+00 1.044717e+00 1.254888e+03 9.565659e-01 1.590990e+06 1.266069e+02 1.560038e-01 1.645960e+00 1.965661e-04 4.060511e-02
3.019952e+00 1.039578e+00 1.254780e+03 9.531546e-01 1.476326e+06 1.174823e+02 -7.875710e-02 1.567185e+00 1.994188e-04 4.028529e-02
3.114106e+00 1.034336e+00 1.254715e+03 9.829153e-01 1.611387e+06 1.282301e+02 4.076812e-02 3.641720e+00 1.856309e-04 4.214739e-02
3.211195e+00 1.040338e+00 1.255622e+03 9.709404e-01 1.585826e+06 1.261960e+02 2.262036e-03 2.837375e+00 2.035723e-04 4.191511e-02
3.311311e+00 1.043689e+00 1.255337e+03 1.009549e+00 1.625243e+06 1.293328e+02 6.812898e-02 1.872718e+00 2.011001e-04 4.365089e-02
3.414549e+00 1.036145e+00 1.254187e+03 9.895519e-01 1.636845e+06 1.302559e+02 8.638914e-02 2.078339e+00 2.001793e-04 4.327040e-02
3.521005e+00 1.045610e+00 1.254261e+03 9.334044e-01 1.561050e+06 1.242244e+02 6.560610e-02 1.883472e+00 1.967557e-04 3.889237e-02
3.630781e+00 1.057174e+00 1.255275e+03 9.019307e-01 1.496727e+06 1.191057e+02 9.912035e-02 3.032021e+00 2.082261e-04 3.745135e-02
3.743978e+00 1.047636e+00 1.254928e+03 9.312463e-01 1.433152e+06 1.140466e+02 6.574214e-02 2.350239e+00 1.870619e-04 3.786506e-02
3.860705e+00 1.053478e+00 1.255749e+03 9.760382e-01 1.578372e+06 1.256029e+02 -1.066586e-01 2.051532e+00 1.945099e-04 3.887103e-02
3.981072e+00 1.061066e+00 1.255232e+03 9.463829e-01 1.498514e+06 1.192479e+02 -9.761462e-04 2.462937e+00 2.026315e-04 3.694108e-02
4.105191e+00 1.069773e+00 1.255430e+03 8.979496e-01 1.473913e+06 1.172903e+02 1.204006e-01 3.725675e+00 1.967633e-04 3.706646e-02
4.233179e+00 1.062234e+00 1.255033e+03 9.568946e-01 1.506815e+06 1.199085e+02 7.344114e-02 2.130854e+00 2.006933e-04 3.797210e-02
4.365158e+00 1.068959e+00 1.254332e+03 9.221330e-01 1.451250e+06 1.154868e+02 -3.385620e-02 1.307934e+00 2.162566e-04 3.757115e-02
4.501252e+00 1.076214e+00 1.254443e+03 9.346504e-01 1.544227e+06 1.228857e+02 3.543083e-02 2.495613e+00 1.984890e-04 3.898896e-02
4.641589e+00 1.078251e+00 1.254889e+03 9.546830e-01 1.501566e+06 1.194908e+02 1.001199e-02 3.233631e+00 1.849748e-04 3.635239e-02
4.786301e+00 1.075642e+00 1.254456e+03 9.622603e-01 1.540676e+06 1.226031e+02 1.819673e-01 3.683183e+00 2.029856e-04 3.726287e-02
4.935525e+00 1.075300e+00 1.254613e+03 9.990014e-01 1.552060e+06 1.235090e+02 -7.626496e-03 1.452915e+00 1.867439e-04 3.727606e-02
5.089401e+00 1.086816e+00 1.254742e+03 9.183439e-01 1.453683e+06 1.156804e+02 4.635055e-02 4.127064e+00 1.869408e-04 3.397020e-02
5.248075e+00 1.088457e+00 1.255836e+03 8.229824e-01 1.332592e+06 1.060443e+02 5.742295e-02 1.573294e+00 2.011206e-04 3.127182e-02
5.411695e+00 1.077416e+00 1.255120e+03 9.438693e-01 1.475825e+06 1.174425e+02 -6.299216e-03 2.334754e+00 2.059017e-04 3.567604e-02
5.580417e+00 1.102505e+00 1.255349e+03 9.407529e-01 1.449183e+06 1.153223e+02 2.978944e-02 2.323210e+00 2.027523e-04 3.338323e-02
5.754399e+00 1.104533e+00 1.255589e+03 1.001425e+00 1.531548e+06 1.218767e+02 3.894222e-02 1.489166e+00 1.888183e-04 3.671817e-02
5.933806e+00 1.117310e+00 1.255064e+03 9.284018e-01 1.490619e+06 1.186197e+02 3.287923e-02 2.465220e+00 2.012004e-04 3.329650e-02
6.118806e+00 1.115612e+00 1.254324e+03 9.252897e-01 1.493375e+06 1.188390e+02 5.141440e-03 2.508266e+00 1.936027e-04 3.336592e-02
6.309573e+00 1.120511e+00 1.255015e+03 9.432074e-01 1.418427e+06 1.128748e+02 -4.027978e-02 2.553086e+00 1.937713e-04 3.391312e-02
6.506289e+00 1.127388e+00 1.255507e+03 9.435064e-01 1.433412e+06 1.140673e+02 6.167031e-02 2.030547e+00 1.984667e-04 3.232337e-02
6.709137e+00 1.124038e+00 1.254907e+03 1.035214e+00 1.585982e+06 1.262084e+02 7.644232e-02 1.885645e+00 2.076508e-04 3.668236e-02
6.918310e+00 1.120713e+00 1.254373e+03 9.516421e-01 1.540040e+06 1.225525e+02 2.277815e-02 2.938222e+00 2.049409e-04 3.404041e-02
7.134004e+00 1.140215e+00 1.254260e+03 8.808356e-01 1.396457e+06 1.111265e+02 6.630361e-03 2.012051e+00 1.841798e-04 3.102744e-02
7.356423e+00 1.147536e+00 1.254315e+03 9.661520e-01 1.479626e+06 1.177449e+02 7.230888e-02 2.593309e+00 1.853726e-04 3.206367e-02
7.585776e+00 1.153435e+00 1.255081e+03 9.720469e-01 1.528665e+06 1.216473e+02 2.659590e-02 3.442718e+00 1.915211e-04 3.204876e-02
7.822280e+00 1.173198e+00 1.255820e+03 9.918217e-01 1.602637e+06 1.275338e+02 5.525202e-02 3.433362e+00 2.007972e-04 3.285816e-02
8.066157e+00 1.169424e+00 1.255015e+03 1.004847e+00 1.522218e+06 1.211342e+02 1.332957e-02 1.718372e+00 1.899683e-04 3.120722e-02
8.317638e+00 1.172247e+00 1.255368e+03 9.458009e-01 1.486356e+06 1.182805e+02 4.762198e-02 1.460151e+00 2.003821e-04 2.974429e-02
8.576959e+00 1.182192e+00 1.254345e+03 9.806138e-01 1.540244e+06 1.225687e+02 6.177652e-02 2.311087e+00 2.019803e-04 3.217728e-02
8.844365e+00 1.184137e+00 1.255221e+03 9.729559e-01 1.439574e+06 1.145576e+02 3.228809e-03 1.993710e+00 1.900141e-04 2.960407e-02
9.120108e+00 1.207870e+00 1.256173e+03 9.181199e-01 1.420177e+06 1.130141e+02 1.394306e-01 1.866000e+00 1.977451e-04 2.807490e-02
9.404449e+00 1.198534e+00 1.254790e+03 9.645779e-01 1.407573e+06 1.120111e+02 3.854176e-02 2.133079e+00 1.852469e-04 2.857097e-02
9.697654e+00 1.214261e+00 1.255279e+03 9.461583e-01 1.411154e+06 1.122961e+02 6.640827e-02 3.349218e+00 1.801645e-04 2.638694e-02
1.000000e+01 1.215358e+00 1.255383e+03 1.024693e+00 1.505822e+06 1.198295e+02 -4.683692e-03 2.314153e+00 1.826143e-04 2.866838e-02
1.031177e+01 1.240751e+00 1.255958e+03 8.928885e-01 1.395474e+06 1.110483e+02 2.482127e-02 4.066145e+00 2.010204e-04 2.499856e-02
1.063327e+01 1.250846e+00 1.255241e+03 9.745003e-01 1.421814e+06 1.131443e+02 1.089542e-01 1.979185e+00 1.850509e-04 2.671031e-02
1.096478e+01 1.248819e+00 1.255296e+03 9.583240e-01 1.491660e+06 1.187025e+02 5.667849e-02 2.165202e+00 2.074677e-04 2.829180e-02
1.130663e+01 1.258664e+00 1.254297e+03 9.624994e-01 1.488845e+06 1.184785e+02 9.434636e-02 4.348229e+00 2.060434e-04 2.678541e-02
1.165914e+01 1.265733e+00 1.255094e+03 9.848628e-01 1.502795e+06 1.195887e+02 3.548952e-02 2.332648e+00 2.035051e-04 2.645865e-02
1.202264e+01 1.278942e+00 1.255555e+03 9.289856e-01 1.417058e+06 1.127659e+02 1.174905e-01 2.167199e+00 1.916114e-04 2.409513e-02
1.239748e+01 1.294449e+00 1.255355e+03 9.085712e-01 1.377608e+06 1.096265e+02 1.262271e-01 1.515164e+00 1.777384e-04 2.320179e-02
1.278400e+01 1.298186e+00 1.255633e+03 9.655014e-01 1.331506e+06 1.059578e+02 4.007175e-02 2.934204e+00 1.903625e-04 2.228315e-02
1.318257e+01 1.316145e+00 1.255244e+03 9.623067e-01 1.448532e+06 1.152705e+02 9.290951e-02 2.467375e+00 1.898541e-04 2.374398e-02
1.359356e+01 1.331468e+00 1.255457e+03 9.695744e-01 1.493095e+06 1.188167e+02 8.239779e-03 4.546230e+00 1.952143e-04 2.437131e-02
1.401737e+01 1.344639e+00 1.255863e+03 1.030528e+00 1.580047e+06 1.257361e+02 3.035024e-02 1.980602e+00 2.070871e-04 2.469176e-02
1.445440e+01 1.360530e+00 1.256308e+03 9.361793e-01 1.457707e+06 1.160006e+02 9.392177e-02 2.162733e+00 1.849641e-04 2.173178e-02
1.490505e+01 1.368619e+00 1.256312e+03 1.031279e+00 1.470218e+06 1.169962e+02 7.547110e-02 5.701503e+00 2.118858e-04 2.307503e-02
1.536975e+01 1.374799e+00 1.255178e+03 9.824880e-01 1.435480e+06 1.142319e+02 6.036715e-02 5.559949e+00 2.092268e-04 2.224894e-02
1.584893e+01 1.388612e+00 1.254967e+03 9.158469e-01 1.339939e+06 1.066290e+02 -1.839378e-02 2.777805e+00 1.919904e-04 1.996941e-02
1.634306e+01 1.408120e+00 1.255660e+03 9.570076e-01 1.345726e+06 1.070895e+02 4.711496e-02 2.271716e+00 1.832426e-04 1.909325e-02
1.685259e+01 1.420690e+00 1.256496e+03 9.145988e-01 1.291443e+06 1.027698e+02 -3.958375e-02 2.950363e+00 1.987803e-04 1.824563e-02
1.737801e+01 1.439559e+00 1.256912e+03 9.345863e-01 1.356192e+06 1.079223e+02 -1.682987e-02 1.813250e+00 1.825016e-04 1.869281e-02
1.791981e+01 1.453709e+00 1.257233e+03 9.684934e-01 1.348735e+06 1.073289e+02 1.094920e-01 5.834606e+00 2.083243e-04 1.789324e-02
1.847850e+01 1.459257e+00 1.255890e+03 9.656983e-01 1.265956e+06 1.007415e+02 1.271284e-01 1.622705e+00 2.043392e-04 1.712861e-02
1.905461e+01 1.491497e+00 1.255708e+03 9.178542e-01 1.443448e+06 1.148660e+02 3.073374e-02 1.903461e+00 1.937638e-04 1.773831e-02
1.964868e+01 1.507383e+00 1.257132e+03 9.771047e-01 1.422119e+06 1.131687e+02 1.380527e-01 2.970491e+00 2.072842e-04 1.777467e-02
2.026127e+01 1.500711e+00 1.256362e+03 9.402881e-01 1.342852e+06 1.068608e+02 5.567144e-02 2.370568e+00 1.945383e-04 1.706022e-02
2.089296e+01 1.535718e+00 1.256018e+03 9.832450e-01 1.423677e+06 1.132926e+02 3.532272e-03 2.101436e+00 1.945556e-04 1.713635e-02
2.154435e+01 1.555157e+00 1.256064e+03 9.535748e-01 1.300937e+06 1.035253e+02 -6.058226e-02 2.542448e+00 1.882012e-04 1.569400e-02
2.221604e+01 1.570769e+00 1.256038e+03 1.007743e+00 1.331203e+06 1.059337e+02 -7.390924e-02 2.599682e+00 1.927568e-04 1.539389e-02
2.290868e+01 1.591132e+00 1.256050e+03 1.024681e+00 1.354494e+06 1.077872e+02 -5.914647e-02 2.678141e+00 1.870496e-04 1.516299e-02
2.362291e+01 1.619392e+00 1.257899e+03 9.412727e-01 1.286676e+06 1.023904e+02 -9.579284e-03 3.198144e+00 1.966284e-04 1.381077e-02
2.435940e+01 1.646782e+00 1.257919e+03 9.917654e-01 1.355201e+06 1.078435e+02 -9.745351e-03 2.373628e+00 2.095469e-04 1.431999e-02
2.511886e+01 1.664483e+00 1.257146e+03 9.199514e-01 1.280469e+06 1.018965e+02 4.504669e-02 2.404589e+00 1.934824e-04 1.326394e-02
2.590200e+01 1.681006e+00 1.256436e+03 1.015002e+00 1.398146e+06 1.112609e+02 4.390539e-02 2.495492e+00 2.104580e-04 1.448259e-02
2.670956e+01 1.705635e+00 1.257128e+03 9.607736e-01 1.310625e+06 1.042963e+02 -1.899544e-02 2.213954e+00 1.912848e-04 1.260470e-02
2.754229e+01 1.733556e+00 1.257262e+03 9.787528e-01 1.318636e+06 1.049337e+02 1.897674e-01 1.649601e+00 2.047824e-04 1.265284e-02
2.840098e+01 1.758671e+00 1.257674e+03 9.409428e-01 1.298333e+06 1.033181e+02 -1.112078e-02 4.753746e+00 2.120331e-04 1.203269e-02
2.928645e+01 1.772688e+00 1.257265e+03 9.621164e-01 1.290970e+06 1.027321e+02 1.024644e-02 1.942628e+00 1.941186e-04 1.161393e-02
3.019952e+01 1.796600e+00 1.257906e+03 9.714576e-01 1.237595e+06 9.848468e+01 -3.603116e-03 2.005601e+00 1.933240e-04 1.113219e-02
3.114106e+01 1.812009e+00 1.257945e+03 9.185450e-01 1.193583e+06 9.498232e+01 -3.278311e-02 2.440209e+00 1.908007e-04 1.014660e-02
3.211195e+01 1.850678e+00 1.258080e+03 9.411669e-01 1.281512e+06 1.019795e+02 1.538720e-01 4.532913e+00 2.008972e-04 1.069233e-02
3.311311e+01 1.867706e+00 1.257413e+03 9.812998e-01 1.311054e+06 1.043303e+02 5.622984e-02 2.875597e+00 1.943911e-04 1.038563e-02
3.414549e+01 1.903887e+00 1.258497e+03 9.315172e-01 1.220037e+06 9.708747e+01 1.974806e-02 2.150988e+00 1.904665e-04 9.571630e-03
3.521005e+01 1.939827e+00 1.259535e+03 9.951047e-01 1.266655e+06 1.007972e+02 8.544306e-03 1.904822e+00 2.029091e-04 9.566055e-03
3.630781e+01 1.958263e+00 1.258327e+03 9.827898e-01 1.248410e+06 9.934534e+01 4.634476e-02 1.165546e+00 1.975181e-04 9.161289e-03
3.743978e+01 1.984649e+00 1.258545e+03 9.652304e-01 1.274951e+06 1.014574e+02 1.577861e-01 2.213764e+00 1.955356e-04 9.105113e-03
3.860705e+01 2.017353e+00 1.259175e+03 9.513711e-01 1.234647e+06 9.825008e+01 2.008616e-01 2.491608e+00 1.972667e-04 8.335415e-03
3.981072e+01 2.059599e+00 1.260186e+03 9.549971e-01 1.191201e+06 9.479276e+01 1.631599e-02 2.366689e+00 2.029036e-04 7.996337e-03
4.105191e+01 2.088530e+00 1.259581e+03 9.770147e-01 1.196681e+06 9.522883e+01 1.586645e-01 3.219866e+00 2.060167e-04 7.983900e-03
4.233179e+01 2.117491e+00 1.260149e+03 9.776040e-01 1.163200e+06 9.256451e+01 -2.428070e-02 1.952497e+00 1.960247e-04 7.321971e-03
4.365158e+01 2.158918e+00 1.260714e+03 1.009818e+00 1.151167e+06 9.160697e+01 1.607489e-02 2.949950e+00 1.864524e-04 6.843432e-03
4.501252e+01 2.198447e+00 1.260914e+03 9.738415e-01 1.233191e+06 9.813425e+01 1.614871e-02 2.494580e+00 2.048576e-04 7.281404e-03
4.641589e+01 2.223731e+00 1.260343e+03 9.624250e-01 1.186918e+06 9.445196e+01 6.694470e-02 3.240479e+00 1.922640e-04 6.701864e-03
4.786301e+01 2.259856e+00 1.260991e+03 9.461757e-01 1.098491e+06 8.741514e+01 6.428064e-02 2.757540e+00 1.805315e-04 6.013752e-03
4.935525e+01 2.300376e+00 1.261715e+03 9.678071e-01 1.061926e+06 8.450535e+01 -6.118721e-02 4.578526e+00 1.852795e-04 6.124621e-03
5.089401e+01 2.336493e+00 1.262025e+03 1.008867e+00 1.066370e+06 8.485902e+01 8.067299e-02 1.703048e+00 1.843418e-04 5.549907e-03
5.248075e+01 2.374127e+00 1.262053e+03 9.654187e-01 1.062581e+06 8.455747e+01 8.771428e-02 1.657446e+00 1.999273e-04 5.458129e-03
5.411695e+01 2.421854e+00 1.262490e+03 1.009172e+00 1.100174e+06 8.754905e+01 4.344281e-02 2.163728e+00 1.956909e-04 5.212009e-03
5.580417e+01 2.447715e+00 1.262625e+03 1.014396e+00 1.109304e+06 8.827560e+01 3.630308e-02 2.607038e+00 1.904653e-04 5.443135e-03
5.754399e+01 2.494045e+00 1.264177e+03 9.371597e-01 9.570522e+05 7.615979e+01 2.045415e-02 3.535642e+00 1.884363e-04 4.403755e-03
5.933806e+01 2.531682e+00 1.264589e+03 8.739055e-01 9.553473e+05 7.602412e+01 3.942904e-02 1.658762e+00 1.908460e-04 4.260967e-03
6.118806e+01 2.569501e+00 1.264764e+03 9.465096e-01 9.784493e+05 7.786252e+01 -7.211985e-02 1.820008e+00 1.888862e-04 4.237098e-03
6.309573e+01 2.621595e+00 1.265644e+03 1.000132e+00 1.004836e+06 7.996231e+01 -2.090003e-02 1.873983e+00 2.134090e-04 4.210016e-03
6.506289e+01 2.650283e+00 1.265482e+03 9.615930e-01 1.009593e+06 8.034087e+01 -7.156181e-02 2.427475e+00 2.039837e-04 4.228763e-03
6.709137e+01 2.698556e+00 1.266475e+03 9.243758e-01 9.373488e+05 7.459185e+01 2.857441e-02 1.950773e+00 1.901341e-04 3.634352e-03
6.918310e+01 2.743452e+00 1.266603e+03 9.811307e-01 9.687263e+05 7.708878e+01 1.030183e-02 5.909800e+00 1.769812e-04 3.670523e-03
7.134004e+01 2.773672e+00 1.266823e+03 9.202574e-01 9.088371e+05 7.232296e+01 5.293827e-04 3.160181e+00 1.857285e-04 3.374531e-03
7.356423e+01 2.822258e+00 1.268475e+03 9.687486e-01 1.011955e+06 8.052883e+01 1.310627e-01 2.035029e+00 1.999912e-04 3.621201e-03
7.585776e+01 2.875260e+00 1.269977e+03 9.904820e-01 9.710259e+05 7.727178e+01 6.710444e-02 2.108425e+00 1.809038e-04 3.366002e-03
7.822280e+01 2.907872e+00 1.268934e+03 9.416317e-01 9.068290e+05 7.216316e+01 -2.052125e-02 2.425217e+00 1.791633e-04 3.029117e-03
8.066157e+01 2.953834e+00 1.270560e+03 9.356313e-01 8.723805e+05 6.942183e+01 1.227517e-01 2.707162e+00 1.939666e-04 2.871423e-03
8.317638e+01 2.984849e+00 1.271325e+03 9.505658e-01 8.512251e+05 6.773834e+01 1.445111e-01 1.827641e+00 1.955633e-04 2.648649e-03
8.576959e+01 3.036518e+00 1.272958e+03 9.850507e-01 8.820321e+05 7.018988e+01 -5.794143e-02 2.836397e+00 2.095929e-04 2.756724e-03
8.844365e+01 3.078326e+00 1.273869e+03 9.505213e-01 8.121052e+05 6.462528e+01 9.122938e-02 3.497330e+00 1.974828e-04 2.352255e-03
9.120108e+01 3.126088e+00 1.275021e+03 9.725318e-01 8.634226e+05 6.870898e+01 -1.800046e-03 1.813679e+00 1.852243e-04 2.499521e-03
9.404449e+01 3.174798e+00 1.276512e+03 9.537825e-01 8.253210e+05 6.567696e+01 1.076840e-02 2.343307e+00 1.973685e-04 2.368733e-03
9.697654e+01 3.212773e+00 1.275802e+03 9.788955e-01 8.212636e+05 6.535408e+01 2.666392e-02 1.859708e+00 2.041775e-04 2.234474e-03
1.000000e+02 3.254744e+00 1.278411e+03 9.311872e-01 7.511679e+05 5.977604e+01 1.931712e-02 2.082622e+00 1.919545e-04 2.042315e-03
1.031177e+02 3.287039e+00 1.278128e+03 9.724897e-01 8.199937e+05 6.525302e+01 -2.000064e-02 1.569504e+00 2.006327e-04 2.174779e-03
1.063327e+02 3.322708e+00 1.280316e+03 9.856625e-01 7.900450e+05 6.286978e+01 8.737289e-02 2.456994e+00 1.935844e-04 2.052068e-03
1.096478e+02 3.360740e+00 1.281044e+03 9.809535e-01 7.278560e+05 5.792094e+01 -4.415439e-02 3.815131e+00 2.072809e-04 1.894192e-03
1.130663e+02 3.385703e+00 1.282538e+03 9.615448e-01 7.762337e+05 6.177071e+01 -5.673423e-02 2.095920e+00 2.016764e-04 1.870000e-03
1.165914e+02 3.413314e+00 1.283503e+03 9.772781e-01 7.101820e+05 5.651449e+01 -5.897050e-02 2.350486e+00 2.190336e-04 1.700086e-03
1.202264e+02 3.443948e+00 1.285309e+03 9.648252e-01 6.936387e+05 5.519802e+01 -4.931344e-02 1.654443e+00 2.078496e-04 1.613683e-03
1.239748e+02 3.477067e+00 1.287368e+03 1.026991e+00 7.132766e+05 5.676074e+01 2.056472e-02 2.457107e+00 2.007146e-04 1.700192e-03
1.278400e+02 3.492971e+00 1.288724e+03 9.684885e-01 6.351654e+05 5.054486e+01 -2.809255e-02 1.673969e+00 1.776217e-04 1.452155e-03
1.318257e+02 3.513815e+00 1.290724e+03 9.588018e-01 6.904910e+05 5.494753e+01 2.062036e-02 2.902284e+00 1.998626e-04 1.558164e-03
1.359356e+02 3.529283e+00 1.293011e+03 1.032317e+00 6.522343e+05 5.190315e+01 -5.101096e-02 2.654068e+00 2.037060e-04 1.464162e-03
1.401737e+02 3.527707e+00 1.293714e+03 9.762813e-01 5.876088e+05 4.676042e+01 -1.916549e-02 1.639903e+00 2.074547e-04 1.378749e-03
1.445440e+02 3.538024e+00 1.297044e+03 9.492055e-01 6.227402e+05 4.955609e+01 -2.557859e-02 3.561354e+00 2.029125e-04 1.373673e-03
1.490505e+02 3.544816e+00 1.299316e+03 9.677387e-01 6.199981e+05 4.933788e+01 1.681932e-02 2.882381e+00 2.163539e-04 1.376188e-03
1.536975e+02 3.534101e+00 1.299958e+03 9.307902e-01 5.585077e+05 4.444463e+01 -2.792455e-02 2.850289e+00 2.043116e-04 1.241624e-03
1.584893e+02 3.517252e+00 1.302178e+03 1.015331e+00 6.053955e+05 4.817584e+01 -3.357578e-02 1.965841e+00 1.958895e-04 1.363983e-03
1.634306e+02 3.508944e+00 1.305361e+03 9.301065e-01 4.943737e+05 3.934101e+01 3.080286e-02 3.425092e+00 1.925505e-04 1.157704e-03
1.685259e+02 3.496801e+00 1.308473e+03 8.853978e-01 4.631698e+05 3.685788e+01 6.120306e-02 2.452455e+00 1.935351e-04 1.097440e-03
1.737801e+02 3.479741e+00 1.310649e+03 1.013005e+00 5.611333e+05 4.465357e+01 5.531798e-02 2.652759e+00 2.049540e-04 1.311191e-03
1.791981e+02 3.463241e+00 1.313629e+03 9.480995e-01 5.185522e+05 4.126507e+01 -3.309225e-02 1.617542e+00 2.038428e-04 1.255940e-03
1.847850e+02 3.443743e+00 1.318012e+03 1.001391e+00 5.438066e+05 4.327475e+01 5.625944e-02 1.546319e+00 2.065267e-04 1.285168e-03
1.905461e+02 3.415184e+00 1.321159e+03 8.848426e-01 4.349152e+05 3.460945e+01 7.892409e-02 1.705009e+00 1.844039e-04 1.107274e-03
1.964868e+02 3.390244e+00 1.323249e+03 8.571448e-01 4.116650e+05 3.275926e+01 -2.494840e-03 2.506516e+00 1.790917e-04 1.000560e-03
2.026127e+02 3.362538e+00 1.326071e+03 9.353582e-01 4.881524e+05 3.884593e+01 2.145664e-02 3.012284e+00 1.957675e-04 1.265998e-03
2.089296e+02 3.325879e+00 1.330056e+03 1.043738e+00 4.805760e+05 3.824302e+01 -6.712620e-03 2.943198e+00 1.924935e-04 1.257988e-03
2.154435e+02 3.295783e+00 1.333638e+03 1.041513e+00 4.597198e+05 3.658334e+01 1.139525e-01 1.682165e+00 2.184980e-04 1.203926e-03
2.221604e+02 3.265134e+00 1.338905e+03 9.634366e-01 4.081042e+05 3.247590e+01 1.427268e-01 2.200076e+00 2.016998e-04 1.099585e-03
2.290868e+02 3.224357e+00 1.342490e+03 9.757155e-01 3.707516e+05 2.950347e+01 4.419267e-02 1.638754e+00 1.874739e-04 1.023750e-03
2.362291e+02 3.182818e+00 1.346870e+03 9.906231e-01 4.232139e+05 3.367829e+01 2.280166e-02 1.568232e+00 2.103130e-04 1.207901e-03
2.435940e+02 3.141820e+00 1.351517e+03 9.301193e-01 3.705099e+05 2.948424e+01 5.601125e-02 2.709801e+00 1.718334e-04 1.033851e-03
2.511886e+02 3.100140e+00 1.357787e+03 9.422355e-01 3.836441e+05 3.052943e+01 4.238879e-02 9.810981e-01 1.970262e-04 1.120400e-03
2.590200e+02 3.050865e+00 1.362281e+03 9.820042e-01 3.714555e+05 2.955949e+01 -3.330513e-02 2.679845e+00 1.932573e-04 1.130646e-03
2.670956e+02 2.998650e+00 1.367021e+03 9.741755e-01 3.603828e+05 2.867835e+01 1.040602e-01 2.808236e+00 1.888093e-04 1.159805e-03
2.754229e+02 2.948830e+00 1.372561e+03 9.954247e-01 3.683989e+05 2.931625e+01 -4.154762e-02 1.452516e+00 1.728995e-04 1.211204e-03
2.840098e+02 2.905958e+00 1.378916e+03 1.059147e+00 3.913629e+05 3.114367e+01 -1.113343e-01 9.940125e-01 2.055382e-04 1.344614e-03
2.928645e+02 2.851400e+00 1.386027e+03 9.669327e-01 3.508961e+05 2.792343e+01 -5.248995e-02 1.165577e+00 1.814711e-04 1.190331e-03
3.019952e+02 2.803430e+00 1.392832e+03 9.440174e-01 3.136239e+05 2.495740e+01 -3.844760e-02 9.439756e-01 1.829340e-04 1.152803e-03
3.114106e+02 2.745606e+00 1.399962e+03 9.939542e-01 3.165075e+05 2.518687e+01 -2.198615e-02 1.963381e+00 1.708828e-04 1.186288e-03
3.211195e+02 2.690580e+00 1.407646e+03 1.036319e+00 3.215387e+05 2.558724e+01 -1.474391e-01 1.844478e+00 1.852399e-04 1.275135e-03
3.311311e+02 2.637743e+00 1.415580e+03 9.530666e-01 2.930268e+05 2.331833e+01 -6.381834e-02 1.004225e+00 1.733261e-04 1.200563e-03
3.414549e+02 2.583063e+00 1.424757e+03 9.778284e-01 2.957575e+05 2.353563e+01 -9.627455e-02 8.591688e-01 1.713811e-04 1.289023e-03
3.521005e+02 2.520142e+00 1.432003e+03 9.632689e-01 2.911170e+05 2.316636e+01 -5.644750e-03 1.199893e+00 1.659053e-04 1.260046e-03
3.630781e+02 2.464444e+00 1.442358e+03 8.640099e-01 2.329601e+05 1.853837e+01 -4.236540e-02 1.190337e+00 1.563698e-04 1.121068e-03
3.743978e+02 2.399806e+00 1.450491e+03 1.000081e+00 2.853920e+05 2.271077e+01 -6.355211e-03 6.384776e-01 1.689736e-04 1.400149e-03
3.860705e+02 2.342937e+00 1.461269e+03 9.630635e-01 2.543617e+05 2.024146e+01 -4.197881e-02 1.476142e+00 1.639432e-04 1.328423e-03
3.981072e+02 2.282870e+00 1.472175e+03 9.519433e-01 2.498066e+05 1.987897e+01 7.744587e-02 7.444602e-01 1.631016e-04 1.339811e-03
4.105191e+02 2.223199e+00 1.484108e+03 1.022964e+00 2.606308e+05 2.074034e+01 8.391876e-02 9.089861e-01 1.754335e-04 1.489121e-03
4.233179e+02 2.171292e+00 1.495717e+03 9.514414e-01 2.349813e+05 1.869922e+01 -1.381178e-02 1.408023e+00 1.661790e-04 1.379199e-03
4.365158e+02 2.109985e+00 1.509226e+03 9.641771e-01 2.208456e+05 1.757434e+01 3.636349e-03 1.189155e+00 1.714866e-04 1.428137e-03
4.501252e+02 2.050697e+00 1.522199e+03 9.774710e-01 2.189124e+05 1.742050e+01 1.432405e-02 1.120364e+00 1.693201e-04 1.481989e-03
4.641589e+02 1.994493e+00 1.536789e+03 1.036868e+00 2.296000e+05 1.827099e+01 3.339205e-02 2.442684e+00 1.735654e-04 1.657826e-03
4.786301e+02 1.935469e+00 1.552336e+03 9.678933e-01 2.218651e+05 1.765547e+01 5.695812e-02 1.374417e+00 1.773948e-04 1.676533e-03
4.935525e+02 1.873786e+00 1.567608e+03 9.713793e-01 2.027330e+05 1.613298e+01 -2.966379e-02 7.595520e-01 1.646870e-04 1.601614e-03
5.089401e+02 1.817335e+00 1.584812e+03 1.012727e+00 2.180652e+05 1.735307e+01 1.624813e-02 1.659643e+00 1.768193e-04 1.914196e-03
5.248075e+02 1.762879e+00 1.602282e+03 9.593638e-01 1.867711e+05 1.486277e+01 4.010353e-02 1.137499e+00 1.702454e-04 1.798141e-03
5.411695e+02 1.711175e+00 1.622588e+03 1.022262e+00 1.918892e+05 1.527006e+01 1.581115e-01 1.050572e+00 1.750162e-04 1.936827e-03
5.580417e+02 1.650206e+00 1.642492e+03 1.012988e+00 1.888338e+05 1.502692e+01 1.315814e-01 1.547945e+00 1.884749e-04 1.984559e-03
5.754399e+02 1.594717e+00 1.663408e+03 1.043708e+00 1.845502e+05 1.468604e+01 -4.889188e-02 1.078291e+00 1.889210e-04 2.159823e-03
5.933806e+02 1.541692e+00 1.687530e+03 9.423580e-01 1.431430e+05 1.139095e+01 -5.210067e-02 2.049348e+00 1.726454e-04 1.744785e-03
6.118806e+02 1.485845e+00 1.712027e+03 8.958542e-01 1.460586e+05 1.162297e+01 7.506055e-02 1.982572e+00 1.642685e-04 1.834939e-03
6.309573e+02 1.435855e+00 1.737999e+03 9.397799e-01 1.447896e+05 1.152199e+01 -4.448550e-02 1.216345e+00 1.707741e-04 2.001975e-03
6.506289e+02 1.382106e+00 1.765603e+03 1.007777e+00 1.404839e+05 1.117935e+01 -1.646164e-03 1.262113e+00 1.578183e-04 2.050390e-03
6.709137e+02 1.330871e+00 1.795309e+03 1.019213e+00 1.458741e+05 1.160829e+01 -5.754180e-02 9.087716e-01 1.642239e-04 2.306935e-03
6.918310e+02 1.282607e+00 1.826040e+03 9.543234e-01 1.373090e+05 1.092670e+01 -4.062368e-02 8.922954e-01 1.789251e-04 2.369745e-03
7.134004e+02 1.235717e+00 1.861056e+03 1.047997e+00 1.356985e+05 1.079855e+01 -2.701348e-02 7.921037e-01 1.639266e-04 2.414083e-03
7.356423e+02 1.191424e+00 1.897041e+03 1.090556e+00 1.477611e+05 1.175845e+01 -1.019905e-01 4.730881e-01 1.653545e-04 2.924074e-03
7.585776e+02 1.145125e+00 1.937216e+03 9.782413e-01 1.222043e+05 9.724706e+00 -1.259379e-01 8.755759e-01 1.532127e-04 2.579131e-03
7.822280e+02 1.094799e+00 1.976438e+03 1.032407e+00 1.185806e+05 9.436342e+00 5.721672e-02 5.583443e-01 1.627415e-04 2.741564e-03
8.066157e+02 1.056023e+00 2.023579e+03 1.112390e+00 1.325180e+05 1.054545e+01 -3.365998e-02 6.588778e-01 1.708462e-04 3.432243e-03
8.317638e+02 1.015591e+00 2.073485e+03 1.052446e+00 1.157708e+05 9.212745e+00 7.371262e-02 6.465007e-01 1.591552e-04 3.185414e-03
8.576959e+02 9.777540e-01 2.127923e+03 9.715631e-01 1.053250e+05 8.381500e+00 2.092594e-02 6.474276e-01 1.569003e-04 3.162803e-03
8.844365e+02 9.414033e-01 2.185722e+03 1.096565e+00 1.168425e+05 9.298027e+00 -1.114440e-01 6.433107e-01 1.641991e-04 3.666451e-03
9.120108e+02 9.036353e-01 2.247423e+03 1.067455e+00 1.058783e+05 8.425531e+00 -8.027547e-02 4.791520e-01 1.558195e-04 3.599966e-03
9.404449e+02 8.666399e-01 2.315915e+03 9.510784e-01 9.228018e+04 7.343423e+00 -2.108625e-02 4.713288e-01 1.510752e-04 3.364727e-03
9.697654e+02 8.388248e-01 2.393363e+03 9.796162e-01 8.774054e+04 6.982170e+00 -7.197097e-02 3.970712e-01 1.400547e-04 3.627900e-03
